2348 2349
2349 2349
2349 2348
2349 2349
2350 2354
2316 2354
2351 2354
1948 2354
1897 2354
1930 2354
2092 2354
1932 2354
2352 2354
1916 2354
1926 2354
1928 2354
1915 2354
1899 2354
1929 2354
1898 2354
2353 2354
2313 2354
2354 2354
2354 1898
2354 1899
2354 1897
2354 1916
2354 1915
2354 1926
2354 1928
2354 1929
2354 1930
2354 1932
2354 1948
2354 2092
2354 2316
2354 2313
2354 2352
2354 2350
2354 2351
2354 2353
2354 2354
2355 2356
1900 2356
2356 2356
2356 1900
2356 2355
2356 2356
1936 2357
1990 2357
2357 2357
2357 1936
2357 1990
2357 2357
2356 2355
2355 2355
2355 2356
2355 2355
2349 2348
2348 2348
2348 2349
2348 2348
1902 2358
2062 2358
2320 2358
2352 2358
2316 2358
2061 2358
2154 2358
2152 2358
1901 2358
2358 2358
2358 1901
2358 1902
2358 2061
2358 2062
2358 2152
2358 2154
2358 2316
2358 2320
2358 2352
2358 2358
1903 2359
2359 2359
2359 1903
2359 2359
1965 2362
2072 2362
2182 2362
2360 2362
1945 2362
1937 2362
1908 2362
2353 2362
1905 2362
1906 2362
1904 2362
2094 2362
1926 2362
2314 2362
2361 2362
2096 2362
1897 2362
1918 2362
1921 2362
2338 2362
1907 2362
2098 2362
2362 2362
2362 1897
2362 1904
2362 1905
2362 1906
2362 1907
2362 1908
2362 1921
2362 1918
2362 1926
2362 1937
2362 1945
2362 1965
2362 2072
2362 2096
2362 2098
2362 2094
2362 2182
2362 2314
2362 2338
2362 2360
2362 2353
2362 2361
2362 2362
2114 2363
1909 2363
2363 2363
2363 1909
2363 2114
2363 2363
2364 2364
2364 2364
2365 2366
2334 2366
1910 2366
2366 2366
2366 1910
2366 2334
2366 2365
2366 2366
2075 2368
1914 2368
2367 2368
2368 2368
2368 1914
2368 2075
2368 2367
2368 2368
1912 2370
1911 2370
2369 2370
2370 2370
2370 1911
2370 1912
2370 2369
2370 2370
2366 2365
2336 2365
2365 2365
2365 2336
2365 2366
2365 2365
1913 2371
2371 2371
2371 1913
2371 2371
2368 2367
2367 2367
2367 2368
2367 2367
1914 2372
2372 2372
2372 1914
2372 2372
2373 2373
2373 2373
2155 2352
2057 2352
1953 2352
1948 2352
1949 2352
2374 2352
1952 2352
2092 2352
1951 2352
1932 2352
1950 2352
1946 2352
1955 2352
1971 2352
1970 2352
1969 2352
1968 2352
1967 2352
2351 2352
1966 2352
1965 2352
2350 2352
1964 2352
1963 2352
2154 2352
1962 2352
1961 2352
1956 2352
1960 2352
1959 2352
1958 2352
1957 2352
1923 2352
1922 2352
1954 2352
2184 2352
2375 2352
1935 2352
1925 2352
1915 2352
1926 2352
1917 2352
1940 2352
1927 2352
2094 2352
1933 2352
2315 2352
1939 2352
1938 2352
1928 2352
1937 2352
2314 2352
2107 2352
2354 2352
2353 2352
1936 2352
2098 2352
1930 2352
1934 2352
2361 2352
2358 2352
2072 2352
1931 2352
2071 2352
2056 2352
1929 2352
1941 2352
1947 2352
2156 2352
2318 2352
1944 2352
1920 2352
2063 2352
1921 2352
2376 2352
2066 2352
1918 2352
1916 2352
2152 2352
1919 2352
2319 2352
1945 2352
1942 2352
2074 2352
1943 2352
2157 2352
2352 2352
2352 1919
2352 1921
2352 1920
2352 1916
2352 1918
2352 1925
2352 1915
2352 1926
2352 1917
2352 1927
2352 1928
2352 1929
2352 1930
2352 1931
2352 1932
2352 1934
2352 1936
2352 1937
2352 1938
2352 1939
2352 1933
2352 1935
2352 1940
2352 1941
2352 1942
2352 1943
2352 1944
2352 1945
2352 1946
2352 1947
2352 1948
2352 1949
2352 1950
2352 1951
2352 1952
2352 1953
2352 1954
2352 1955
2352 1957
2352 1958
2352 1959
2352 1960
2352 1956
2352 1961
2352 1962
2352 1963
2352 1964
2352 1965
2352 1966
2352 1967
2352 1968
2352 1969
2352 1970
2352 1971
2352 1922
2352 1923
2352 2057
2352 2063
2352 2066
2352 2074
2352 2072
2352 2071
2352 2056
2352 2098
2352 2107
2352 2094
2352 2152
2352 2156
2352 2157
2352 2092
2352 2155
2352 2184
2352 2154
2352 2315
2352 2314
2352 2319
2352 2318
2352 2354
2352 2358
2352 2350
2352 2351
2352 2374
2352 2353
2352 2375
2352 2361
2352 2376
2352 2352
1972 2377
2377 2377
2377 1972
2377 2377
1973 2378
2378 2378
2378 1973
2378 2378
2354 2350
2092 2350
2316 2350
2094 2350
2059 2350
2352 2350
2313 2350
2057 2350
2095 2350
2379 2350
2058 2350
2350 2350
2350 2057
2350 2058
2350 2059
2350 2095
2350 2094
2350 2092
2350 2316
2350 2313
2350 2354
2350 2352
2350 2379
2350 2350
2354 2351
1922 2351
2095 2351
2313 2351
1924 2351
2314 2351
2092 2351
2352 2351
2316 2351
2351 2351
2351 1922
2351 1924
2351 2095
2351 2092
2351 2316
2351 2313
2351 2314
2351 2354
2351 2352
2351 2351
2360 2380
1974 2380
1977 2380
2082 2380
1976 2380
1975 2380
2078 2380
2079 2380
2380 2380
2380 1974
2380 1975
2380 1976
2380 1977
2380 2082
2380 2079
2380 2078
2380 2360
2380 2380
2380 2360
2362 2360
2079 2360
2078 2360
1977 2360
2360 2360
2360 1977
2360 2079
2360 2078
2360 2362
2360 2380
2360 2360
2381 2383
2083 2383
2084 2383
2382 2383
2383 2383
2383 2084
2383 2083
2383 2382
2383 2381
2383 2383
1924 2384
2133 2384
1978 2384
1979 2384
2384 2384
2384 1978
2384 1979
2384 1924
2384 2133
2384 2384
1923 2385
1980 2385
2313 2385
2316 2385
2385 2385
2385 1923
2385 1980
2385 2316
2385 2313
2385 2385
2352 2374
1981 2374
2374 2374
2374 1981
2374 2352
2374 2374
1924 2386
2386 2386
2386 1924
2386 2386
1982 2387
2387 2387
2387 1982
2387 2387
1983 2388
2388 2388
2388 1983
2388 2388
2389 2390
2390 2390
2390 2389
2390 2390
2250 2391
2391 2391
2391 2250
2391 2391
2392 2392
2392 2392
2128 2394
1985 2394
2393 2394
2394 2394
2394 1985
2394 2128
2394 2393
2394 2394
1989 2395
2343 2395
2395 2395
2395 1989
2395 2343
2395 2395
2393 2396
2396 2396
2396 2393
2396 2396
1986 2397
2397 2397
2397 1986
2397 2397
2379 2398
2076 2398
2081 2398
2398 2398
2398 2081
2398 2076
2398 2379
2398 2398
1988 2399
1987 2399
2399 2399
2399 1988
2399 1987
2399 2399
2400 2401
1984 2401
1989 2401
1992 2401
1990 2401
2000 2401
2401 2401
2401 1984
2401 1989
2401 1990
2401 1992
2401 2000
2401 2400
2401 2401
1994 2393
1991 2393
2394 2393
2396 2393
2393 2393
2393 1991
2393 1994
2393 2394
2393 2396
2393 2393
1993 2402
1992 2402
2000 2402
2185 2402
2402 2402
2402 1992
2402 1993
2402 2000
2402 2185
2402 2402
2000 2400
2401 2400
1994 2400
2400 2400
2400 1994
2400 2000
2400 2401
2400 2400
2000 2403
1995 2403
1996 2403
2403 2403
2403 1996
2403 1995
2403 2000
2403 2403
1998 2404
1997 2404
2404 2404
2404 1997
2404 1998
2404 2404
1999 2405
2405 2405
2405 1999
2405 2405
2000 2406
2406 2406
2406 2000
2406 2406
2407 2407
2407 2407
2408 2408
2408 2408
2409 2409
2409 2409
2001 2410
2410 2410
2410 2001
2410 2410
2411 2411
2411 2411
2002 2412
2412 2412
2412 2002
2412 2412
2413 2413
2413 2413
2231 2414
2414 2414
2414 2231
2414 2414
2003 2415
2415 2415
2415 2003
2415 2415
2004 2416
2416 2416
2416 2004
2416 2416
2417 2421
2418 2421
2127 2421
2419 2421
2420 2421
2421 2421
2421 2127
2421 2420
2421 2419
2421 2418
2421 2417
2421 2421
2007 2420
2418 2420
2006 2420
2005 2420
2421 2420
2420 2420
2420 2005
2420 2006
2420 2007
2420 2421
2420 2418
2420 2420
2123 2419
2421 2419
2418 2419
2124 2419
2122 2419
2419 2419
2419 2122
2419 2123
2419 2124
2419 2421
2419 2418
2419 2419
2421 2418
2419 2418
2111 2418
2420 2418
2418 2418
2418 2111
2418 2421
2418 2420
2418 2419
2418 2418
2421 2417
2417 2417
2417 2421
2417 2417
2008 2422
2422 2422
2422 2008
2422 2422
2423 2423
2423 2423
2424 2424
2424 2424
2009 2425
2425 2425
2425 2009
2425 2425
2426 2427
2427 2427
2427 2426
2427 2427
2428 2428
2428 2428
2009 2429
2429 2429
2429 2009
2429 2429
2430 2430
2430 2430
2310 2431
2206 2431
2431 2431
2431 2206
2431 2310
2431 2431
2432 2432
2432 2432
2433 2433
2433 2433
2427 2426
2426 2426
2426 2427
2426 2426
2434 2435
2435 2435
2435 2434
2435 2435
2010 2436
2436 2436
2436 2010
2436 2436
2437 2437
2437 2437
2438 2438
2438 2438
2206 2434
2435 2434
2434 2434
2434 2206
2434 2435
2434 2434
2011 2440
2439 2440
2015 2440
2013 2440
2018 2440
2017 2440
2019 2440
2014 2440
2012 2440
2016 2440
2440 2440
2440 2011
2440 2015
2440 2017
2440 2018
2440 2016
2440 2012
2440 2014
2440 2019
2440 2013
2440 2439
2440 2440
2440 2439
2441 2439
2439 2439
2439 2440
2439 2441
2439 2439
2020 2441
2439 2441
2441 2441
2441 2020
2441 2439
2441 2441
2021 2442
2022 2442
2023 2442
2442 2442
2442 2021
2442 2022
2442 2023
2442 2442
2443 2443
2443 2443
2444 2449
2445 2449
2446 2449
2195 2449
2447 2449
2024 2449
2448 2449
2449 2449
2449 2024
2449 2195
2449 2445
2449 2447
2449 2446
2449 2444
2449 2448
2449 2449
2447 2445
2449 2445
2450 2445
2445 2445
2445 2449
2445 2450
2445 2447
2445 2445
2445 2450
2026 2450
2451 2450
2450 2450
2450 2026
2450 2445
2450 2451
2450 2450
2445 2447
2025 2447
2449 2447
2447 2447
2447 2025
2447 2449
2447 2445
2447 2447
2450 2451
2451 2451
2451 2450
2451 2451
2026 2452
2452 2452
2452 2026
2452 2452
2453 2453
2453 2453
2027 2454
2029 2454
2028 2454
2454 2454
2454 2027
2454 2028
2454 2029
2454 2454
2030 2455
2455 2455
2455 2030
2455 2455
2456 2456
2456 2456
2457 2457
2457 2457
2458 2458
2458 2458
2459 2459
2459 2459
2460 2460
2460 2460
2461 2461
2461 2461
2032 2462
2031 2462
2462 2462
2462 2032
2462 2031
2462 2462
2033 2463
2034 2463
2463 2463
2463 2033
2463 2034
2463 2463
2464 2464
2464 2464
2465 2465
2465 2465
2036 2467
2035 2467
2466 2467
2037 2467
2467 2467
2467 2036
2467 2035
2467 2037
2467 2466
2467 2467
2036 2466
2037 2466
2467 2466
2035 2466
2466 2466
2466 2036
2466 2035
2466 2037
2466 2467
2466 2466
2038 2468
2039 2468
2468 2468
2468 2038
2468 2039
2468 2468
2469 2469
2469 2469
2040 2471
2470 2471
2041 2471
2471 2471
2471 2040
2471 2041
2471 2470
2471 2471
2041 2470
2471 2470
2470 2470
2470 2041
2470 2471
2470 2470
2472 2472
2472 2472
2042 2473
2473 2473
2473 2042
2473 2473
2043 2474
2474 2474
2474 2043
2474 2474
2475 2475
2475 2475
2044 2476
2476 2476
2476 2044
2476 2476
2477 2477
2477 2477
2045 2478
2478 2478
2478 2045
2478 2478
2046 2479
2479 2479
2479 2046
2479 2479
2480 2480
2480 2480
2481 2481
2481 2481
2282 2482
2292 2482
2048 2482
2047 2482
2482 2482
2482 2047
2482 2048
2482 2292
2482 2282
2482 2482
2049 2483
2483 2483
2483 2049
2483 2483
2050 2484
2484 2484
2484 2050
2484 2484
2485 2485
2485 2485
2486 2486
2486 2486
2487 2488
2488 2488
2488 2487
2488 2488
2488 2487
2487 2487
2487 2488
2487 2487
2489 2490
2490 2490
2490 2489
2490 2490
2490 2489
2489 2489
2489 2490
2489 2489
2491 2491
2491 2491
2492 2492
2492 2492
2051 2493
2493 2493
2493 2051
2493 2493
2494 2494
2494 2494
2052 2495
2495 2495
2495 2052
2495 2495
2053 2496
2496 2496
2496 2053
2496 2496
2053 2497
2497 2497
2497 2053
2497 2497
2054 2498
2498 2498
2498 2054
2498 2498
2055 2499
2499 2499
2499 2055
2499 2499
2163 2500
2500 2500
2500 2163
2500 2500
2362 2353
2092 2353
2316 2353
2093 2353
2313 2353
2065 2353
2108 2353
2320 2353
2095 2353
2354 2353
2379 2353
2059 2353
2060 2353
2058 2353
2057 2353
2352 2353
2353 2353
2353 2057
2353 2058
2353 2059
2353 2060
2353 2095
2353 2108
2353 2065
2353 2093
2353 2092
2353 2316
2353 2313
2353 2320
2353 2354
2353 2362
2353 2352
2353 2379
2353 2353
2061 2501
2320 2501
2345 2501
2063 2501
2344 2501
2501 2501
2501 2061
2501 2063
2501 2320
2501 2344
2501 2345
2501 2501
2352 2375
2313 2375
2375 2375
2375 2313
2375 2352
2375 2375
2381 2502
2382 2502
2502 2502
2502 2382
2502 2381
2502 2502
2135 2446
2444 2446
2369 2446
2449 2446
2335 2446
2446 2446
2446 2135
2446 2335
2446 2449
2446 2444
2446 2369
2446 2446
2446 2444
2449 2444
2369 2444
2335 2444
2448 2444
2444 2444
2444 2335
2444 2449
2444 2446
2444 2448
2444 2369
2444 2444
2369 2448
2449 2448
2444 2448
2448 2448
2448 2449
2448 2444
2448 2369
2448 2448
2335 2503
2503 2503
2503 2335
2503 2503
2066 2361
2063 2361
2067 2361
2064 2361
2070 2361
2313 2361
2362 2361
2068 2361
2352 2361
2069 2361
2361 2361
2361 2063
2361 2064
2361 2066
2361 2067
2361 2068
2361 2069
2361 2070
2361 2313
2361 2362
2361 2352
2361 2361
2370 2369
2195 2369
2448 2369
2444 2369
2446 2369
2369 2369
2369 2195
2369 2370
2369 2446
2369 2444
2369 2448
2369 2369
2074 2505
2072 2505
2504 2505
2062 2505
2073 2505
2075 2505
2090 2505
2071 2505
2505 2505
2505 2074
2505 2073
2505 2075
2505 2072
2505 2071
2505 2090
2505 2062
2505 2504
2505 2505
2506 2506
2506 2506
2087 2382
2085 2382
2083 2382
2081 2382
2084 2382
2379 2382
2502 2382
2383 2382
2080 2382
2082 2382
2086 2382
2382 2382
2382 2080
2382 2081
2382 2082
2382 2084
2382 2083
2382 2086
2382 2085
2382 2087
2382 2383
2382 2502
2382 2379
2382 2382
2383 2381
2379 2381
2083 2381
2081 2381
2086 2381
2085 2381
2087 2381
2502 2381
2084 2381
2082 2381
2080 2381
2381 2381
2381 2080
2381 2081
2381 2082
2381 2084
2381 2083
2381 2086
2381 2085
2381 2087
2381 2383
2381 2502
2381 2379
2381 2381
2072 2507
2071 2507
2056 2507
2088 2507
2096 2507
2094 2507
2507 2507
2507 2072
2507 2071
2507 2056
2507 2088
2507 2096
2507 2094
2507 2507
2089 2504
2091 2504
2090 2504
2505 2504
2504 2504
2504 2090
2504 2089
2504 2091
2504 2505
2504 2504
2096 2376
2352 2376
2095 2376
2376 2376
2376 2095
2376 2096
2376 2352
2376 2376
2140 2508
2139 2508
2098 2508
2100 2508
2099 2508
2508 2508
2508 2098
2508 2100
2508 2099
2508 2139
2508 2140
2508 2508
2509 2509
2509 2509
2101 2389
2390 2389
2389 2389
2389 2101
2389 2390
2389 2389
2104 2510
2103 2510
2510 2510
2510 2104
2510 2103
2510 2510
2105 2511
2106 2511
2511 2511
2511 2105
2511 2106
2511 2511
2107 2512
2512 2512
2512 2107
2512 2512
2513 2513
2513 2513
2103 2514
2514 2514
2514 2103
2514 2514
2382 2379
2398 2379
2094 2379
2079 2379
2076 2379
2350 2379
2078 2379
2381 2379
2353 2379
2077 2379
2379 2379
2379 2094
2379 2079
2379 2076
2379 2077
2379 2078
2379 2350
2379 2398
2379 2353
2379 2382
2379 2381
2379 2379
