2045 2045
2045 2045
2046 2046
2046 2046
1700 2047
2047 2047
2047 1700
2047 2047
2048 2048
2048 2048
1781 2049
2049 2049
2049 1781
2049 2049
2050 2050
2050 2050
1703 2051
1702 2051
1701 2051
2051 2051
2051 1702
2051 1701
2051 1703
2051 2051
2052 2052
2052 2052
2053 2053
2053 2053
1704 2054
2054 2054
2054 1704
2054 2054
2055 2055
2055 2055
1871 2057
2056 2057
1915 2057
1920 2057
1921 2057
2057 2057
2057 1871
2057 1921
2057 1920
2057 1915
2057 2056
2057 2057
1705 2058
2058 2058
2058 1705
2058 2058
2059 2059
2059 2059
2060 2060
2060 2060
1927 2061
2061 2061
2061 1927
2061 2061
1932 2063
2062 2063
1870 2063
2063 2063
2063 1870
2063 1932
2063 2062
2063 2063
1707 2064
1706 2064
1981 2064
2064 2064
2064 1706
2064 1707
2064 1981
2064 2064
1708 2066
2065 2066
2066 2066
2066 1708
2066 2065
2066 2066
1709 2067
1981 2067
2067 2067
2067 1709
2067 1981
2067 2067
1911 2068
2068 2068
2068 1911
2068 2068
2069 2069
2069 2069
2070 2070
2070 2070
2071 2074
2072 2074
2073 2074
2074 2074
2074 2073
2074 2072
2074 2071
2074 2074
1759 2073
2071 2073
2074 2073
2072 2073
2073 2073
2073 1759
2073 2074
2073 2072
2073 2071
2073 2073
2075 2075
2075 2075
2076 2080
2077 2080
2078 2080
1711 2080
1977 2080
1975 2080
2079 2080
1710 2080
2080 2080
2080 1710
2080 1711
2080 1975
2080 1977
2080 2079
2080 2076
2080 2077
2080 2078
2080 2080
2078 2081
2076 2081
2079 2081
1721 2081
2081 2081
2081 1721
2081 2079
2081 2076
2081 2078
2081 2081
2079 2082
2078 2082
2082 2082
2082 2079
2082 2078
2082 2082
2083 2084
2084 2084
2084 2083
2084 2084
2084 2083
2083 2083
2083 2084
2083 2083
2085 2086
2086 2086
2086 2085
2086 2086
2086 2085
2085 2085
2085 2086
2085 2085
2087 2087
2087 2087
2071 2072
2073 2072
1782 2072
2074 2072
2072 2072
2072 1782
2072 2074
2072 2073
2072 2071
2072 2072
2073 2071
2074 2071
2072 2071
2071 2071
2071 2074
2071 2073
2071 2072
2071 2071
1712 2056
1931 2056
2057 2056
1873 2056
1919 2056
2056 2056
2056 1712
2056 1873
2056 1919
2056 1931
2056 2057
2056 2056
1713 2088
2088 2088
2088 1713
2088 2088
2089 2090
2090 2090
2090 2089
2090 2090
2090 2089
2089 2089
2089 2090
2089 2089
2091 2091
2091 2091
1921 2095
1920 2095
2092 2095
2093 2095
1940 2095
1871 2095
2094 2095
2095 2095
2095 1871
2095 1921
2095 1920
2095 1940
2095 2094
2095 2093
2095 2092
2095 2095
2096 2096
2096 2096
1918 2098
2097 2098
2098 2098
2098 1918
2098 2097
2098 2098
1714 2100
2099 2100
2100 2100
2100 1714
2100 2099
2100 2100
2100 2099
2099 2099
2099 2100
2099 2099
2101 2101
2101 2101
2102 2104
2103 2104
2104 2104
2104 2103
2104 2102
2104 2104
1717 2105
1716 2105
1718 2105
2105 2105
2105 1717
2105 1718
2105 1716
2105 2105
1719 2106
2106 2106
2106 1719
2106 2106
1720 2107
2107 2107
2107 1720
2107 2107
1917 2094
2095 2094
2108 2094
2092 2094
2094 2094
2094 1917
2094 2095
2094 2108
2094 2092
2094 2094
2081 2079
2080 2079
2082 2079
1977 2079
1782 2079
2079 2079
2079 1782
2079 1977
2079 2080
2079 2081
2079 2082
2079 2079
1907 2076
2077 2076
2081 2076
2080 2076
1721 2076
2076 2076
2076 1721
2076 1907
2076 2080
2076 2081
2076 2077
2076 2076
2076 2077
2080 2077
1977 2077
2077 2077
2077 1977
2077 2080
2077 2076
2077 2077
1722 2109
2109 2109
2109 1722
2109 2109
1723 2110
2110 2110
2110 1723
2110 2110
2111 2111
2111 2111
2112 2113
1726 2113
2113 2113
2113 1726
2113 2112
2113 2113
2112 2114
2114 2114
2114 2112
2114 2114
1724 2115
1732 2115
1725 2115
2115 2115
2115 1724
2115 1725
2115 1732
2115 2115
1726 2112
2113 2112
2114 2112
2112 2112
2112 1726
2112 2113
2112 2114
2112 2112
1727 2116
1728 2116
2116 2116
2116 1727
2116 1728
2116 2116
1730 2117
1729 2117
2117 2117
2117 1730
2117 1729
2117 2117
1731 2118
2118 2118
2118 1731
2118 2118
1732 2119
2119 2119
2119 1732
2119 2119
1736 2120
1737 2120
1738 2120
1734 2120
1735 2120
1733 2120
2120 2120
2120 1733
2120 1734
2120 1735
2120 1736
2120 1737
2120 1738
2120 2120
1740 2121
1739 2121
1741 2121
2121 2121
2121 1739
2121 1740
2121 1741
2121 2121
1742 2122
2122 2122
2122 1742
2122 2122
1742 2123
2123 2123
2123 1742
2123 2123
1742 2124
2124 2124
2124 1742
2124 2124
2125 2125
2125 2125
2126 2126
2126 2126
2127 2127
2127 2127
1939 2128
1670 2128
1672 2128
1996 2128
1743 2128
1744 2128
1669 2128
1745 2128
1995 2128
1673 2128
2128 2128
2128 1670
2128 1673
2128 1669
2128 1672
2128 1743
2128 1744
2128 1745
2128 1939
2128 1996
2128 1995
2128 2128
1885 2129
2129 2129
2129 1885
2129 2129
1746 2130
2130 2130
2130 1746
2130 2130
2131 2131
2131 2131
1891 2132
1747 2132
1893 2132
2132 2132
2132 1747
2132 1891
2132 1893
2132 2132
2133 2133
2133 2133
2134 2135
2135 2135
2135 2134
2135 2135
1751 2136
1748 2136
1750 2136
1752 2136
1749 2136
2136 2136
2136 1748
2136 1750
2136 1751
2136 1749
2136 1752
2136 2136
1890 2137
2137 2137
2137 1890
2137 2137
1754 2138
1753 2138
2138 2138
2138 1753
2138 1754
2138 2138
2139 2139
2139 2139
2140 2140
2140 2140
2141 2141
2141 2141
1871 2108
2093 2108
2062 2108
1940 2108
2094 2108
1920 2108
1921 2108
2108 2108
2108 1871
2108 1921
2108 1920
2108 1940
2108 2094
2108 2062
2108 2093
2108 2108
2063 2062
2142 2062
1927 2062
2108 2062
2143 2062
2062 2062
2062 1927
2062 2063
2062 2108
2062 2143
2062 2142
2062 2062
1921 2143
1871 2143
2062 2143
1920 2143
2143 2143
2143 1871
2143 1921
2143 1920
2143 2062
2143 2143
2066 2065
2065 2065
2065 2066
2065 2065
2104 2103
2103 2103
2103 2104
2103 2103
2104 2102
2102 2102
2102 2104
2102 2102
2062 2142
2142 2142
2142 2062
2142 2142
2144 2144
2144 2144
2145 2145
2145 2145
2081 2078
2080 2078
1782 2078
2082 2078
2078 2078
2078 1782
2078 2080
2078 2081
2078 2082
2078 2078
1755 2146
2146 2146
2146 1755
2146 2146
2098 2097
2097 2097
2097 2098
2097 2097
2033 2147
1903 2147
2147 2147
2147 1903
2147 2033
2147 2147
1757 2148
1756 2148
2148 2148
2148 1756
2148 1757
2148 2148
1758 2149
2149 2149
2149 1758
2149 2149
2150 2150
2150 2150
1920 2093
2108 2093
1759 2093
1760 2093
2095 2093
1921 2093
2093 2093
2093 1759
2093 1760
2093 1921
2093 1920
2093 2095
2093 2108
2093 2093
2151 2152
1923 2152
2152 2152
2152 1923
2152 2151
2152 2152
2153 2156
2154 2156
2155 2156
2156 2156
2156 2153
2156 2155
2156 2154
2156 2156
1941 2157
1904 2157
2157 2157
2157 1904
2157 1941
2157 2157
2158 2158
2158 2158
1776 2153
2156 2153
2153 2153
2153 1776
2153 2156
2153 2153
1761 2159
2159 2159
2159 1761
2159 2159
2135 2134
2134 2134
2134 2135
2134 2134
2160 2161
1762 2161
1715 2161
2161 2161
2161 1715
2161 1762
2161 2160
2161 2161
1716 2162
2162 2162
2162 1716
2162 2162
2161 2160
2160 2160
2160 2161
2160 2160
2163 2163
2163 2163
1763 2164
2164 2164
2164 1763
2164 2164
2165 2165
2165 2165
1764 2166
2166 2166
2166 1764
2166 2166
1765 2167
1766 2167
1767 2167
2167 2167
2167 1765
2167 1766
2167 1767
2167 2167
1767 2168
1768 2168
2168 2168
2168 1767
2168 1768
2168 2168
1772 2169
1769 2169
1771 2169
2169 2169
2169 1771
2169 1769
2169 1772
2169 2169
2170 2171
2171 2171
2171 2170
2171 2171
2171 2170
2170 2170
2170 2171
2170 2170
2172 2172
2172 2172
1770 2173
2173 2173
2173 1770
2173 2173
1950 2174
2174 2174
2174 1950
2174 2174
1773 2175
2175 2175
2175 1773
2175 2175
2176 2176
2176 2176
2177 2177
2177 2177
2095 2092
2094 2092
1937 2092
1924 2092
1916 2092
1922 2092
2092 2092
2092 1916
2092 1937
2092 1922
2092 1924
2092 2095
2092 2094
2092 2092
1774 2178
2178 2178
2178 1774
2178 2178
2152 2151
2151 2151
2151 2152
2151 2151
1775 2179
2179 2179
2179 1775
2179 2179
2180 2180
2180 2180
2181 2181
2181 2181
2156 2155
1873 2155
1776 2155
1777 2155
2155 2155
2155 1776
2155 1777
2155 1873
2155 2156
2155 2155
2182 2184
2183 2184
2184 2184
2184 2183
2184 2182
2184 2184
2185 2185
2185 2185
1778 2154
2156 2154
1780 2154
1947 2154
1967 2154
1779 2154
2154 2154
2154 1778
2154 1779
2154 1780
2154 1947
2154 1967
2154 2156
2154 2154
2186 2187
1781 2187
2187 2187
2187 1781
2187 2186
2187 2187
2186 2188
2188 2188
2188 2186
2188 2188
2184 2183
2182 2183
2183 2183
2183 2184
2183 2182
2183 2183
2189 2182
2184 2182
2183 2182
2182 2182
2182 2184
2182 2183
2182 2189
2182 2182
2186 2190
2190 2190
2190 2186
2190 2190
2186 2189
2182 2189
2189 2189
2189 2182
2189 2186
2189 2189
2187 2186
2190 2186
1783 2186
2189 2186
2188 2186
1782 2186
2186 2186
2186 1782
2186 1783
2186 2187
2186 2188
2186 2190
2186 2189
2186 2186
