1909 1909
1909 1909
1910 1910
1910 1910
1536 1911
1911 1911
1911 1536
1911 1911
1912 1912
1912 1912
1708 1913
1913 1913
1913 1708
1913 1913
1914 1914
1914 1914
1915 1919
1916 1919
1917 1919
1918 1919
1661 1919
1638 1919
1538 1919
1637 1919
1639 1919
1919 1919
1919 1538
1919 1637
1919 1638
1919 1639
1919 1661
1919 1916
1919 1918
1919 1915
1919 1917
1919 1919
1920 1921
1921 1921
1921 1920
1921 1921
1871 1920
1921 1920
1920 1920
1920 1871
1920 1921
1920 1920
1869 1916
1922 1916
1640 1916
1919 1916
1916 1916
1916 1640
1916 1869
1916 1919
1916 1922
1916 1916
1661 1918
1923 1918
1919 1918
1918 1918
1918 1661
1918 1919
1918 1923
1918 1918
1642 1925
1641 1925
1643 1925
1644 1925
1924 1925
1886 1925
1925 1925
1925 1642
1925 1641
1925 1643
1925 1644
1925 1886
1925 1924
1925 1925
1917 1915
1919 1915
1541 1915
1915 1915
1915 1541
1915 1919
1915 1917
1915 1915
1646 1926
1645 1926
1647 1926
1923 1926
1926 1926
1926 1646
1926 1647
1926 1645
1926 1923
1926 1926
1919 1917
1648 1917
1915 1917
1917 1917
1917 1648
1917 1919
1917 1915
1917 1917
1710 1927
1927 1927
1927 1710
1927 1927
1897 1928
1928 1928
1928 1897
1928 1928
1897 1929
1929 1929
1929 1897
1929 1929
1897 1930
1930 1930
1930 1897
1930 1930
1543 1931
1650 1931
1649 1931
1648 1931
1931 1931
1931 1543
1931 1648
1931 1649
1931 1650
1931 1931
1906 1932
1932 1932
1932 1906
1932 1932
1933 1934
1651 1934
1934 1934
1934 1651
1934 1933
1934 1934
1935 1936
1936 1936
1936 1935
1936 1936
1937 1937
1937 1937
1652 1938
1938 1938
1938 1652
1938 1938
1672 1939
1673 1939
1939 1939
1939 1673
1939 1672
1939 1939
1899 1933
1934 1933
1923 1933
1933 1933
1933 1899
1933 1934
1933 1923
1933 1933
1936 1935
1653 1935
1935 1935
1935 1653
1935 1936
1935 1935
1940 1940
1940 1940
1904 1941
1941 1941
1941 1904
1941 1941
1546 1942
1942 1942
1942 1546
1942 1942
1655 1943
1654 1943
1943 1943
1943 1654
1943 1655
1943 1943
1944 1944
1944 1944
1660 1945
1945 1945
1945 1660
1945 1945
1946 1946
1946 1946
1656 1947
1947 1947
1947 1656
1947 1947
1948 1948
1948 1948
1657 1949
1949 1949
1949 1657
1949 1949
1950 1950
1950 1950
1548 1951
1951 1951
1951 1548
1951 1951
1952 1952
1952 1952
1953 1953
1953 1953
1548 1954
1954 1954
1954 1548
1954 1954
1955 1955
1955 1955
1956 1957
1957 1957
1957 1956
1957 1957
1658 1958
1958 1958
1958 1658
1958 1958
1547 1959
1959 1959
1959 1547
1959 1959
1659 1960
1960 1960
1960 1659
1960 1960
1957 1956
1956 1956
1956 1957
1956 1956
1961 1961
1961 1961
1660 1962
1962 1962
1962 1660
1962 1962
1963 1963
1963 1963
1548 1964
1964 1964
1964 1548
1964 1964
1965 1965
1965 1965
1966 1966
1966 1966
1967 1967
1967 1967
1968 1968
1968 1968
1969 1969
1969 1969
1970 1970
1970 1970
1971 1971
1971 1971
1770 1972
1972 1972
1972 1770
1972 1972
1973 1973
1973 1973
1916 1922
1922 1922
1922 1916
1922 1922
1974 1974
1974 1974
1755 1975
1975 1975
1975 1755
1975 1975
1976 1976
1976 1976
1977 1977
1977 1977
1924 1978
1874 1978
1978 1978
1978 1874
1978 1924
1978 1978
1549 1979
1979 1979
1979 1549
1979 1979
1872 1923
1869 1923
1933 1923
1662 1923
1645 1923
1926 1923
1905 1923
1918 1923
1661 1923
1923 1923
1923 1661
1923 1645
1923 1662
1923 1869
1923 1872
1923 1905
1923 1918
1923 1926
1923 1933
1923 1923
1551 1980
1980 1980
1980 1551
1980 1980
1981 1981
1981 1981
1925 1924
1553 1924
1663 1924
1978 1924
1924 1924
1924 1553
1924 1663
1924 1925
1924 1978
1924 1924
1982 1982
1982 1982
1983 1983
1983 1983
1665 1985
1666 1985
1669 1985
1664 1985
1984 1985
1745 1985
1555 1985
1985 1985
1985 1555
1985 1664
1985 1666
1985 1665
1985 1669
1985 1745
1985 1984
1985 1985
1986 1986
1986 1986
1987 1988
1988 1988
1988 1987
1988 1988
1988 1987
1987 1987
1987 1988
1987 1987
1985 1984
1984 1984
1984 1985
1984 1984
1989 1989
1989 1989
1990 1990
1990 1990
1667 1991
1668 1991
1991 1991
1991 1667
1991 1668
1991 1991
1992 1992
1992 1992
1993 1993
1993 1993
1665 1994
1994 1994
1994 1665
1994 1994
1743 1996
1675 1996
1671 1996
1676 1996
1995 1996
1674 1996
1996 1996
1996 1671
1996 1675
1996 1674
1996 1676
1996 1743
1996 1995
1996 1996
1674 1995
1676 1995
1996 1995
1995 1995
1995 1674
1995 1676
1995 1996
1995 1995
1677 1997
1678 1997
1997 1997
1997 1677
1997 1678
1997 1997
1998 1998
1998 1998
1680 1999
1679 1999
1999 1999
1999 1679
1999 1680
1999 1999
2000 2000
2000 2000
2001 2001
2001 2001
2002 2002
2002 2002
2003 2003
2003 2003
2004 2004
2004 2004
1681 2005
2005 2005
2005 1681
2005 2005
1682 2006
2006 2006
2006 1682
2006 2006
1683 2007
2007 2007
2007 1683
2007 2007
1684 2008
2008 2008
2008 1684
2008 2008
1685 2009
2009 2009
2009 1685
2009 2009
2010 2010
2010 2010
1687 2011
1688 2011
1689 2011
1686 2011
2011 2011
2011 1686
2011 1687
2011 1688
2011 1689
2011 2011
2012 2015
2013 2015
2014 2015
2015 2015
2015 2012
2015 2014
2015 2013
2015 2015
2016 2017
1690 2017
2017 2017
2017 1690
2017 2016
2017 2017
1693 2018
1692 2018
1691 2018
2018 2018
2018 1693
2018 1692
2018 1691
2018 2018
1694 2016
2017 2016
2016 2016
2016 1694
2016 2017
2016 2016
2015 2012
2019 2012
2012 2012
2012 2015
2012 2019
2012 2012
2015 2014
2014 2014
2014 2015
2014 2014
2012 2019
2019 2019
2019 2012
2019 2019
2015 2013
2013 2013
2013 2015
2013 2013
2020 2020
2020 2020
2021 2021
2021 2021
2022 2022
2022 2022
2023 2023
2023 2023
2024 2024
2024 2024
2025 2025
2025 2025
2026 2026
2026 2026
1695 2027
2027 2027
2027 1695
2027 2027
2028 2028
2028 2028
2029 2029
2029 2029
2030 2030
2030 2030
1696 2032
2031 2032
1697 2032
2032 2032
2032 1696
2032 1697
2032 2031
2032 2032
2032 2031
2031 2031
2031 2032
2031 2031
2033 2033
2033 2033
2034 2034
2034 2034
2035 2036
2036 2036
2036 2035
2036 2036
2036 2035
2035 2035
2035 2036
2035 2035
2037 2037
2037 2037
2038 2038
2038 2038
2039 2039
2039 2039
2040 2040
2040 2040
1699 2041
1698 2041
2041 2041
2041 1698
2041 1699
2041 2041
2042 2042
2042 2042
2043 2043
2043 2043
2044 2044
2044 2044
