2 0
3 1
1 2
0 3
6 4
5 5
4 6
7 7
8 8
9 9
10 10
11 11
12 12
13 13
14 14
15 15
16 16
17 17
18 18
19 19
20 20
21 21
22 22
23 23
25 24
26 25
24 26
27 27
28 28
29 29
30 30
31 31
32 32
33 33
35 34
36 35
34 36
39 37
38 38
37 39
40 40
41 41
42 42
43 43
46 44
45 45
44 46
47 47
48 48
49 49
50 50
51 51
52 52
53 53
54 54
55 55
57 56
59 57
56 58
61 59
60 60
58 61
62 62
63 63
64 64
65 65
67 66
68 67
66 68
69 69
71 70
72 71
70 72
73 73
74 74
75 75
77 76
78 77
76 78
79 79
80 80
81 81
84 82
83 83
82 84
85 85
86 86
87 87
88 88
90 89
91 90
89 91
92 92
96 93
94 94
95 95
93 96
97 97
98 98
99 99
100 100
101 101
102 102
105 103
104 104
103 105
106 106
108 107
109 108
107 109
110 110
112 111
111 112
114 113
113 114
115 115
116 116
118 117
119 118
117 119
120 120
122 121
121 122
124 123
123 124
126 125
125 126
128 127
127 128
130 129
129 130
131 131
133 132
132 133
134 134
136 135
135 136
137 137
139 138
138 139
141 140
140 141
143 142
144 143
142 144
145 145
147 146
146 147
150 148
149 149
148 150
151 151
152 152
153 153
155 154
156 155
154 156
157 157
159 158
158 159
160 160
162 161
161 162
164 163
163 164
166 165
165 166
168 167
167 168
170 169
169 170
172 171
171 172
174 173
173 174
176 175
175 176
178 177
177 178
180 179
179 180
182 181
181 182
183 183
184 184
186 185
185 186
188 187
187 188
190 189
189 190
192 191
191 192
194 193
193 194
196 195
195 196
198 197
197 198
200 199
199 200
202 201
201 202
204 203
205 204
203 205
206 206
207 207
209 208
208 209
211 210
210 211
212 212
214 213
213 214
216 215
215 216
218 217
217 218
220 219
219 220
221 221
223 222
222 223
224 224
227 225
226 226
225 227
228 228
229 229
230 230
232 231
233 232
231 233
235 234
234 235
236 236
238 237
237 238
240 239
239 240
242 241
241 242
244 243
243 244
245 245
247 246
246 247
249 248
248 249
251 250
250 251
253 252
252 253
255 254
254 255
256 256
258 257
257 258
260 259
259 260
261 261
262 262
264 263
263 264
265 265
266 266
268 267
267 268
270 269
269 270
272 271
271 272
274 273
273 274
276 275
275 276
278 277
277 278
280 279
279 280
282 281
281 282
284 283
283 284
286 285
285 286
288 287
287 288
289 289
291 290
290 291
293 292
292 293
296 294
294 295
295 296
297 297
301 298
298 299
299 300
300 301
302 302
303 303
304 304
305 305
306 306
308 307
307 308
309 309
311 310
310 311
313 312
312 313
315 314
314 315
316 316
318 317
317 318
320 319
319 320
322 321
321 322
324 323
323 324
326 325
325 326
328 327
327 328
330 329
329 330
331 331
333 332
332 333
334 334
336 335
335 336
338 337
337 338
339 339
341 340
340 341
343 342
342 343
345 344
344 345
347 346
346 347
351 348
350 349
348 350
352 351
349 352
353 353
356 354
354 355
355 356
357 357
359 358
358 359
361 360
360 361
363 362
362 363
364 364
365 365
367 366
366 367
369 368
368 369
371 370
370 371
372 372
375 373
373 374
374 375
376 376
378 377
377 378
379 379
381 380
380 381
383 382
382 383
385 384
384 385
387 386
386 387
388 388
390 389
389 390
392 391
391 392
394 393
393 394
396 395
395 396
399 397
397 398
398 399
400 400
401 401
403 402
402 403
405 404
404 405
407 406
406 407
409 408
408 409
411 410
410 411
413 412
412 413
415 414
414 415
417 416
416 417
419 418
418 419
421 420
420 421
422 422
424 423
423 424
427 425
426 426
425 427
428 428
431 429
430 430
429 431
432 432
434 433
433 434
436 435
435 436
437 437
439 438
438 439
441 440
440 441
443 442
442 443
445 444
446 445
444 446
447 447
449 448
448 449
450 450
452 451
451 452
454 453
453 454
456 455
455 456
458 457
457 458
459 459
461 460
462 461
460 462
463 463
465 464
464 465
466 466
468 467
467 468
470 469
469 470
472 471
471 472
473 473
475 474
474 475
477 476
476 477
478 478
480 479
479 480
481 481
483 482
482 483
484 484
485 485
486 486
488 487
487 488
490 489
489 490
492 491
491 492
494 493
493 494
497 495
495 496
496 497
498 498
499 499
501 500
500 501
503 502
502 503
505 504
504 505
507 506
506 507
508 508
510 509
509 510
512 511
511 512
513 513
515 514
514 515
517 516
516 517
518 518
520 519
519 520
522 521
521 522
524 523
523 524
526 525
525 526
530 527
527 528
528 529
529 530
531 531
533 532
532 533
535 534
534 535
537 536
536 537
540 538
539 539
538 540
541 541
543 542
542 543
545 544
544 545
547 546
546 547
548 548
550 549
549 550
552 551
551 552
554 553
553 554
556 555
555 556
557 557
559 558
558 559
561 560
560 561
563 562
562 563
565 564
564 565
566 566
567 567
569 568
568 569
571 570
570 571
573 572
572 573
574 574
576 575
575 576
578 577
579 578
577 579
580 580
582 581
581 582
584 583
583 584
586 585
585 586
587 587
589 588
588 589
591 590
590 591
593 592
592 593
594 594
595 595
597 596
596 597
599 598
598 599
601 600
600 601
603 602
605 603
602 604
606 605
607 606
604 607
608 608
609 609
610 610
611 611
613 612
612 613
615 614
614 615
617 616
616 617
618 618
620 619
619 620
621 621
624 622
622 623
623 624
626 625
625 626
629 627
627 628
628 629
630 630
632 631
631 632
633 633
636 634
634 635
635 636
637 637
639 638
638 639
640 640
642 641
641 642
644 643
643 644
646 645
645 646
651 647
647 648
652 649
648 650
653 651
649 652
654 653
650 654
656 655
657 656
658 657
655 658
659 659
660 660
662 661
661 662
663 663
665 664
664 665
667 666
666 667
668 668
670 669
669 670
672 671
671 672
676 673
673 674
674 675
675 676
677 677
679 678
678 679
681 680
680 681
683 682
682 683
685 684
684 685
687 686
686 687
688 688
691 689
689 690
692 691
690 692
693 693
694 694
695 695
697 696
696 697
699 698
698 699
701 700
700 701
702 702
704 703
706 704
703 705
705 706
707 707
709 708
708 709
711 710
710 711
713 712
712 713
715 714
714 715
718 716
716 717
717 718
719 719
722 720
720 721
721 722
723 723
725 724
724 725
727 726
726 727
729 728
728 729
730 730
732 731
731 732
734 733
733 734
736 735
735 736
737 737
739 738
738 739
740 740
742 741
741 742
744 743
745 744
743 745
750 746
747 747
746 748
748 749
749 750
751 751
755 752
752 753
756 754
753 755
757 756
754 757
759 758
758 759
760 760
762 761
761 762
764 763
763 764
766 765
765 766
768 767
767 768
769 769
773 770
770 771
771 772
774 773
772 774
775 775
776 776
777 777
778 778
780 779
779 780
782 781
781 782
783 783
786 784
784 785
785 786
787 787
789 788
788 789
791 790
790 791
793 792
792 793
795 794
794 795
797 796
796 797
799 798
798 799
800 800
802 801
801 802
804 803
803 804
806 805
805 806
808 807
807 808
810 809
809 810
812 811
811 812
814 813
813 814
816 815
815 816
818 817
817 818
819 819
821 820
820 821
822 822
824 823
823 824
826 825
825 826
828 827
827 828
830 829
829 830
831 831
833 832
832 833
845 834
835 835
834 836
836 837
837 838
838 839
839 840
840 841
846 842
841 843
847 844
842 845
848 846
843 847
844 848
849 849
850 850
851 851
853 852
852 853
855 854
854 855
857 856
856 857
859 858
858 859
861 860
860 861
862 862
866 863
865 864
864 865
863 866
869 867
867 868
868 869
870 870
872 871
871 872
874 873
873 874
876 875
875 876
879 877
877 878
881 879
880 880
878 881
882 882
884 883
883 884
885 885
886 886
892 887
891 888
887 889
888 890
893 891
889 892
890 893
894 894
895 895
896 896
897 897
899 898
898 899
901 900
900 901
902 902
904 903
903 904
907 905
910 906
906 907
905 908
908 909
909 910
911 911
913 912
912 913
914 914
916 915
915 916
918 917
917 918
920 919
919 920
922 921
921 922
924 923
923 924
926 925
925 926
927 927
929 928
928 929
931 930
930 931
933 932
932 933
935 934
934 935
936 936
937 937
939 938
938 939
942 940
940 941
941 942
943 943
945 944
944 945
947 946
946 947
949 948
948 949
950 950
951 951
954 952
955 953
953 954
952 955
956 956
958 957
957 958
960 959
959 960
962 961
961 962
964 963
963 964
966 965
965 966
968 967
967 968
970 969
969 970
972 971
971 972
974 973
973 974
976 975
975 976
978 977
977 978
980 979
979 980
982 981
981 982
984 983
983 984
986 985
985 986
987 987
989 988
988 989
991 990
990 991
993 992
992 993
995 994
994 995
996 996
998 997
997 998
999 999
1001 1000
1000 1001
1002 1002
1005 1003
1003 1004
1006 1005
1004 1006
1007 1007
1009 1008
1008 1009
1010 1010
1013 1011
1011 1012
1012 1013
1014 1014
1017 1015
1015 1016
1016 1017
1018 1018
1020 1019
1019 1020
1022 1021
1021 1022
1024 1023
1023 1024
1025 1025
1027 1026
1026 1027
1029 1028
1030 1029
1028 1030
1031 1031
1033 1032
1032 1033
1035 1034
1034 1035
1038 1036
1036 1037
1037 1038
1039 1039
1041 1040
1040 1041
1043 1042
1042 1043
1044 1044
1046 1045
1045 1046
1048 1047
1047 1048
1049 1049
1051 1050
1050 1051
1052 1052
1053 1053
1055 1054
1054 1055
1057 1056
1056 1057
1059 1058
1058 1059
1061 1060
1060 1061
1063 1062
1062 1063
1065 1064
1064 1065
1067 1066
1066 1067
1069 1068
1068 1069
1071 1070
1070 1071
1074 1072
1072 1073
1075 1074
1073 1075
1076 1076
1077 1077
1081 1078
1079 1079
1080 1080
1078 1081
1082 1082
1083 1083
1085 1084
1084 1085
1087 1086
1086 1087
1088 1088
1089 1089
1090 1090
1092 1091
1091 1092
1094 1093
1093 1094
1096 1095
1095 1096
1098 1097
1097 1098
1102 1099
1099 1100
1100 1101
1101 1102
1103 1103
1105 1104
1104 1105
1107 1106
1106 1107
1108 1108
1110 1109
1109 1110
1112 1111
1111 1112
1114 1113
1113 1114
1116 1115
1115 1116
1118 1117
1117 1118
1120 1119
1119 1120
1122 1121
1121 1122
1124 1123
1123 1124
1128 1125
1125 1126
1126 1127
1127 1128
1129 1129
1130 1130
1132 1131
1131 1132
1134 1133
1133 1134
1137 1135
1135 1136
1136 1137
1138 1138
1139 1139
1141 1140
1140 1141
1143 1142
1142 1143
1145 1144
1144 1145
1147 1146
1146 1147
1149 1148
1148 1149
1153 1150
1150 1151
1154 1152
1151 1153
1152 1154
1155 1155
1156 1156
1159 1157
1158 1158
1157 1159
1160 1160
1163 1161
1161 1162
1162 1163
1164 1164
1166 1165
1165 1166
1168 1167
1167 1168
1170 1169
1169 1170
1172 1171
1171 1172
1173 1173
1175 1174
1174 1175
1177 1176
1176 1177
1179 1178
1178 1179
1181 1180
1180 1181
1183 1182
1182 1183
1185 1184
1184 1185
1186 1186
1187 1187
1190 1188
1193 1189
1188 1190
1195 1191
1189 1192
1191 1193
1196 1194
1192 1195
1194 1196
1197 1197
1198 1198
1199 1199
1200 1200
1202 1201
1201 1202
1204 1203
1203 1204
1207 1205
1205 1206
1209 1207
1206 1208
1214 1209
1215 1210
1208 1211
1217 1212
1218 1213
1210 1214
1211 1215
1219 1216
1212 1217
1220 1218
1213 1219
1225 1220
1216 1221
1228 1222
1230 1223
1231 1224
1221 1225
1235 1226
1222 1227
1237 1228
1223 1229
1224 1230
1227 1231
1226 1232
1238 1233
1241 1234
1249 1235
1254 1236
1229 1237
1260 1238
1264 1239
1232 1240
1265 1241
1233 1242
1273 1243
1234 1244
1277 1245
1278 1246
1236 1247
1284 1248
1286 1249
1239 1250
1287 1251
1240 1252
1289 1253
1242 1254
1290 1255
1243 1256
1294 1257
1244 1258
1295 1259
1246 1260
1245 1261
1247 1262
1301 1263
1248 1264
1303 1265
1305 1266
1250 1267
1306 1268
1251 1269
1309 1270
1252 1271
1253 1272
1311 1273
1313 1274
1255 1275
1256 1276
1317 1277
1257 1278
1258 1279
1318 1280
1259 1281
1321 1282
1261 1283
1262 1284
1323 1285
1263 1286
1324 1287
1330 1288
1331 1289
1266 1290
1346 1291
1267 1292
1268 1293
1342 1294
1347 1295
1269 1296
1350 1297
1270 1298
1353 1299
1271 1300
1355 1301
1272 1302
1358 1303
1359 1304
1274 1305
1367 1306
1275 1307
1329 1308
1368 1309
1276 1310
1370 1311
1279 1312
1372 1313
1280 1314
1282 1315
1374 1316
1281 1317
1376 1318
1283 1319
1378 1320
1285 1321
1381 1322
1288 1323
1382 1324
1396 1325
1397 1326
1400 1327
1291 1328
1408 1329
1292 1330
1410 1331
1293 1332
1412 1333
1415 1334
1297 1335
1296 1336
1427 1337
1298 1338
1430 1339
1299 1340
1432 1341
1300 1342
1434 1343
1436 1344
1302 1345
1304 1346
1442 1347
1307 1348
1445 1349
1444 1350
1449 1351
1308 1352
1458 1353
1312 1354
1310 1355
1459 1356
1461 1357
1314 1358
1315 1359
1463 1360
1316 1361
1465 1362
1466 1363
1472 1364
1319 1365
1320 1366
1473 1367
1439 1368
1322 1369
1476 1370
1478 1371
1477 1372
1326 1373
1325 1374
1362 1375
1327 1376
1479 1377
1328 1378
1480 1379
1482 1380
1332 1381
1485 1382
1348 1383
1486 1384
1333 1385
1489 1386
1490 1387
1488 1388
1345 1389
1487 1390
1334 1391
1491 1392
1336 1393
1335 1394
1337 1395
1339 1396
1343 1397
1492 1398
1338 1399
1340 1400
1341 1401
1493 1402
1344 1403
1494 1404
1495 1405
1496 1406
1349 1407
1351 1408
1497 1409
1498 1410
1352 1411
1506 1412
1509 1413
1354 1414
1511 1415
1356 1416
1512 1417
1357 1418
1360 1419
1522 1420
1361 1421
1529 1422
1364 1423
1363 1424
1365 1425
1366 1426
1530 1427
1452 1428
1451 1429
1532 1430
1534 1431
1369 1432
1425 1433
1540 1434
1541 1435
1371 1436
1545 1437
1373 1438
1546 1439
1550 1440
1375 1441
1553 1442
1555 1443
1377 1444
1565 1445
1379 1446
1566 1447
1380 1448
1568 1449
1383 1450
1384 1451
1387 1452
1388 1453
1386 1454
1571 1455
1385 1456
1389 1457
1391 1458
1572 1459
1390 1460
1573 1461
1392 1462
1574 1463
1393 1464
1394 1465
1575 1466
1395 1467
1577 1468
1398 1469
1399 1470
1579 1471
1580 1472
1401 1473
1583 1474
1402 1475
1584 1476
1403 1477
1404 1478
1405 1479
1406 1480
1407 1481
1585 1482
1409 1483
1588 1484
1411 1485
1590 1486
1413 1487
1414 1488
1592 1489
1416 1490
1417 1491
1418 1492
1593 1493
1419 1494
1420 1495
1594 1496
1421 1497
1423 1498
1422 1499
1531 1500
1424 1501
1426 1502
1428 1503
1595 1504
1429 1505
1431 1506
1597 1507
1599 1508
1598 1509
1433 1510
1601 1511
1600 1512
1435 1513
1602 1514
1603 1515
1437 1516
1438 1517
1440 1518
1441 1519
1604 1520
1606 1521
1443 1522
1446 1523
1447 1524
1610 1525
1613 1526
1448 1527
1618 1528
1542 1529
1621 1530
1450 1531
1543 1532
1453 1533
1622 1534
1454 1535
1626 1536
1455 1537
1627 1538
1457 1539
1456 1540
1636 1541
1460 1542
1639 1543
1462 1544
1464 1545
1646 1546
1652 1547
1655 1548
1656 1549
1467 1550
1660 1551
1468 1552
1661 1553
1469 1554
1663 1555
1470 1556
1471 1557
1474 1558
1475 1559
1481 1560
1484 1561
1483 1562
1500 1563
1499 1564
1501 1565
1502 1566
1503 1567
1504 1568
1505 1569
1507 1570
1508 1571
1510 1572
1513 1573
1515 1574
1514 1575
1516 1576
1517 1577
1518 1578
1519 1579
1520 1580
1521 1581
1523 1582
1524 1583
1525 1584
1526 1585
1527 1586
1528 1587
1536 1588
1535 1589
1533 1590
1537 1591
1538 1592
1611 1593
1539 1594
1544 1595
1547 1596
1548 1597
1549 1598
1551 1599
1552 1600
1554 1601
1556 1602
1557 1603
1558 1604
1559 1605
1560 1606
1561 1607
1562 1608
1564 1609
1563 1610
1567 1611
1625 1612
1569 1613
1570 1614
1576 1615
1578 1616
1581 1617
1582 1618
1586 1619
1587 1620
1589 1621
1591 1622
1596 1623
1605 1624
1607 1625
1609 1626
1608 1627
1612 1628
1614 1629
1615 1630
1617 1631
1616 1632
1619 1633
1620 1634
1623 1635
1624 1636
1628 1637
1629 1638
1630 1639
1631 1640
1633 1641
1632 1642
1634 1643
1635 1644
1658 1645
1637 1646
1638 1647
1640 1648
1641 1649
1642 1650
1643 1651
1644 1652
1645 1653
1647 1654
1648 1655
1649 1656
1650 1657
1651 1658
1653 1659
1654 1660
1657 1661
1659 1662
1662 1663
1664 1664
1668 1665
1665 1666
1666 1667
1667 1668
1739 1669
1737 1670
1669 1671
1740 1672
1738 1673
1671 1674
1670 1675
1672 1676
1673 1677
1674 1678
1675 1679
1676 1680
1677 1681
1678 1682
1679 1683
1680 1684
1681 1685
1682 1686
1683 1687
1684 1688
1685 1689
1686 1690
1689 1691
1688 1692
1687 1693
1690 1694
1691 1695
1692 1696
1693 1697
1694 1698
1695 1699
1696 1700
1698 1701
1697 1702
1699 1703
1700 1704
1701 1705
1702 1706
1703 1707
1704 1708
1705 1709
1706 1710
1707 1711
1708 1712
1709 1713
1710 1714
1760 1715
1762 1716
1711 1717
1712 1718
1713 1719
1714 1720
1715 1721
1716 1722
1717 1723
1718 1724
1719 1725
1720 1726
1721 1727
1722 1728
1724 1729
1723 1730
1725 1731
1726 1732
1727 1733
1728 1734
1729 1735
1730 1736
1731 1737
1732 1738
1733 1739
1734 1740
1735 1741
1736 1742
1741 1743
1742 1744
1743 1745
1744 1746
1745 1747
1746 1748
1749 1749
1747 1750
1748 1751
1750 1752
1751 1753
1752 1754
1753 1755
1754 1756
1755 1757
1756 1758
1757 1759
1758 1760
1759 1761
1761 1762
1763 1763
1764 1764
1765 1765
1766 1766
1767 1767
1768 1768
1770 1769
1772 1770
1769 1771
1771 1772
1773 1773
1774 1774
1775 1775
1776 1776
1777 1777
1778 1778
1779 1779
1780 1780
1781 1781
1783 1782
1784 1783
1786 1784
1785 1785
1787 1786
1788 1787
1789 1788
1790 1789
1792 1790
1791 1791
1793 1792
1794 1793
1795 1794
1798 1795
1796 1796
1797 1797
1799 1798
1800 1799
1801 1800
1802 1801
1803 1802
1804 1803
1805 1804
1806 1805
1807 1806
1809 1807
1808 1808
1810 1809
1811 1810
1812 1811
1813 1812
1814 1813
1815 1814
1817 1815
1816 1816
1818 1817
1819 1818
1820 1819
1821 1820
1822 1821
1823 1822
1825 1823
1824 1824
1826 1825
1827 1826
1828 1827
1844 1828
1831 1829
1829 1830
1888 1831
1830 1832
1832 1833
1835 1834
1833 1835
1834 1836
1838 1837
1836 1838
1837 1839
1839 1840
1840 1841
1843 1842
1841 1843
1842 1844
1845 1845
1846 1846
1847 1847
1848 1848
1849 1849
1850 1850
1851 1851
1852 1852
1853 1853
1854 1854
1855 1855
1856 1856
1859 1857
1857 1858
1858 1859
1860 1860
1861 1861
1862 1862
1863 1863
1868 1864
1864 1865
1865 1866
1866 1867
1867 1868
1869 1869
1870 1870
1871 1871
1872 1872
1873 1873
1874 1874
1875 1875
1876 1876
1877 1877
1878 1878
1879 1879
1880 1880
1881 1881
1882 1882
1883 1883
1884 1884
1885 1885
1886 1886
1887 1887
1889 1888
1890 1889
1893 1890
1891 1891
1892 1892
1894 1893
1895 1894
1896 1895
1897 1896
1904 1897
1898 1898
1899 1899
1900 1900
1901 1901
1902 1902
1903 1903
1905 1904
1906 1905
1907 1906
1908 1907
1909 1908
1911 1909
1912 1910
1913 1911
1914 1912
1915 1913
1916 1914
1923 1915
1920 1916
1925 1917
1921 1918
1917 1919
1919 1920
1918 1921
1973 1922
1980 1923
1983 1924
1922 1925
1924 1926
1926 1927
1927 1928
1928 1929
1929 1930
1930 1931
1931 1932
1937 1933
1932 1934
1938 1935
1933 1936
1934 1937
1935 1938
1936 1939
1939 1940
1940 1941
1941 1942
1942 1943
1943 1944
1944 1945
1945 1946
1946 1947
1947 1948
1948 1949
1949 1950
1950 1951
1951 1952
1952 1953
1953 1954
1954 1955
1959 1956
1955 1957
1956 1958
1957 1959
1958 1960
1960 1961
1961 1962
1962 1963
1963 1964
1964 1965
1965 1966
1966 1967
1967 1968
1968 1969
1969 1970
1970 1971
1971 1972
1972 1973
1974 1974
1975 1975
1976 1976
1977 1977
1978 1978
1979 1979
1981 1980
1982 1981
1984 1982
1985 1983
1990 1984
1986 1985
1987 1986
1989 1987
1988 1988
1991 1989
1992 1990
1993 1991
1994 1992
1995 1993
1996 1994
1998 1995
1997 1996
1999 1997
2000 1998
2001 1999
2002 2000
2003 2001
2004 2002
2005 2003
2006 2004
2007 2005
2008 2006
2009 2007
2010 2008
2011 2009
2012 2010
2013 2011
2018 2012
2021 2013
2019 2014
2014 2015
2017 2016
2015 2017
2016 2018
2020 2019
2022 2020
2023 2021
2024 2022
2025 2023
2026 2024
2027 2025
2028 2026
2029 2027
2030 2028
2031 2029
2032 2030
2034 2031
2033 2032
2035 2033
2036 2034
2038 2035
2037 2036
2039 2037
2040 2038
2041 2039
2042 2040
2043 2041
2044 2042
2045 2043
2046 2044
2048 2045
2049 2046
2050 2047
2051 2048
2052 2049
2053 2050
2054 2051
2055 2052
2056 2053
2057 2054
2058 2055
2084 2056
2059 2057
2060 2058
2061 2059
2062 2060
2063 2061
2136 2062
2064 2063
2065 2064
2138 2065
2066 2066
2067 2067
2068 2068
2069 2069
2070 2070
2083 2071
2082 2072
2072 2073
2071 2074
2073 2075
2101 2076
2102 2077
2144 2078
2100 2079
2074 2080
2075 2081
2076 2082
2078 2083
2077 2084
2080 2085
2079 2086
2081 2087
2085 2088
2087 2089
2086 2090
2088 2091
2177 2092
2151 2093
2099 2094
2089 2095
2090 2096
2146 2097
2091 2098
2093 2099
2092 2100
2094 2101
2140 2102
2139 2103
2095 2104
2096 2105
2097 2106
2098 2107
2135 2108
2103 2109
2104 2110
2105 2111
2109 2112
2106 2113
2107 2114
2108 2115
2110 2116
2111 2117
2112 2118
2113 2119
2114 2120
2115 2121
2116 2122
2117 2123
2118 2124
2119 2125
2120 2126
2121 2127
2122 2128
2123 2129
2124 2130
2125 2131
2126 2132
2127 2133
2158 2134
2128 2135
2129 2136
2130 2137
2131 2138
2132 2139
2133 2140
2134 2141
2141 2142
2137 2143
2142 2144
2143 2145
2145 2146
2147 2147
2148 2148
2149 2149
2150 2150
2179 2151
2152 2152
2156 2153
2186 2154
2183 2155
2153 2156
2154 2157
2155 2158
2157 2159
2161 2160
2159 2161
2160 2162
2162 2163
2163 2164
2164 2165
2165 2166
2166 2167
2167 2168
2168 2169
2170 2170
2169 2171
2171 2172
2172 2173
2173 2174
2174 2175
2175 2176
2176 2177
2178 2178
2180 2179
2181 2180
2182 2181
2190 2182
2189 2183
2184 2184
2185 2185
2193 2186
2187 2187
2188 2188
2192 2189
2191 2190
2195 2191
2196 2192
2198 2193
2197 2194
2199 2195
2200 2196
2201 2197
2202 2198
2203 2199
2204 2200
2205 2201
2206 2202
2289 2203
2207 2204
2208 2205
2209 2206
2312 2207
2211 2208
2210 2209
2212 2210
2213 2211
2214 2212
2215 2213
2217 2214
2216 2215
2218 2216
2219 2217
2220 2218
2221 2219
2222 2220
2223 2221
2224 2222
2225 2223
2226 2224
2227 2225
2228 2226
2229 2227
2230 2228
2231 2229
2232 2230
2233 2231
2234 2232
2237 2233
2235 2234
2236 2235
2238 2236
2239 2237
2240 2238
2241 2239
2242 2240
2243 2241
2244 2242
2245 2243
2246 2244
2247 2245
2248 2246
2249 2247
2250 2248
2251 2249
2331 2250
2252 2251
2253 2252
2254 2253
2255 2254
2256 2255
2257 2256
2258 2257
2259 2258
2260 2259
2261 2260
2271 2261
2262 2262
2263 2263
2264 2264
2265 2265
2266 2266
2269 2267
2267 2268
2268 2269
2270 2270
2272 2271
2273 2272
2275 2273
2274 2274
2276 2275
2277 2276
2278 2277
2279 2278
2292 2279
2282 2280
2281 2281
2297 2282
2280 2283
2283 2284
2284 2285
2285 2286
2286 2287
2287 2288
2288 2289
2290 2290
2291 2291
2293 2292
2294 2293
2295 2294
2296 2295
2298 2296
2299 2297
2300 2298
2309 2299
2301 2300
2307 2301
2304 2302
2302 2303
2303 2304
2305 2305
2306 2306
2308 2307
2310 2308
2311 2309
2313 2310
2314 2311
2315 2312
2317 2313
2323 2314
2322 2315
2316 2316
2321 2317
2325 2318
2324 2319
2318 2320
2319 2321
2320 2322
2347 2323
2326 2324
2327 2325
2328 2326
2332 2327
2329 2328
2333 2329
2330 2330
2334 2331
2335 2332
2336 2333
2338 2334
2337 2335
2339 2336
2340 2337
2341 2338
2342 2339
2343 2340
2344 2341
2345 2342
2346 2343
2348 2344
2350 2345
2349 2346
2351 2347
2358 2348
2353 2349
2375 2350
2376 2351
2372 2352
2494 2353
2354 2354
2357 2355
2355 2356
2356 2357
2359 2358
2360 2359
2378 2360
2502 2361
2361 2362
2362 2363
2363 2364
2367 2365
2364 2366
2369 2367
2365 2368
2503 2369
2366 2370
2368 2371
2370 2372
2371 2373
2382 2374
2496 2375
2510 2376
2373 2377
2374 2378
2519 2379
2377 2380
2507 2381
2506 2382
2379 2383
2380 2384
2381 2385
2383 2386
2384 2387
2385 2388
2513 2389
2386 2390
2387 2391
2388 2392
2396 2393
2389 2394
2390 2395
2391 2396
2392 2397
2393 2398
2394 2399
2398 2400
2395 2401
2397 2402
2399 2403
2400 2404
2401 2405
2402 2406
2403 2407
2404 2408
2405 2409
2406 2410
2407 2411
2408 2412
2409 2413
2410 2414
2411 2415
2412 2416
2417 2417
2416 2418
2415 2419
2414 2420
2413 2421
2418 2422
2419 2423
2420 2424
2421 2425
2429 2426
2422 2427
2423 2428
2424 2429
2425 2430
2426 2431
2427 2432
2428 2433
2434 2434
2430 2435
2431 2436
2432 2437
2433 2438
2436 2439
2435 2440
2437 2441
2438 2442
2439 2443
2499 2444
2441 2445
2498 2446
2443 2447
2500 2448
2440 2449
2442 2450
2444 2451
2445 2452
2446 2453
2447 2454
2448 2455
2449 2456
2450 2457
2451 2458
2452 2459
2453 2460
2454 2461
2455 2462
2456 2463
2457 2464
2458 2465
2460 2466
2459 2467
2461 2468
2462 2469
2464 2470
2463 2471
2465 2472
2466 2473
2467 2474
2468 2475
2469 2476
2470 2477
2471 2478
2472 2479
2473 2480
2474 2481
2475 2482
2476 2483
2477 2484
2478 2485
2479 2486
2481 2487
2480 2488
2483 2489
2482 2490
2484 2491
2485 2492
2486 2493
2487 2494
2488 2495
2489 2496
2490 2497
2491 2498
2492 2499
2493 2500
2495 2501
2497 2502
2501 2503
2509 2504
2504 2505
2505 2506
2508 2507
2511 2508
2512 2509
2514 2510
2515 2511
2516 2512
2517 2513
2518 2514
