0 2
1 3
2 1
3 0
4 6
5 5
6 4
7 7
8 8
9 9
10 10
11 11
12 12
13 13
14 14
15 15
16 16
17 17
18 18
19 19
20 20
21 21
22 22
23 23
24 25
25 26
26 24
27 27
28 28
29 29
30 30
31 31
32 32
33 33
34 35
35 36
36 34
37 39
38 38
39 37
40 40
41 41
42 42
43 43
44 46
45 45
46 44
47 47
48 48
49 49
50 50
51 51
52 52
53 53
54 54
55 55
56 57
57 59
58 56
59 61
60 60
61 58
62 62
63 63
64 64
65 65
66 67
67 68
68 66
69 69
70 71
71 72
72 70
73 73
74 74
75 75
76 77
77 78
78 76
79 79
80 80
81 81
82 84
83 83
84 82
85 85
86 86
87 87
88 88
89 90
90 91
91 89
92 92
93 96
94 94
95 95
96 93
97 97
98 98
99 99
100 100
101 101
102 102
103 105
104 104
105 103
106 106
107 108
108 109
109 107
110 110
111 112
112 111
113 114
114 113
115 115
116 116
117 118
118 119
119 117
120 120
121 122
122 121
123 124
124 123
125 126
126 125
127 128
128 127
129 130
130 129
131 131
132 133
133 132
134 134
135 136
136 135
137 137
138 139
139 138
140 141
141 140
142 143
143 144
144 142
145 145
146 147
147 146
148 150
149 149
150 148
151 151
152 152
153 153
154 155
155 156
156 154
157 157
158 159
159 158
160 160
161 162
162 161
163 164
164 163
165 166
166 165
167 168
168 167
169 170
170 169
171 172
172 171
173 174
174 173
175 176
176 175
177 178
178 177
179 180
180 179
181 182
182 181
183 183
184 184
185 186
186 185
187 188
188 187
189 190
190 189
191 192
192 191
193 194
194 193
195 196
196 195
197 198
198 197
199 200
200 199
201 202
202 201
203 204
204 205
205 203
206 206
207 207
208 209
209 208
210 211
211 210
212 212
213 214
214 213
215 216
216 215
217 218
218 217
219 220
220 219
221 221
222 223
223 222
224 224
225 227
226 226
227 225
228 228
229 229
230 230
231 232
232 233
233 231
234 235
235 234
236 236
237 238
238 237
239 240
240 239
241 242
242 241
243 244
244 243
245 245
246 247
247 246
248 249
249 248
250 251
251 250
252 253
253 252
254 255
255 254
256 256
257 258
258 257
259 260
260 259
261 261
262 262
263 264
264 263
265 265
266 266
267 268
268 267
269 270
270 269
271 272
272 271
273 274
274 273
275 276
276 275
277 278
278 277
279 280
280 279
281 282
282 281
283 284
284 283
285 286
286 285
287 288
288 287
289 289
290 291
291 290
292 293
293 292
294 296
295 294
296 295
297 297
298 301
299 298
300 299
301 300
302 302
303 303
304 304
305 305
306 306
307 308
308 307
309 309
310 311
311 310
312 313
313 312
314 315
315 314
316 316
317 318
318 317
319 320
320 319
321 322
322 321
323 324
324 323
325 326
326 325
327 328
328 327
329 330
330 329
331 331
332 333
333 332
334 334
335 336
336 335
337 338
338 337
339 339
340 341
341 340
342 343
343 342
344 345
345 344
346 347
347 346
348 351
349 350
350 348
351 352
352 349
353 353
354 356
355 354
356 355
357 357
358 359
359 358
360 361
361 360
362 363
363 362
364 364
365 365
366 367
367 366
368 369
369 368
370 371
371 370
372 372
373 375
374 373
375 374
376 376
377 378
378 377
379 379
380 381
381 380
382 383
383 382
384 385
385 384
386 387
387 386
388 388
389 390
390 389
391 392
392 391
393 394
394 393
395 396
396 395
397 399
398 397
399 398
400 400
401 401
402 403
403 402
404 405
405 404
406 407
407 406
408 409
409 408
410 411
411 410
412 413
413 412
414 415
415 414
416 417
417 416
418 419
419 418
420 421
421 420
422 422
423 424
424 423
425 427
426 426
427 425
428 428
429 431
430 430
431 429
432 432
433 434
434 433
435 436
436 435
437 437
438 439
439 438
440 441
441 440
442 443
443 442
444 445
445 446
446 444
447 447
448 449
449 448
450 450
451 452
452 451
453 454
454 453
455 456
456 455
457 458
458 457
459 459
460 461
461 462
462 460
463 463
464 465
465 464
466 466
467 468
468 467
469 470
470 469
471 472
472 471
473 473
474 475
475 474
476 477
477 476
478 478
479 480
480 479
481 481
482 483
483 482
484 484
485 485
486 486
487 488
488 487
489 490
490 489
491 492
492 491
493 494
494 493
495 497
496 495
497 496
498 498
499 499
500 501
501 500
502 503
503 502
504 505
505 504
506 507
507 506
508 508
509 510
510 509
511 512
512 511
513 513
514 515
515 514
516 517
517 516
518 518
519 520
520 519
521 522
522 521
523 524
524 523
525 526
526 525
527 530
528 527
529 528
530 529
531 531
532 533
533 532
534 535
535 534
536 537
537 536
538 540
539 539
540 538
541 541
542 543
543 542
544 545
545 544
546 547
547 546
548 548
549 550
550 549
551 552
552 551
553 554
554 553
555 556
556 555
557 557
558 559
559 558
560 561
561 560
562 563
563 562
564 565
565 564
566 566
567 567
568 569
569 568
570 571
571 570
572 573
573 572
574 574
575 576
576 575
577 578
578 579
579 577
580 580
581 582
582 581
583 584
584 583
585 586
586 585
587 587
588 589
589 588
590 591
591 590
592 593
593 592
594 594
595 595
596 597
597 596
598 599
599 598
600 601
601 600
602 603
603 605
604 602
605 606
606 607
607 604
608 608
609 609
610 610
611 611
612 613
613 612
614 615
615 614
616 617
617 616
618 618
619 620
620 619
621 621
622 624
623 622
624 623
625 626
626 625
627 629
628 627
629 628
630 630
631 632
632 631
633 633
634 636
635 634
636 635
637 637
638 639
639 638
640 640
641 642
642 641
643 644
644 643
645 646
646 645
647 651
648 647
649 652
650 648
651 653
652 649
653 654
654 650
655 656
656 657
657 658
658 655
659 659
660 660
661 662
662 661
663 663
664 665
665 664
666 667
667 666
668 668
669 670
670 669
671 672
672 671
673 676
674 673
675 674
676 675
677 677
678 679
679 678
680 681
681 680
682 683
683 682
684 685
685 684
686 687
687 686
688 688
689 691
690 689
691 692
692 690
693 693
694 694
695 695
696 697
697 696
698 699
699 698
700 701
701 700
702 702
703 704
704 706
705 703
706 705
707 707
708 709
709 708
710 711
711 710
712 713
713 712
714 715
715 714
716 718
717 716
718 717
719 719
720 722
721 720
722 721
723 723
724 725
725 724
726 727
727 726
728 729
729 728
730 730
731 732
732 731
733 734
734 733
735 736
736 735
737 737
738 739
739 738
740 740
741 742
742 741
743 744
744 745
745 743
746 750
747 747
748 746
749 748
750 749
751 751
752 755
753 752
754 756
755 753
756 757
757 754
758 759
759 758
760 760
761 762
762 761
763 764
764 763
765 766
766 765
767 768
768 767
769 769
770 773
771 770
772 771
773 774
774 772
775 775
776 776
777 777
778 778
779 780
780 779
781 782
782 781
783 783
784 786
785 784
786 785
787 787
788 789
789 788
790 791
791 790
792 793
793 792
794 795
795 794
796 797
797 796
798 799
799 798
800 800
801 802
802 801
803 804
804 803
805 806
806 805
807 808
808 807
809 810
810 809
811 812
812 811
813 814
814 813
815 816
816 815
817 818
818 817
819 819
820 821
821 820
822 822
823 824
824 823
825 826
826 825
827 828
828 827
829 830
830 829
831 831
832 833
833 832
834 845
835 835
836 834
837 836
838 837
839 838
840 839
841 840
842 846
843 841
844 847
845 842
846 848
847 843
848 844
849 849
850 850
851 851
852 853
853 852
854 855
855 854
856 857
857 856
858 859
859 858
860 861
861 860
862 862
863 866
864 865
865 864
866 863
867 869
868 867
869 868
870 870
871 872
872 871
873 874
874 873
875 876
876 875
877 879
878 877
879 881
880 880
881 878
882 882
883 884
884 883
885 885
886 886
887 892
888 891
889 887
890 888
891 893
892 889
893 890
894 894
895 895
896 896
897 897
898 899
899 898
900 901
901 900
902 902
903 904
904 903
905 907
906 910
907 906
908 905
909 908
910 909
911 911
912 913
913 912
914 914
915 916
916 915
917 918
918 917
919 920
920 919
921 922
922 921
923 924
924 923
925 926
926 925
927 927
928 929
929 928
930 931
931 930
932 933
933 932
934 935
935 934
936 936
937 937
938 939
939 938
940 942
941 940
942 941
943 943
944 945
945 944
946 947
947 946
948 949
949 948
950 950
951 951
952 954
953 955
954 953
955 952
956 956
957 958
958 957
959 960
960 959
961 962
962 961
963 964
964 963
965 966
966 965
967 968
968 967
969 970
970 969
971 972
972 971
973 974
974 973
975 976
976 975
977 978
978 977
979 980
980 979
981 982
982 981
983 984
984 983
985 986
986 985
987 987
988 989
989 988
990 991
991 990
992 993
993 992
994 995
995 994
996 996
997 998
998 997
999 999
1000 1001
1001 1000
1002 1002
1003 1005
1004 1003
1005 1006
1006 1004
1007 1007
1008 1009
1009 1008
1010 1010
1011 1013
1012 1011
1013 1012
1014 1014
1015 1017
1016 1015
1017 1016
1018 1018
1019 1020
1020 1019
1021 1022
1022 1021
1023 1024
1024 1023
1025 1025
1026 1027
1027 1026
1028 1029
1029 1030
1030 1028
1031 1031
1032 1033
1033 1032
1034 1035
1035 1034
1036 1038
1037 1036
1038 1037
1039 1039
1040 1041
1041 1040
1042 1043
1043 1042
1044 1044
1045 1046
1046 1045
1047 1048
1048 1047
1049 1049
1050 1051
1051 1050
1052 1052
1053 1053
1054 1055
1055 1054
1056 1057
1057 1056
1058 1059
1059 1058
1060 1061
1061 1060
1062 1063
1063 1062
1064 1065
1065 1064
1066 1067
1067 1066
1068 1069
1069 1068
1070 1071
1071 1070
1072 1074
1073 1072
1074 1075
1075 1073
1076 1076
1077 1077
1078 1081
1079 1079
1080 1080
1081 1078
1082 1082
1083 1083
1084 1085
1085 1084
1086 1087
1087 1086
1088 1088
1089 1089
1090 1090
1091 1092
1092 1091
1093 1094
1094 1093
1095 1096
1096 1095
1097 1098
1098 1097
1099 1102
1100 1099
1101 1100
1102 1101
1103 1103
1104 1105
1105 1104
1106 1107
1107 1106
1108 1108
1109 1110
1110 1109
1111 1112
1112 1111
1113 1114
1114 1113
1115 1116
1116 1115
1117 1118
1118 1117
1119 1120
1120 1119
1121 1122
1122 1121
1123 1124
1124 1123
1125 1128
1126 1125
1127 1126
1128 1127
1129 1129
1130 1130
1131 1132
1132 1131
1133 1134
1134 1133
1135 1137
1136 1135
1137 1136
1138 1138
1139 1139
1140 1141
1141 1140
1142 1143
1143 1142
1144 1145
1145 1144
1146 1147
1147 1146
1148 1149
1149 1148
1150 1153
1151 1150
1152 1154
1153 1151
1154 1152
1155 1155
1156 1156
1157 1159
1158 1158
1159 1157
1160 1160
1161 1163
1162 1161
1163 1162
1164 1164
1165 1166
1166 1165
1167 1168
1168 1167
1169 1170
1170 1169
1171 1172
1172 1171
1173 1173
1174 1175
1175 1174
1176 1177
1177 1176
1178 1179
1179 1178
1180 1181
1181 1180
1182 1183
1183 1182
1184 1185
1185 1184
1186 1186
1187 1187
1188 1190
1189 1193
1190 1188
1191 1195
1192 1189
1193 1191
1194 1196
1195 1192
1196 1194
1197 1197
1198 1198
1199 1199
1200 1200
1201 1202
1202 1201
1203 1204
1204 1203
1205 1207
1206 1205
1207 1209
1208 1206
1209 1214
1210 1215
1211 1208
1212 1217
1213 1218
1214 1210
1215 1211
1216 1219
1217 1212
1218 1220
1219 1213
1220 1225
1221 1216
1222 1228
1223 1230
1224 1231
1225 1221
1226 1235
1227 1222
1228 1237
1229 1223
1230 1224
1231 1227
1232 1226
1233 1238
1234 1241
1235 1249
1236 1254
1237 1229
1238 1260
1239 1264
1240 1232
1241 1265
1242 1233
1243 1273
1244 1234
1245 1277
1246 1278
1247 1236
1248 1284
1249 1286
1250 1239
1251 1287
1252 1240
1253 1289
1254 1242
1255 1290
1256 1243
1257 1294
1258 1244
1259 1295
1260 1246
1261 1245
1262 1247
1263 1301
1264 1248
1265 1303
1266 1305
1267 1250
1268 1306
1269 1251
1270 1309
1271 1252
1272 1253
1273 1311
1274 1313
1275 1255
1276 1256
1277 1317
1278 1257
1279 1258
1280 1318
1281 1259
1282 1321
1283 1261
1284 1262
1285 1323
1286 1263
1287 1324
1288 1330
1289 1331
1290 1266
1291 1346
1292 1267
1293 1268
1294 1342
1295 1347
1296 1269
1297 1350
1298 1270
1299 1353
1300 1271
1301 1355
1302 1272
1303 1358
1304 1359
1305 1274
1306 1367
1307 1275
1308 1329
1309 1368
1310 1276
1311 1370
1312 1279
1313 1372
1314 1280
1315 1282
1316 1374
1317 1281
1318 1376
1319 1283
1320 1378
1321 1285
1322 1381
1323 1288
1324 1382
1325 1396
1326 1397
1327 1400
1328 1291
1329 1408
1330 1292
1331 1410
1332 1293
1333 1412
1334 1415
1335 1297
1336 1296
1337 1427
1338 1298
1339 1430
1340 1299
1341 1432
1342 1300
1343 1434
1344 1436
1345 1302
1346 1304
1347 1442
1348 1307
1349 1445
1350 1444
1351 1449
1352 1308
1353 1458
1354 1312
1355 1310
1356 1459
1357 1461
1358 1314
1359 1315
1360 1463
1361 1316
1362 1465
1363 1466
1364 1472
1365 1319
1366 1320
1367 1473
1368 1439
1369 1322
1370 1476
1371 1478
1372 1477
1373 1326
1374 1325
1375 1362
1376 1327
1377 1479
1378 1328
1379 1480
1380 1482
1381 1332
1382 1485
1383 1348
1384 1486
1385 1333
1386 1489
1387 1490
1388 1488
1389 1345
1390 1487
1391 1334
1392 1491
1393 1336
1394 1335
1395 1337
1396 1339
1397 1343
1398 1492
1399 1338
1400 1340
1401 1341
1402 1493
1403 1344
1404 1494
1405 1495
1406 1496
1407 1349
1408 1351
1409 1497
1410 1498
1411 1352
1412 1506
1413 1509
1414 1354
1415 1511
1416 1356
1417 1512
1418 1357
1419 1360
1420 1522
1421 1361
1422 1529
1423 1364
1424 1363
1425 1365
1426 1366
1427 1530
1428 1452
1429 1451
1430 1532
1431 1534
1432 1369
1433 1425
1434 1540
1435 1541
1436 1371
1437 1545
1438 1373
1439 1546
1440 1550
1441 1375
1442 1553
1443 1555
1444 1377
1445 1565
1446 1379
1447 1566
1448 1380
1449 1568
1450 1383
1451 1384
1452 1387
1453 1388
1454 1386
1455 1571
1456 1385
1457 1389
1458 1391
1459 1572
1460 1390
1461 1573
1462 1392
1463 1574
1464 1393
1465 1394
1466 1575
1467 1395
1468 1577
1469 1398
1470 1399
1471 1579
1472 1580
1473 1401
1474 1583
1475 1402
1476 1584
1477 1403
1478 1404
1479 1405
1480 1406
1481 1407
1482 1585
1483 1409
1484 1588
1485 1411
1486 1590
1487 1413
1488 1414
1489 1592
1490 1416
1491 1417
1492 1418
1493 1593
1494 1419
1495 1420
1496 1594
1497 1421
1498 1423
1499 1422
1500 1531
1501 1424
1502 1426
1503 1428
1504 1595
1505 1429
1506 1431
1507 1597
1508 1599
1509 1598
1510 1433
1511 1601
1512 1600
1513 1435
1514 1602
1515 1603
1516 1437
1517 1438
1518 1440
1519 1441
1520 1604
1521 1606
1522 1443
1523 1446
1524 1447
1525 1610
1526 1613
1527 1448
1528 1618
1529 1542
1530 1621
1531 1450
1532 1543
1533 1453
1534 1622
1535 1454
1536 1626
1537 1455
1538 1627
1539 1457
1540 1456
1541 1636
1542 1460
1543 1639
1544 1462
1545 1464
1546 1646
1547 1652
1548 1655
1549 1656
1550 1467
1551 1660
1552 1468
1553 1661
1554 1469
1555 1663
1556 1470
1557 1471
1558 1474
1559 1475
1560 1481
1561 1484
1562 1483
1563 1500
1564 1499
1565 1501
1566 1502
1567 1503
1568 1504
1569 1505
1570 1507
1571 1508
1572 1510
1573 1513
1574 1515
1575 1514
1576 1516
1577 1517
1578 1518
1579 1519
1580 1520
1581 1521
1582 1523
1583 1524
1584 1525
1585 1526
1586 1527
1587 1528
1588 1536
1589 1535
1590 1533
1591 1537
1592 1538
1593 1611
1594 1539
1595 1544
1596 1547
1597 1548
1598 1549
1599 1551
1600 1552
1601 1554
1602 1556
1603 1557
1604 1558
1605 1559
1606 1560
1607 1561
1608 1562
1609 1564
1610 1563
1611 1567
1612 1625
1613 1569
1614 1570
1615 1576
1616 1578
1617 1581
1618 1582
1619 1586
1620 1587
1621 1589
1622 1591
1623 1596
1624 1605
1625 1607
1626 1609
1627 1608
1628 1612
1629 1614
1630 1615
1631 1617
1632 1616
1633 1619
1634 1620
1635 1623
1636 1624
1637 1628
1638 1629
1639 1630
1640 1631
1641 1633
1642 1632
1643 1634
1644 1635
1645 1658
1646 1637
1647 1638
1648 1640
1649 1641
1650 1642
1651 1643
1652 1644
1653 1645
1654 1647
1655 1648
1656 1649
1657 1650
1658 1651
1659 1653
1660 1654
1661 1657
1662 1659
1663 1662
1664 1664
1665 1668
1666 1665
1667 1666
1668 1667
1669 1739
1670 1737
1671 1669
1672 1740
1673 1738
1674 1671
1675 1670
1676 1672
1677 1673
1678 1674
1679 1675
1680 1676
1681 1677
1682 1678
1683 1679
1684 1680
1685 1681
1686 1682
1687 1683
1688 1684
1689 1685
1690 1686
1691 1689
1692 1688
1693 1687
1694 1690
1695 1691
1696 1692
1697 1693
1698 1694
1699 1695
1700 1696
1701 1698
1702 1697
1703 1699
1704 1700
1705 1701
1706 1702
1707 1703
1708 1704
1709 1705
1710 1706
1711 1707
1712 1708
1713 1709
1714 1710
1715 1760
1716 1762
1717 1711
1718 1712
1719 1713
1720 1714
1721 1715
1722 1716
1723 1717
1724 1718
1725 1719
1726 1720
1727 1721
1728 1722
1729 1724
1730 1723
1731 1725
1732 1726
1733 1727
1734 1728
1735 1729
1736 1730
1737 1731
1738 1732
1739 1733
1740 1734
1741 1735
1742 1736
1743 1741
1744 1742
1745 1743
1746 1744
1747 1745
1748 1746
1749 1749
1750 1747
1751 1748
1752 1750
1753 1751
1754 1752
1755 1753
1756 1754
1757 1755
1758 1756
1759 1757
1760 1758
1761 1759
1762 1761
1763 1763
1764 1764
1765 1765
1766 1766
1767 1767
1768 1768
1769 1770
1770 1772
1771 1769
1772 1771
1773 1773
1774 1774
1775 1775
1776 1776
1777 1777
1778 1778
1779 1779
1780 1780
1781 1781
1782 1783
1783 1784
1784 1786
1785 1785
1786 1787
1787 1788
1788 1789
1789 1790
1790 1792
1791 1791
1792 1793
1793 1794
1794 1795
1795 1798
1796 1796
1797 1797
1798 1799
1799 1800
1800 1801
1801 1802
1802 1803
1803 1804
1804 1805
1805 1806
1806 1807
1807 1809
1808 1808
1809 1810
1810 1811
1811 1812
1812 1813
1813 1814
1814 1815
1815 1817
1816 1816
1817 1818
1818 1819
1819 1820
1820 1821
1821 1822
1822 1823
1823 1825
1824 1824
1825 1826
1826 1827
1827 1828
1828 1844
1829 1831
1830 1829
1831 1888
1832 1830
1833 1832
1834 1835
1835 1833
1836 1834
1837 1838
1838 1836
1839 1837
1840 1839
1841 1840
1842 1843
1843 1841
1844 1842
1845 1845
1846 1846
1847 1847
1848 1848
1849 1849
1850 1850
1851 1851
1852 1852
1853 1853
1854 1854
1855 1855
1856 1856
1857 1859
1858 1857
1859 1858
1860 1860
1861 1861
1862 1862
1863 1863
1864 1868
1865 1864
1866 1865
1867 1866
1868 1867
1869 1869
1870 1870
1871 1871
1872 1872
1873 1873
1874 1874
1875 1875
1876 1876
1877 1877
1878 1878
1879 1879
1880 1880
1881 1881
1882 1882
1883 1883
1884 1884
1885 1885
1886 1886
1887 1887
1888 1889
1889 1890
1890 1893
1891 1891
1892 1892
1893 1894
1894 1895
1895 1896
1896 1897
1897 1904
1898 1898
1899 1899
1900 1900
1901 1901
1902 1902
1903 1903
1904 1905
1905 1906
1906 1907
1907 1908
1908 1909
1909 1911
1910 1912
1911 1913
1912 1914
1913 1915
1914 1916
1915 1923
1916 1920
1917 1925
1918 1921
1919 1917
1920 1919
1921 1918
1922 1973
1923 1980
1924 1983
1925 1922
1926 1924
1927 1926
1928 1927
1929 1928
1930 1929
1931 1930
1932 1931
1933 1937
1934 1932
1935 1938
1936 1933
1937 1934
1938 1935
1939 1936
1940 1939
1941 1940
1942 1941
1943 1942
1944 1943
1945 1944
1946 1945
1947 1946
1948 1947
1949 1948
1950 1949
1951 1950
1952 1951
1953 1952
1954 1953
1955 1954
1956 1959
1957 1955
1958 1956
1959 1957
1960 1958
1961 1960
1962 1961
1963 1962
1964 1963
1965 1964
1966 1965
1967 1966
1968 1967
1969 1968
1970 1969
1971 1970
1972 1971
1973 1972
1974 1974
1975 1975
1976 1976
1977 1977
1978 1978
1979 1979
1980 1981
1981 1982
1982 1984
1983 1985
1984 1990
1985 1986
1986 1987
1987 1989
1988 1988
1989 1991
1990 1992
1991 1993
1992 1994
1993 1995
1994 1996
1995 1998
1996 1997
1997 1999
1998 2000
1999 2001
2000 2002
2001 2003
2002 2004
2003 2005
2004 2006
2005 2007
2006 2008
2007 2009
2008 2010
2009 2011
2010 2012
2011 2013
2012 2018
2013 2021
2014 2019
2015 2014
2016 2017
2017 2015
2018 2016
2019 2020
2020 2022
2021 2023
2022 2024
2023 2025
2024 2026
2025 2027
2026 2028
2027 2029
2028 2030
2029 2031
2030 2032
2031 2034
2032 2033
2033 2035
2034 2036
2035 2038
2036 2037
2037 2039
2038 2040
2039 2041
2040 2042
2041 2043
2042 2044
2043 2045
2044 2046
2045 2048
2046 2049
2047 2050
2048 2051
2049 2052
2050 2053
2051 2054
2052 2055
2053 2056
2054 2057
2055 2058
2056 2084
2057 2059
2058 2060
2059 2061
2060 2062
2061 2063
2062 2136
2063 2064
2064 2065
2065 2138
2066 2066
2067 2067
2068 2068
2069 2069
2070 2070
2071 2083
2072 2082
2073 2072
2074 2071
2075 2073
2076 2101
2077 2102
2078 2144
2079 2100
2080 2074
2081 2075
2082 2076
2083 2078
2084 2077
2085 2080
2086 2079
2087 2081
2088 2085
2089 2087
2090 2086
2091 2088
2092 2177
2093 2151
2094 2099
2095 2089
2096 2090
2097 2146
2098 2091
2099 2093
2100 2092
2101 2094
2102 2140
2103 2139
2104 2095
2105 2096
2106 2097
2107 2098
2108 2135
2109 2103
2110 2104
2111 2105
2112 2109
2113 2106
2114 2107
2115 2108
2116 2110
2117 2111
2118 2112
2119 2113
2120 2114
2121 2115
2122 2116
2123 2117
2124 2118
2125 2119
2126 2120
2127 2121
2128 2122
2129 2123
2130 2124
2131 2125
2132 2126
2133 2127
2134 2158
2135 2128
2136 2129
2137 2130
2138 2131
2139 2132
2140 2133
2141 2134
2142 2141
2143 2137
2144 2142
2145 2143
2146 2145
2147 2147
2148 2148
2149 2149
2150 2150
2151 2179
2152 2152
2153 2156
2154 2186
2155 2183
2156 2153
2157 2154
2158 2155
2159 2157
2160 2161
2161 2159
2162 2160
2163 2162
2164 2163
2165 2164
2166 2165
2167 2166
2168 2167
2169 2168
2170 2170
2171 2169
2172 2171
2173 2172
2174 2173
2175 2174
2176 2175
2177 2176
2178 2178
2179 2180
2180 2181
2181 2182
2182 2190
2183 2189
2184 2184
2185 2185
2186 2193
2187 2187
2188 2188
2189 2192
2190 2191
2191 2195
2192 2196
2193 2198
2194 2197
2195 2199
2196 2200
2197 2201
2198 2202
2199 2203
2200 2204
2201 2205
2202 2206
2203 2289
2204 2207
2205 2208
2206 2209
2207 2312
2208 2211
2209 2210
2210 2212
2211 2213
2212 2214
2213 2215
2214 2217
2215 2216
2216 2218
2217 2219
2218 2220
2219 2221
2220 2222
2221 2223
2222 2224
2223 2225
2224 2226
2225 2227
2226 2228
2227 2229
2228 2230
2229 2231
2230 2232
2231 2233
2232 2234
2233 2237
2234 2235
2235 2236
2236 2238
2237 2239
2238 2240
2239 2241
2240 2242
2241 2243
2242 2244
2243 2245
2244 2246
2245 2247
2246 2248
2247 2249
2248 2250
2249 2251
2250 2331
2251 2252
2252 2253
2253 2254
2254 2255
2255 2256
2256 2257
2257 2258
2258 2259
2259 2260
2260 2261
2261 2271
2262 2262
2263 2263
2264 2264
2265 2265
2266 2266
2267 2269
2268 2267
2269 2268
2270 2270
2271 2272
2272 2273
2273 2275
2274 2274
2275 2276
2276 2277
2277 2278
2278 2279
2279 2292
2280 2282
2281 2281
2282 2297
2283 2280
2284 2283
2285 2284
2286 2285
2287 2286
2288 2287
2289 2288
2290 2290
2291 2291
2292 2293
2293 2294
2294 2295
2295 2296
2296 2298
2297 2299
2298 2300
2299 2309
2300 2301
2301 2307
2302 2304
2303 2302
2304 2303
2305 2305
2306 2306
2307 2308
2308 2310
2309 2311
2310 2313
2311 2314
2312 2315
2313 2317
2314 2323
2315 2322
2316 2316
2317 2321
2318 2325
2319 2324
2320 2318
2321 2319
2322 2320
2323 2347
2324 2326
2325 2327
2326 2328
2327 2332
2328 2329
2329 2333
2330 2330
2331 2334
2332 2335
2333 2336
2334 2338
2335 2337
2336 2339
2337 2340
2338 2341
2339 2342
2340 2343
2341 2344
2342 2345
2343 2346
2344 2348
2345 2350
2346 2349
2347 2351
2348 2358
2349 2353
2350 2375
2351 2376
2352 2372
2353 2494
2354 2354
2355 2357
2356 2355
2357 2356
2358 2359
2359 2360
2360 2378
2361 2502
2362 2361
2363 2362
2364 2363
2365 2367
2366 2364
2367 2369
2368 2365
2369 2503
2370 2366
2371 2368
2372 2370
2373 2371
2374 2382
2375 2496
2376 2510
2377 2373
2378 2374
2379 2519
2380 2377
2381 2507
2382 2506
2383 2379
2384 2380
2385 2381
2386 2383
2387 2384
2388 2385
2389 2513
2390 2386
2391 2387
2392 2388
2393 2396
2394 2389
2395 2390
2396 2391
2397 2392
2398 2393
2399 2394
2400 2398
2401 2395
2402 2397
2403 2399
2404 2400
2405 2401
2406 2402
2407 2403
2408 2404
2409 2405
2410 2406
2411 2407
2412 2408
2413 2409
2414 2410
2415 2411
2416 2412
2417 2417
2418 2416
2419 2415
2420 2414
2421 2413
2422 2418
2423 2419
2424 2420
2425 2421
2426 2429
2427 2422
2428 2423
2429 2424
2430 2425
2431 2426
2432 2427
2433 2428
2434 2434
2435 2430
2436 2431
2437 2432
2438 2433
2439 2436
2440 2435
2441 2437
2442 2438
2443 2439
2444 2499
2445 2441
2446 2498
2447 2443
2448 2500
2449 2440
2450 2442
2451 2444
2452 2445
2453 2446
2454 2447
2455 2448
2456 2449
2457 2450
2458 2451
2459 2452
2460 2453
2461 2454
2462 2455
2463 2456
2464 2457
2465 2458
2466 2460
2467 2459
2468 2461
2469 2462
2470 2464
2471 2463
2472 2465
2473 2466
2474 2467
2475 2468
2476 2469
2477 2470
2478 2471
2479 2472
2480 2473
2481 2474
2482 2475
2483 2476
2484 2477
2485 2478
2486 2479
2487 2481
2488 2480
2489 2483
2490 2482
2491 2484
2492 2485
2493 2486
2494 2487
2495 2488
2496 2489
2497 2490
2498 2491
2499 2492
2500 2493
2501 2495
2502 2497
2503 2501
2504 2509
2505 2504
2506 2505
2507 2508
2508 2511
2509 2512
2510 2514
2511 2515
2512 2516
2513 2517
2514 2518
2515 2567
2516 2580
2517 2521
2518 2522
2519 2524
2520 2523
2521 2538
2522 2525
2523 2526
2524 2543
2525 2527
2526 2529
2527 2530
2528 2528
2529 2592
2530 2531
2531 2532
2532 2533
2533 2534
2534 2535
2535 2559
2536 2536
2537 2537
2538 2541
2539 2539
2540 2540
2541 2542
2542 2556
2543 2544
2544 2545
2545 2546
2546 2548
2547 2547
2548 2549
2549 2551
2550 2550
2551 2552
2552 2607
2553 2553
2554 2554
2555 2557
2556 2558
2557 2591
2558 2555
2559 2584
2560 2583
2561 2566
2562 2560
2563 2561
2564 2562
2565 2563
2566 2564
2567 2565
2568 2568
2569 2569
2570 2570
2571 2573
2572 2571
2573 2572
2574 2574
2575 2575
2576 2576
2577 2577
2578 2578
2579 2579
2580 2581
2581 2582
2582 2587
2583 2586
2584 2597
2585 2588
2586 2598
2587 2585
2588 2594
2589 2590
2590 2589
2591 2593
2592 2595
2593 2596
2594 2599
2595 2600
2596 2601
2597 2602
2598 2603
2599 2604
2600 2606
2601 2605
2602 2608
2603 2612
2604 2611
2605 2610
2606 2609
2607 2613
2608 2640
2609 2614
2610 2693
2611 2615
2612 2616
2613 2656
2614 2617
2615 2618
2616 2619
2617 2620
2618 2621
2619 2655
2620 2622
2621 2623
2622 2624
2623 2645
2624 2625
2625 2626
2626 2627
2627 2628
2628 2629
2629 2630
2630 2635
2631 2631
2632 2633
2633 2637
2634 2632
2635 2642
2636 2634
2637 2638
2638 2636
2639 2648
2640 2649
2641 2639
2642 2641
2643 2644
2644 2643
2645 2652
2646 2675
2647 2646
2648 2647
2649 2650
2650 2651
2651 2671
2652 2653
2653 2654
2654 2667
2655 2690
2656 2657
2657 2658
2658 2659
2659 2661
2660 2663
2661 2660
2662 2662
2663 2676
2664 2664
2665 2665
2666 2666
2667 2668
2668 2669
2669 2685
2670 2670
2671 2672
2672 2673
2673 2674
2674 2677
2675 2678
2676 2679
2677 2680
2678 2681
2679 2682
2680 2683
2681 2684
2682 2688
2683 2686
2684 2687
2685 2689
2686 2692
2687 2691
2688 2694
2689 2699
2690 2695
2691 2696
2692 2697
2693 2698
2694 2700
