0 3
1 3
2 3
3 3
3 2
3 0
3 1
3 3
1 2
0 2
3 2
2 2
2 3
2 0
2 1
2 2
3 0
1 0
2 0
0 0
0 3
0 2
0 1
0 0
2 1
0 1
3 1
1 1
1 3
1 2
1 0
1 1
4 6
5 6
6 6
6 5
6 4
6 6
4 5
6 5
5 5
5 6
5 4
5 5
6 4
7 4
8 4
5 4
9 4
4 4
4 6
4 5
4 7
4 8
4 9
4 4
4 7
8 7
9 7
7 7
7 4
7 8
7 9
7 7
4 8
7 8
10 8
8 8
8 4
8 7
8 10
8 8
10 9
4 9
7 9
9 9
9 4
9 7
9 10
9 9
8 10
9 10
10 10
10 8
10 9
10 10
11 11
11 11
12 12
12 12
13 13
13 13
14 14
14 14
15 15
15 15
16 16
16 16
17 17
17 17
18 18
18 18
19 19
19 19
20 20
20 20
21 21
21 21
22 22
22 22
23 23
23 23
24 26
25 26
26 26
26 24
26 25
26 26
26 24
25 24
27 24
24 24
24 26
24 25
24 27
24 24
26 25
24 25
27 25
25 25
25 26
25 24
25 27
25 25
24 27
25 27
27 27
27 24
27 25
27 27
28 28
28 28
29 29
29 29
30 30
30 30
31 31
31 31
32 32
32 32
33 33
33 33
34 36
35 36
36 36
36 34
36 35
36 36
36 34
35 34
34 34
34 36
34 35
34 34
36 35
34 35
35 35
35 36
35 34
35 35
37 39
38 39
39 39
39 38
39 37
39 39
39 38
37 38
38 38
38 39
38 37
38 38
38 37
39 37
37 37
37 39
37 38
37 37
40 40
40 40
41 41
41 41
42 42
42 42
43 43
43 43
44 46
45 46
46 46
46 45
46 44
46 46
44 45
46 45
45 45
45 46
45 44
45 45
45 44
46 44
44 44
44 46
44 45
44 44
47 47
47 47
48 48
48 48
49 49
49 49
50 50
50 50
51 51
51 51
52 52
52 52
53 53
53 53
54 54
54 54
55 55
55 55
56 58
57 58
58 58
58 56
58 57
58 58
58 56
57 56
56 56
56 58
56 57
56 56
59 61
60 61
61 61
61 60
61 59
61 61
62 57
56 57
59 57
58 57
57 57
57 58
57 56
57 59
57 62
57 57
61 60
62 60
59 60
60 60
60 61
60 59
60 62
60 60
63 59
57 59
61 59
60 59
59 59
59 61
59 57
59 60
59 63
59 59
60 62
57 62
63 62
64 62
62 62
62 57
62 60
62 63
62 64
62 62
59 63
62 63
64 63
63 63
63 59
63 62
63 64
63 63
62 64
63 64
64 64
64 62
64 63
64 64
65 65
65 65
66 68
67 68
68 68
68 66
68 67
68 68
67 66
68 66
66 66
66 68
66 67
66 66
66 67
68 67
67 67
67 68
67 66
67 67
69 69
69 69
70 72
71 72
72 72
72 70
72 71
72 72
72 70
71 70
70 70
70 72
70 71
70 70
72 71
70 71
71 71
71 72
71 70
71 71
73 73
73 73
74 74
74 74
75 75
75 75
76 78
77 78
78 78
78 76
78 77
78 78
78 76
77 76
79 76
76 76
76 78
76 77
76 79
76 76
78 77
79 77
76 77
77 77
77 78
77 76
77 79
77 77
77 79
76 79
79 79
79 76
79 77
79 79
80 80
80 80
81 81
81 81
82 84
83 84
84 84
84 83
84 82
84 84
85 83
84 83
83 83
83 84
83 85
83 83
84 82
85 82
82 82
82 84
82 85
82 82
82 85
83 85
85 85
85 83
85 82
85 85
86 86
86 86
87 87
87 87
88 88
88 88
89 91
90 91
91 91
91 89
91 90
91 91
92 89
91 89
89 89
89 91
89 92
89 89
92 90
91 90
90 90
90 91
90 92
90 90
89 92
90 92
92 92
92 89
92 90
92 92
93 96
94 96
95 96
96 96
96 94
96 95
96 93
96 96
96 94
95 94
93 94
94 94
94 96
94 95
94 93
94 94
94 95
96 95
93 95
97 95
95 95
95 96
95 94
95 93
95 97
95 95
94 93
97 93
95 93
96 93
93 93
93 96
93 94
93 95
93 97
93 93
95 97
93 97
97 97
97 95
97 93
97 97
98 98
98 98
99 99
99 99
100 100
100 100
101 101
101 101
102 102
102 102
103 105
104 105
105 105
105 104
105 103
105 105
106 104
105 104
104 104
104 105
104 106
104 104
105 103
106 103
103 103
103 105
103 106
103 103
103 106
104 106
106 106
106 104
106 103
106 106
107 109
108 109
109 109
109 107
109 108
109 109
109 107
108 107
107 107
107 109
107 108
107 107
109 108
107 108
108 108
108 109
108 107
108 108
110 110
110 110
111 112
112 112
112 111
112 112
112 111
111 111
111 112
111 111
113 114
114 114
114 113
114 114
114 113
115 113
113 113
113 114
113 115
113 113
113 115
116 115
115 115
115 113
115 116
115 115
115 116
116 116
116 115
116 116
117 119
118 119
119 119
119 117
119 118
119 119
119 117
118 117
117 117
117 119
117 118
117 117
120 118
117 118
119 118
118 118
118 119
118 117
118 120
118 118
118 120
120 120
120 118
120 120
121 122
122 122
122 121
122 122
122 121
121 121
121 122
121 121
123 124
124 124
124 123
124 124
124 123
123 123
123 124
123 123
125 126
126 126
126 125
126 126
126 125
125 125
125 126
125 125
127 128
128 128
128 127
128 128
128 127
127 127
127 128
127 127
129 130
130 130
130 129
130 130
130 129
131 129
129 129
129 130
129 131
129 129
129 131
131 131
131 129
131 131
132 133
133 133
133 132
133 133
133 132
134 132
132 132
132 133
132 134
132 132
132 134
134 134
134 132
134 134
135 136
136 136
136 135
136 136
136 135
137 135
135 135
135 136
135 137
135 135
135 137
137 137
137 135
137 137
138 139
139 139
139 138
139 139
139 138
138 138
138 139
138 138
140 141
141 141
141 140
141 141
141 140
140 140
140 141
140 140
142 144
143 144
144 144
144 142
144 143
144 144
144 142
143 142
142 142
142 144
142 143
142 142
144 143
142 143
145 143
143 143
143 144
143 142
143 145
143 143
143 145
145 145
145 143
145 145
146 147
147 147
147 146
147 147
147 146
146 146
146 147
146 146
148 150
149 150
150 150
150 149
150 148
150 150
151 149
150 149
149 149
149 150
149 151
149 149
151 148
150 148
148 148
148 150
148 151
148 148
149 151
152 151
148 151
151 151
151 149
151 148
151 152
151 151
151 152
153 152
152 152
152 151
152 153
152 152
152 153
153 153
153 152
153 153
154 156
155 156
156 156
156 154
156 155
156 156
155 154
156 154
154 154
154 156
154 155
154 154
157 155
154 155
156 155
155 155
155 156
155 154
155 157
155 155
155 157
157 157
157 155
157 157
158 159
159 159
159 158
159 159
159 158
160 158
158 158
158 159
158 160
158 158
158 160
160 160
160 158
160 160
161 162
162 162
162 161
162 162
162 161
161 161
161 162
161 161
163 164
164 164
164 163
164 164
164 163
163 163
163 164
163 163
165 166
166 166
166 165
166 166
166 165
165 165
165 166
165 165
167 168
168 168
168 167
168 168
168 167
167 167
167 168
167 167
169 170
170 170
170 169
170 170
170 169
169 169
169 170
169 169
171 172
172 172
172 171
172 172
172 171
171 171
171 172
171 171
173 174
174 174
174 173
174 174
174 173
173 173
173 174
173 173
175 176
176 176
176 175
176 176
176 175
175 175
175 176
175 175
177 178
178 178
178 177
178 178
178 177
177 177
177 178
177 177
179 180
180 180
180 179
180 180
180 179
179 179
179 180
179 179
181 182
182 182
182 181
182 182
183 181
182 181
181 181
181 182
181 183
181 181
181 183
184 183
183 183
183 181
183 184
183 183
183 184
184 184
184 183
184 184
185 186
186 186
186 185
186 186
186 185
185 185
185 186
185 185
187 188
188 188
188 187
188 188
188 187
187 187
187 188
187 187
189 190
190 190
190 189
190 190
190 189
189 189
189 190
189 189
191 192
192 192
192 191
192 192
192 191
191 191
191 192
191 191
193 194
194 194
194 193
194 194
194 193
193 193
193 194
193 193
195 196
196 196
196 195
196 196
196 195
195 195
195 196
195 195
197 198
198 198
198 197
198 198
198 197
197 197
197 198
197 197
199 200
200 200
200 199
200 200
200 199
199 199
199 200
199 199
201 202
202 202
202 201
202 202
202 201
201 201
201 202
201 201
203 205
204 205
205 205
205 203
205 204
205 205
205 203
204 203
206 203
203 203
203 205
203 204
203 206
203 203
203 204
206 204
205 204
204 204
204 205
204 203
204 206
204 204
203 206
204 206
207 206
206 206
206 203
206 204
206 207
206 206
206 207
207 207
207 206
207 207
208 209
209 209
209 208
209 209
209 208
208 208
208 209
208 208
210 211
211 211
211 210
211 211
211 210
212 210
210 210
210 211
210 212
210 210
210 212
212 212
212 210
212 212
213 214
214 214
214 213
214 214
214 213
213 213
213 214
213 213
215 216
216 216
216 215
216 216
216 215
215 215
215 216
215 215
217 218
218 218
218 217
218 218
218 217
217 217
217 218
217 217
219 220
220 220
220 219
220 220
220 219
221 219
219 219
219 220
219 221
219 219
219 221
221 221
221 219
221 221
222 223
223 223
223 222
223 223
223 222
224 222
222 222
222 223
222 224
222 222
222 224
225 224
226 224
224 224
224 222
224 226
224 225
224 224
225 227
226 227
227 227
227 226
227 225
227 227
227 226
224 226
228 226
226 226
226 224
226 227
226 228
226 226
227 225
224 225
228 225
225 225
225 224
225 227
225 228
225 225
226 228
225 228
229 228
228 228
228 226
228 225
228 229
228 228
228 229
230 229
229 229
229 228
229 230
229 229
229 230
231 230
230 230
230 229
230 231
230 230
232 233
233 233
233 232
233 233
230 231
234 231
231 231
231 230
231 234
231 231
234 232
233 232
232 232
232 233
232 234
232 232
234 235
235 235
235 234
235 235
232 234
235 234
236 234
231 234
234 234
234 231
234 232
234 235
234 236
234 234
234 236
236 236
236 234
236 236
237 238
238 238
238 237
238 238
238 237
237 237
237 238
237 237
239 240
240 240
240 239
240 240
240 239
239 239
239 240
239 239
241 242
242 242
242 241
242 242
242 241
241 241
241 242
241 241
243 244
244 244
244 243
244 244
245 243
244 243
243 243
243 244
243 245
243 243
243 245
245 245
245 243
245 245
246 247
247 247
247 246
247 247
247 246
246 246
246 247
246 246
248 249
249 249
249 248
249 249
249 248
248 248
248 249
248 248
250 251
251 251
251 250
251 251
251 250
250 250
250 251
250 250
252 253
253 253
253 252
253 253
253 252
252 252
252 253
252 252
254 255
255 255
255 254
255 255
256 254
255 254
254 254
254 255
254 256
254 254
254 256
256 256
256 254
256 256
257 258
258 258
258 257
258 258
258 257
257 257
257 258
257 257
259 260
260 260
260 259
260 260
260 259
261 259
259 259
259 260
259 261
259 259
262 261
259 261
261 261
261 259
261 262
261 261
261 262
262 262
262 261
262 262
263 264
264 264
264 263
264 264
264 263
265 263
263 263
263 264
263 265
263 263
263 265
266 265
265 265
265 263
265 266
265 265
265 266
266 266
266 265
266 266
267 268
268 268
268 267
268 268
268 267
267 267
267 268
267 267
269 270
270 270
270 269
270 270
270 269
269 269
269 270
269 269
271 272
272 272
272 271
272 272
272 271
271 271
271 272
271 271
273 274
274 274
274 273
274 274
274 273
273 273
273 274
273 273
275 276
276 276
276 275
276 276
276 275
275 275
275 276
275 275
277 278
278 278
278 277
278 278
278 277
277 277
277 278
277 277
279 280
280 280
280 279
280 280
280 279
279 279
279 280
279 279
281 282
282 282
282 281
282 282
282 281
281 281
281 282
281 281
283 284
284 284
284 283
284 284
284 283
283 283
283 284
283 283
285 286
286 286
286 285
286 286
286 285
285 285
285 286
285 285
287 288
288 288
288 287
288 288
289 287
288 287
287 287
287 288
287 289
287 287
287 289
289 289
289 287
289 289
290 291
291 291
291 290
291 291
291 290
290 290
290 291
290 290
292 293
293 293
293 292
293 293
293 292
294 292
292 292
292 293
292 294
292 292
294 295
295 295
295 294
295 295
294 296
296 296
296 294
296 296
292 294
295 294
296 294
297 294
294 294
294 292
294 295
294 296
294 297
294 294
294 297
297 297
297 294
297 297
298 299
299 299
299 298
299 299
298 300
300 300
300 298
300 300
298 301
301 301
301 298
301 301
300 298
301 298
299 298
302 298
298 298
298 299
298 300
298 301
298 302
298 298
303 302
298 302
302 302
302 298
302 303
302 302
304 303
302 303
303 303
303 302
303 304
303 303
303 304
305 304
304 304
304 303
304 305
304 304
304 305
306 305
305 305
305 304
305 306
305 305
305 306
306 306
306 305
306 306
307 308
308 308
308 307
308 308
308 307
309 307
307 307
307 308
307 309
307 307
307 309
309 309
309 307
309 309
310 311
311 311
311 310
311 311
311 310
310 310
310 311
310 310
312 313
313 313
313 312
313 313
313 312
312 312
312 313
312 312
314 315
315 315
315 314
315 315
316 314
315 314
314 314
314 315
314 316
314 314
314 316
316 316
316 314
316 316
317 318
318 318
318 317
318 318
318 317
317 317
317 318
317 317
319 320
320 320
320 319
320 320
320 319
319 319
319 320
319 319
321 322
322 322
322 321
322 322
322 321
321 321
321 322
321 321
323 324
324 324
324 323
324 324
324 323
323 323
323 324
323 323
325 326
326 326
326 325
326 326
326 325
325 325
325 326
325 325
327 328
328 328
328 327
328 328
328 327
327 327
327 328
327 327
329 330
330 330
330 329
330 330
330 329
331 329
329 329
329 330
329 331
329 329
329 331
331 331
331 329
331 331
332 333
333 333
333 332
333 333
333 332
334 332
332 332
332 333
332 334
332 332
332 334
334 334
334 332
334 334
335 336
336 336
336 335
336 336
336 335
335 335
335 336
335 335
337 338
338 338
338 337
338 338
338 337
339 337
337 337
337 338
337 339
337 337
337 339
339 339
339 337
339 339
340 341
341 341
341 340
341 341
341 340
340 340
340 341
340 340
342 343
343 343
343 342
343 343
343 342
342 342
342 343
342 342
344 345
345 345
345 344
345 345
345 344
344 344
344 345
344 344
346 347
347 347
347 346
347 347
347 346
346 346
346 347
346 346
348 350
349 350
350 350
350 349
350 348
350 350
351 352
348 352
349 352
352 352
352 349
352 348
352 351
352 352
352 349
350 349
351 349
349 349
349 350
349 352
349 351
349 349
350 348
351 348
352 348
348 348
348 350
348 352
348 351
348 348
349 351
352 351
348 351
353 351
351 351
351 352
351 349
351 348
351 353
351 351
351 353
353 353
353 351
353 353
354 355
355 355
355 354
355 355
354 356
356 356
356 354
356 356
357 354
355 354
356 354
354 354
354 355
354 356
354 357
354 354
354 357
357 357
357 354
357 357
358 359
359 359
359 358
359 359
359 358
358 358
358 359
358 358
360 361
361 361
361 360
361 361
361 360
360 360
360 361
360 360
362 363
363 363
363 362
363 363
364 362
363 362
362 362
362 363
362 364
362 362
365 364
362 364
364 364
364 362
364 365
364 364
364 365
365 365
365 364
365 365
366 367
367 367
367 366
367 367
367 366
366 366
366 367
366 366
368 369
369 369
369 368
369 369
369 368
368 368
368 369
368 368
370 371
371 371
371 370
371 371
371 370
372 370
370 370
370 371
370 372
370 370
370 372
372 372
372 370
372 372
373 374
374 374
374 373
374 374
373 375
375 375
375 373
375 375
374 373
375 373
376 373
373 373
373 374
373 375
373 376
373 373
373 376
376 376
376 373
376 376
377 378
378 378
378 377
378 378
379 377
378 377
377 377
377 378
377 379
377 377
377 379
379 379
379 377
379 379
380 381
381 381
381 380
381 381
381 380
380 380
380 381
380 380
382 383
383 383
383 382
383 383
383 382
382 382
382 383
382 382
384 385
385 385
385 384
385 385
385 384
384 384
384 385
384 384
386 387
387 387
387 386
387 387
387 386
388 386
386 386
386 387
386 388
386 386
386 388
388 388
388 386
388 388
389 390
390 390
390 389
390 390
390 389
389 389
389 390
389 389
391 392
392 392
392 391
392 392
392 391
391 391
391 392
391 391
393 394
394 394
394 393
394 394
394 393
393 393
393 394
393 393
395 396
396 396
396 395
396 396
396 395
395 395
395 396
395 395
397 398
398 398
398 397
398 398
397 399
399 399
399 397
399 399
399 397
398 397
400 397
397 397
397 398
397 399
397 400
397 397
397 400
401 400
400 400
400 397
400 401
400 400
400 401
401 401
401 400
401 401
402 403
403 403
403 402
403 403
403 402
402 402
402 403
402 402
404 405
405 405
405 404
405 405
405 404
404 404
404 405
404 404
406 407
407 407
407 406
407 407
407 406
406 406
406 407
406 406
408 409
409 409
409 408
409 409
409 408
408 408
408 409
408 408
410 411
411 411
411 410
411 411
411 410
410 410
410 411
410 410
412 413
413 413
413 412
413 413
413 412
412 412
412 413
412 412
414 415
415 415
415 414
415 415
415 414
414 414
414 415
414 414
416 417
417 417
417 416
417 417
417 416
416 416
416 417
416 416
418 419
419 419
419 418
419 419
419 418
418 418
418 419
418 418
420 421
421 421
421 420
421 421
421 420
422 420
420 420
420 421
420 422
420 420
420 422
422 422
422 420
422 422
423 424
424 424
424 423
424 424
424 423
423 423
423 424
423 423
425 427
426 427
427 427
427 426
427 425
427 427
425 426
427 426
426 426
426 427
426 425
426 426
428 425
427 425
426 425
425 425
425 427
425 426
425 428
425 425
425 428
428 428
428 425
428 428
429 431
430 431
431 431
431 430
431 429
431 431
429 430
431 430
430 430
430 431
430 429
430 430
432 429
431 429
430 429
429 429
429 431
429 430
429 432
429 429
429 432
432 432
432 429
432 432
433 434
434 434
434 433
434 434
434 433
433 433
433 434
433 433
435 436
436 436
436 435
436 436
436 435
437 435
435 435
435 436
435 437
435 435
435 437
437 437
437 435
437 437
438 439
439 439
439 438
439 439
439 438
438 438
438 439
438 438
440 441
441 441
441 440
441 441
441 440
440 440
440 441
440 440
442 443
443 443
443 442
443 443
443 442
442 442
442 443
442 442
444 446
445 446
446 446
446 444
446 445
446 446
446 444
445 444
444 444
444 446
444 445
444 444
446 445
444 445
447 445
445 445
445 446
445 444
445 447
445 445
445 447
447 447
447 445
447 447
448 449
449 449
449 448
449 449
449 448
450 448
448 448
448 449
448 450
448 448
448 450
450 450
450 448
450 450
451 452
452 452
452 451
452 452
452 451
451 451
451 452
451 451
453 454
454 454
454 453
454 454
454 453
453 453
453 454
453 453
455 456
456 456
456 455
456 456
456 455
455 455
455 456
455 455
457 458
458 458
458 457
458 458
458 457
459 457
457 457
457 458
457 459
457 457
457 459
459 459
459 457
459 459
460 462
461 462
462 462
462 460
462 461
462 462
462 460
461 460
460 460
460 462
460 461
460 460
462 461
460 461
463 461
461 461
461 462
461 460
461 463
461 461
461 463
463 463
463 461
463 463
464 465
465 465
465 464
465 465
466 464
465 464
464 464
464 465
464 466
464 464
464 466
466 466
466 464
466 466
467 468
468 468
468 467
468 468
468 467
467 467
467 468
467 467
469 470
470 470
470 469
470 470
470 469
469 469
469 470
469 469
471 472
472 472
472 471
472 472
473 471
472 471
471 471
471 472
471 473
471 471
471 473
473 473
473 471
473 473
474 475
475 475
475 474
475 475
475 474
474 474
474 475
474 474
476 477
477 477
477 476
477 477
477 476
478 476
476 476
476 477
476 478
476 476
476 478
478 478
478 476
478 478
479 480
480 480
480 479
480 480
481 479
480 479
479 479
479 480
479 481
479 479
479 481
481 481
481 479
481 481
482 483
483 483
483 482
483 483
483 482
484 482
482 482
482 483
482 484
482 482
482 484
485 484
484 484
484 482
484 485
484 484
486 485
484 485
485 485
485 484
485 486
485 485
485 486
486 486
486 485
486 486
487 488
488 488
488 487
488 488
488 487
487 487
487 488
487 487
489 490
490 490
490 489
490 490
490 489
489 489
489 490
489 489
491 492
492 492
492 491
492 492
492 491
491 491
491 492
491 491
493 494
494 494
494 493
494 494
494 493
493 493
493 494
493 493
495 496
496 496
496 495
496 496
495 497
497 497
497 495
497 497
496 495
498 495
497 495
495 495
495 496
495 497
495 498
495 495
495 498
499 498
498 498
498 495
498 499
498 498
498 499
499 499
499 498
499 499
500 501
501 501
501 500
501 501
501 500
500 500
500 501
500 500
502 503
503 503
503 502
503 503
503 502
502 502
502 503
502 502
504 505
505 505
505 504
505 505
505 504
504 504
504 505
504 504
506 507
507 507
507 506
507 507
507 506
508 506
506 506
506 507
506 508
506 506
506 508
508 508
508 506
508 508
509 510
510 510
510 509
510 510
510 509
509 509
509 510
509 509
511 512
512 512
512 511
512 512
512 511
513 511
511 511
511 512
511 513
511 511
511 513
513 513
513 511
513 513
514 515
515 515
515 514
515 515
515 514
514 514
514 515
514 514
516 517
517 517
517 516
517 517
517 516
518 516
516 516
516 517
516 518
516 516
516 518
518 518
518 516
518 518
519 520
520 520
520 519
520 520
520 519
519 519
519 520
519 519
521 522
522 522
522 521
522 522
522 521
521 521
521 522
521 521
523 524
524 524
524 523
524 524
524 523
523 523
523 524
523 523
525 526
526 526
526 525
526 526
526 525
527 525
528 525
529 525
525 525
525 526
525 528
525 529
525 527
525 525
525 528
527 528
528 528
528 525
528 527
528 528
525 529
527 529
529 529
529 525
529 527
529 529
527 530
530 530
530 527
530 530
531 527
530 527
529 527
528 527
525 527
527 527
527 525
527 528
527 529
527 530
527 531
527 527
527 531
531 531
531 527
531 531
532 533
533 533
533 532
533 533
533 532
532 532
532 533
532 532
534 535
535 535
535 534
535 535
535 534
534 534
534 535
534 534
536 537
537 537
537 536
537 537
537 536
538 536
539 536
540 536
536 536
536 537
536 540
536 539
536 538
536 536
538 540
539 540
536 540
540 540
540 536
540 539
540 538
540 540
540 539
536 539
538 539
539 539
539 536
539 540
539 538
539 539
539 538
536 538
541 538
540 538
538 538
538 536
538 540
538 539
538 541
538 538
538 541
541 541
541 538
541 541
542 543
543 543
543 542
543 543
543 542
542 542
542 543
542 542
544 545
545 545
545 544
545 545
545 544
544 544
544 545
544 544
546 547
547 547
547 546
547 547
547 546
548 546
546 546
546 547
546 548
546 546
546 548
548 548
548 546
548 548
549 550
550 550
550 549
550 550
550 549
549 549
549 550
549 549
551 552
552 552
552 551
552 552
552 551
551 551
551 552
551 551
553 554
554 554
554 553
554 554
554 553
553 553
553 554
553 553
555 556
556 556
556 555
556 556
556 555
557 555
555 555
555 556
555 557
555 555
555 557
557 557
557 555
557 557
558 559
559 559
559 558
559 559
559 558
558 558
558 559
558 558
560 561
561 561
561 560
561 561
561 560
560 560
560 561
560 560
562 563
563 563
563 562
563 563
563 562
562 562
562 563
562 562
564 565
565 565
565 564
565 565
566 564
565 564
564 564
564 565
564 566
564 564
564 566
567 566
566 566
566 564
566 567
566 566
566 567
567 567
567 566
567 567
568 569
569 569
569 568
569 569
569 568
568 568
568 569
568 568
570 571
571 571
571 570
571 571
571 570
570 570
570 571
570 570
572 573
573 573
573 572
573 573
573 572
574 572
572 572
572 573
572 574
572 572
572 574
574 574
574 572
574 574
575 576
576 576
576 575
576 576
576 575
575 575
575 576
575 575
577 579
578 579
579 579
579 577
579 578
579 579
579 577
578 577
577 577
577 579
577 578
577 577
579 578
577 578
580 578
578 578
578 579
578 577
578 580
578 578
578 580
580 580
580 578
580 580
581 582
582 582
582 581
582 582
582 581
581 581
581 582
581 581
583 584
584 584
584 583
584 584
584 583
583 583
583 584
583 583
585 586
586 586
586 585
586 586
586 585
587 585
585 585
585 586
585 587
585 585
585 587
587 587
587 585
587 587
588 589
589 589
589 588
589 589
589 588
588 588
588 589
588 588
590 591
591 591
591 590
591 591
591 590
590 590
590 591
590 590
592 593
593 593
593 592
593 593
593 592
594 592
592 592
592 593
592 594
592 592
592 594
595 594
594 594
594 592
594 595
594 594
594 595
595 595
595 594
595 595
596 597
597 597
597 596
597 597
597 596
596 596
596 597
596 596
598 599
599 599
599 598
599 599
599 598
598 598
598 599
598 598
600 601
601 601
601 600
601 601
601 600
602 600
600 600
600 601
600 602
600 600
603 604
604 604
604 603
604 604
600 602
605 602
602 602
602 600
602 605
602 602
606 607
607 607
607 606
607 607
608 603
604 603
603 603
603 604
603 608
603 603
602 605
609 605
608 605
605 605
605 602
605 608
605 609
605 605
610 606
609 606
608 606
607 606
606 606
606 607
606 608
606 609
606 610
606 606
610 608
606 608
605 608
603 608
608 608
608 603
608 605
608 606
608 610
608 608
606 609
610 609
605 609
609 609
609 605
609 606
609 610
609 609
608 610
606 610
609 610
611 610
610 610
610 606
610 608
610 609
610 611
610 610
610 611
611 611
611 610
611 611
612 613
613 613
613 612
613 613
613 612
612 612
612 613
612 612
614 615
615 615
615 614
615 615
615 614
614 614
614 615
614 614
616 617
617 617
617 616
617 617
617 616
618 616
616 616
616 617
616 618
616 616
616 618
618 618
618 616
618 618
619 620
620 620
620 619
620 620
620 619
621 619
619 619
619 620
619 621
619 619
622 621
623 621
624 621
619 621
621 621
621 619
621 623
621 624
621 622
621 621
621 623
625 623
623 623
623 621
623 625
623 623
621 624
625 624
624 624
624 621
624 625
624 624
625 622
621 622
622 622
622 621
622 625
622 622
625 626
626 626
626 625
626 626
626 625
622 625
624 625
623 625
627 625
625 625
625 623
625 624
625 622
625 626
625 627
625 625
627 628
628 628
628 627
628 628
627 629
629 629
629 627
629 629
630 627
628 627
625 627
629 627
627 627
627 625
627 628
627 629
627 630
627 627
627 630
630 630
630 627
630 630
631 632
632 632
632 631
632 632
632 631
633 631
631 631
631 632
631 633
631 631
631 633
633 633
633 631
633 633
634 635
635 635
635 634
635 635
634 636
636 636
636 634
636 636
637 634
635 634
636 634
634 634
634 635
634 636
634 637
634 634
634 637
637 637
637 634
637 637
638 639
639 639
639 638
639 639
639 638
640 638
638 638
638 639
638 640
638 638
638 640
640 640
640 638
640 640
641 642
642 642
642 641
642 642
642 641
641 641
641 642
641 641
643 644
644 644
644 643
644 644
644 643
643 643
643 644
643 643
645 646
646 646
646 645
646 646
646 645
645 645
645 646
645 645
647 648
648 648
648 647
648 648
649 650
650 650
650 649
650 650
651 652
652 652
652 651
652 652
653 654
654 654
654 653
654 654
648 647
655 647
647 647
647 648
647 655
647 647
650 649
655 649
649 649
649 650
649 655
649 649
656 651
652 651
651 651
651 652
651 656
651 651
656 653
654 653
653 653
653 654
653 656
653 653
657 658
658 658
658 657
658 658
649 655
659 655
657 655
647 655
655 655
655 647
655 649
655 657
655 659
655 655
651 656
657 656
653 656
659 656
656 656
656 651
656 653
656 657
656 659
656 656
658 657
656 657
655 657
660 657
657 657
657 658
657 655
657 656
657 660
657 657
655 659
656 659
660 659
659 659
659 655
659 656
659 660
659 659
661 660
659 660
657 660
660 660
660 657
660 659
660 661
660 660
661 662
662 662
662 661
662 662
662 661
660 661
663 661
661 661
661 660
661 662
661 663
661 661
661 663
663 663
663 661
663 663
664 665
665 665
665 664
665 665
665 664
664 664
664 665
664 664
666 667
667 667
667 666
667 667
667 666
668 666
666 666
666 667
666 668
666 666
666 668
668 668
668 666
668 668
669 670
670 670
670 669
670 670
670 669
669 669
669 670
669 669
671 672
672 672
672 671
672 672
672 671
673 671
671 671
671 672
671 673
671 671
673 674
674 674
674 673
674 674
673 675
675 675
675 673
675 675
673 676
676 676
676 673
676 676
677 673
676 673
675 673
674 673
671 673
673 673
673 671
673 674
673 675
673 676
673 677
673 673
673 677
677 677
677 673
677 677
678 679
679 679
679 678
679 679
679 678
678 678
678 679
678 678
680 681
681 681
681 680
681 681
681 680
680 680
680 681
680 680
682 683
683 683
683 682
683 683
683 682
682 682
682 683
682 682
684 685
685 685
685 684
685 685
685 684
684 684
684 685
684 684
686 687
687 687
687 686
687 687
687 686
688 686
686 686
686 687
686 688
686 686
686 688
689 688
688 688
688 686
688 689
688 688
689 690
690 690
690 689
690 690
691 692
692 692
692 691
692 692
691 689
693 689
690 689
688 689
689 689
689 688
689 690
689 691
689 693
689 689
689 691
694 691
692 691
691 691
691 692
691 689
691 694
691 691
694 693
689 693
693 693
693 689
693 694
693 693
695 694
693 694
691 694
694 694
694 691
694 693
694 695
694 694
694 695
695 695
695 694
695 695
696 697
697 697
697 696
697 697
697 696
696 696
696 697
696 696
698 699
699 699
699 698
699 699
699 698
698 698
698 699
698 698
700 701
701 701
701 700
701 701
701 700
702 700
700 700
700 701
700 702
700 700
700 702
702 702
702 700
702 702
703 705
704 705
705 705
705 703
705 704
705 705
705 703
704 703
703 703
703 705
703 704
703 703
704 706
706 706
706 704
706 706
703 704
705 704
707 704
706 704
704 704
704 705
704 703
704 706
704 707
704 704
704 707
707 707
707 704
707 707
708 709
709 709
709 708
709 709
709 708
708 708
708 709
708 708
710 711
711 711
711 710
711 711
711 710
710 710
710 711
710 710
712 713
713 713
713 712
713 713
713 712
712 712
712 713
712 712
714 715
715 715
715 714
715 715
715 714
714 714
714 715
714 714
716 717
717 717
717 716
717 717
716 718
718 718
718 716
718 718
717 716
718 716
719 716
716 716
716 717
716 718
716 719
716 716
716 719
719 719
719 716
719 719
720 721
721 721
721 720
721 721
720 722
722 722
722 720
722 722
722 720
723 720
721 720
720 720
720 721
720 722
720 723
720 720
720 723
723 723
723 720
723 723
724 725
725 725
725 724
725 725
725 724
724 724
724 725
724 724
726 727
727 727
727 726
727 727
727 726
726 726
726 727
726 726
728 729
729 729
729 728
729 729
729 728
730 728
728 728
728 729
728 730
728 728
728 730
730 730
730 728
730 730
731 732
732 732
732 731
732 732
732 731
731 731
731 732
731 731
733 734
734 734
734 733
734 734
735 733
734 733
733 733
733 734
733 735
733 733
735 736
736 736
736 735
736 736
733 735
736 735
737 735
735 735
735 733
735 736
735 737
735 735
735 737
737 737
737 735
737 737
738 739
739 739
739 738
739 739
739 738
740 738
738 738
738 739
738 740
738 738
738 740
740 740
740 738
740 740
741 742
742 742
742 741
742 742
742 741
741 741
741 742
741 741
743 745
744 745
745 745
745 743
745 744
745 745
744 743
746 743
745 743
743 743
743 745
743 744
743 746
743 743
746 744
745 744
743 744
744 744
744 745
744 743
744 746
744 744
747 748
746 748
748 748
748 747
748 746
748 748
748 747
746 747
747 747
747 748
747 746
747 747
746 749
749 749
749 746
749 749
746 750
750 750
750 746
750 750
743 746
744 746
748 746
747 746
749 746
750 746
751 746
746 746
746 743
746 744
746 748
746 747
746 749
746 750
746 751
746 746
746 751
751 751
751 746
751 751
752 753
753 753
753 752
753 753
754 755
755 755
755 754
755 755
752 757
754 757
756 757
757 757
757 752
757 754
757 756
757 757
753 752
757 752
758 752
752 752
752 753
752 757
752 758
752 752
755 754
757 754
758 754
754 754
754 755
754 757
754 758
754 754
757 756
758 756
756 756
756 757
756 758
756 756
758 759
759 759
759 758
759 759
760 758
759 758
756 758
754 758
752 758
758 758
758 752
758 754
758 756
758 759
758 760
758 758
758 760
760 760
760 758
760 760
761 762
762 762
762 761
762 762
762 761
761 761
761 762
761 761
763 764
764 764
764 763
764 764
764 763
763 763
763 764
763 763
765 766
766 766
766 765
766 766
766 765
765 765
765 766
765 765
767 768
768 768
768 767
768 768
769 767
768 767
767 767
767 768
767 769
767 767
767 769
769 769
769 767
769 769
770 771
771 771
771 770
771 771
770 772
772 772
772 770
772 772
773 774
774 774
774 773
774 774
771 770
773 770
775 770
772 770
770 770
770 771
770 772
770 773
770 775
770 770
774 773
770 773
776 773
775 773
777 773
773 773
773 774
773 770
773 775
773 776
773 777
773 773
770 775
773 775
777 775
775 775
775 770
775 773
775 777
775 775
773 776
777 776
776 776
776 773
776 777
776 776
778 777
773 777
775 777
776 777
777 777
777 773
777 775
777 776
777 778
777 777
777 778
778 778
778 777
778 778
779 780
780 780
780 779
780 780
780 779
779 779
779 780
779 779
781 782
782 782
782 781
782 782
782 781
783 781
781 781
781 782
781 783
781 781
781 783
783 783
783 781
783 783
784 785
785 785
785 784
785 785
784 786
786 786
786 784
786 786
785 784
786 784
787 784
784 784
784 785
784 786
784 787
784 784
784 787
787 787
787 784
787 787
788 789
789 789
789 788
789 789
789 788
788 788
788 789
788 788
790 791
791 791
791 790
791 791
791 790
790 790
790 791
790 790
792 793
793 793
793 792
793 793
793 792
792 792
792 793
792 792
794 795
795 795
795 794
795 795
795 794
794 794
794 795
794 794
796 797
797 797
797 796
797 797
797 796
796 796
796 797
796 796
798 799
799 799
799 798
799 799
799 798
800 798
798 798
798 799
798 800
798 798
798 800
800 800
800 798
800 800
801 802
802 802
802 801
802 802
802 801
801 801
801 802
801 801
803 804
804 804
804 803
804 804
804 803
803 803
803 804
803 803
805 806
806 806
806 805
806 806
806 805
805 805
805 806
805 805
807 808
808 808
808 807
808 808
808 807
807 807
807 808
807 807
809 810
810 810
810 809
810 810
810 809
809 809
809 810
809 809
811 812
812 812
812 811
812 812
812 811
811 811
811 812
811 811
813 814
814 814
814 813
814 814
814 813
813 813
813 814
813 813
815 816
816 816
816 815
816 816
816 815
815 815
815 816
815 815
817 818
818 818
818 817
818 818
819 817
818 817
817 817
817 818
817 819
817 817
817 819
819 819
819 817
819 819
820 821
821 821
821 820
821 821
821 820
822 820
820 820
820 821
820 822
820 820
820 822
822 822
822 820
822 822
823 824
824 824
824 823
824 824
824 823
823 823
823 824
823 823
825 826
826 826
826 825
826 826
826 825
825 825
825 826
825 825
827 828
828 828
828 827
828 828
828 827
827 827
827 828
827 827
829 830
830 830
830 829
830 830
831 829
830 829
829 829
829 830
829 831
829 829
829 831
831 831
831 829
831 831
832 833
833 833
833 832
833 833
833 832
832 832
832 833
832 832
834 836
835 836
836 836
836 835
836 834
836 836
834 835
836 835
835 835
835 836
835 834
835 835
834 837
837 837
837 834
837 837
834 838
838 838
838 834
838 838
834 839
839 839
839 834
839 839
834 840
840 840
840 834
840 840
834 841
841 841
841 834
841 841
842 843
843 843
843 842
843 843
844 845
842 845
845 845
845 842
845 844
845 845
846 847
834 847
847 847
847 834
847 846
847 847
834 848
846 848
848 848
848 834
848 846
848 848
847 834
848 834
846 834
849 834
841 834
840 834
839 834
837 834
835 834
836 834
838 834
834 834
834 836
834 835
834 837
834 838
834 839
834 840
834 841
834 847
834 848
834 846
834 849
834 834
849 842
843 842
845 842
842 842
842 843
842 845
842 849
842 842
845 844
849 844
844 844
844 845
844 849
844 844
834 846
848 846
847 846
850 846
846 846
846 847
846 848
846 834
846 850
846 846
834 849
844 849
842 849
850 849
849 849
849 834
849 842
849 844
849 850
849 849
846 850
849 850
851 850
850 850
850 846
850 849
850 851
850 850
850 851
851 851
851 850
851 851
852 853
853 853
853 852
853 853
853 852
852 852
852 853
852 852
854 855
855 855
855 854
855 855
855 854
854 854
854 855
854 854
856 857
857 857
857 856
857 857
857 856
856 856
856 857
856 856
858 859
859 859
859 858
859 859
859 858
858 858
858 859
858 858
860 861
861 861
861 860
861 861
861 860
862 860
860 860
860 861
860 862
860 860
860 862
862 862
862 860
862 862
863 866
864 866
865 866
866 866
866 865
866 864
866 863
866 866
863 865
866 865
865 865
865 866
865 863
865 865
866 864
863 864
867 864
868 864
864 864
864 866
864 863
864 868
864 867
864 864
866 863
864 863
867 863
865 863
863 863
863 866
863 865
863 864
863 867
863 863
867 868
869 868
864 868
868 868
868 864
868 869
868 867
868 868
867 869
868 869
869 869
869 868
869 867
869 869
868 867
869 867
863 867
864 867
870 867
867 867
867 864
867 863
867 868
867 869
867 870
867 867
867 870
870 870
870 867
870 870
871 872
872 872
872 871
872 872
872 871
871 871
871 872
871 871
873 874
874 874
874 873
874 874
874 873
873 873
873 874
873 873
875 876
876 876
876 875
876 876
876 875
875 875
875 876
875 875
877 878
878 878
878 877
878 878
879 881
880 881
881 881
881 880
881 879
881 881
882 877
878 877
877 877
877 878
877 882
877 877
881 880
879 880
883 880
880 880
880 881
880 879
880 883
880 880
880 879
883 879
881 879
879 879
879 881
879 880
879 883
879 879
877 882
883 882
884 882
882 882
882 877
882 884
882 883
882 882
883 884
882 884
884 884
884 882
884 883
884 884
882 883
879 883
880 883
885 883
884 883
883 883
883 880
883 879
883 882
883 884
883 885
883 883
883 885
886 885
885 885
885 883
885 886
885 885
885 886
886 886
886 885
886 886
887 889
888 889
889 889
889 888
889 887
889 889
887 890
890 890
890 887
890 890
891 892
892 892
892 891
892 892
891 893
893 893
893 891
893 893
894 888
889 888
895 888
888 888
888 889
888 894
888 895
888 888
894 887
895 887
896 887
889 887
890 887
887 887
887 889
887 890
887 894
887 895
887 896
887 887
894 891
895 891
892 891
896 891
893 891
891 891
891 892
891 893
891 894
891 895
891 896
891 891
891 894
896 894
888 894
895 894
887 894
894 894
894 888
894 887
894 891
894 895
894 896
894 894
887 895
891 895
894 895
888 895
896 895
895 895
895 888
895 887
895 891
895 894
895 896
895 895
897 896
894 896
891 896
887 896
895 896
896 896
896 887
896 891
896 894
896 895
896 897
896 896
896 897
897 897
897 896
897 897
898 899
899 899
899 898
899 899
899 898
898 898
898 899
898 898
900 901
901 901
901 900
901 901
902 900
901 900
900 900
900 901
900 902
900 900
900 902
902 902
902 900
902 902
903 904
904 904
904 903
904 904
904 903
905 903
903 903
903 904
903 905
903 903
906 908
907 908
908 908
908 907
908 906
908 908
906 907
908 907
907 907
907 908
907 906
907 907
903 905
906 905
905 905
905 903
905 906
905 905
906 909
909 909
909 906
909 909
906 910
910 910
910 906
910 910
908 906
905 906
909 906
910 906
911 906
907 906
906 906
906 908
906 907
906 905
906 909
906 910
906 911
906 906
906 911
911 911
911 906
911 911
912 913
913 913
913 912
913 913
914 912
913 912
912 912
912 913
912 914
912 912
912 914
914 914
914 912
914 914
915 916
916 916
916 915
916 916
916 915
915 915
915 916
915 915
917 918
918 918
918 917
918 918
918 917
917 917
917 918
917 917
919 920
920 920
920 919
920 920
920 919
919 919
919 920
919 919
921 922
922 922
922 921
922 922
922 921
921 921
921 922
921 921
923 924
924 924
924 923
924 924
924 923
923 923
923 924
923 923
925 926
926 926
926 925
926 926
927 925
926 925
925 925
925 926
925 927
925 925
925 927
927 927
927 925
927 927
928 929
929 929
929 928
929 929
929 928
928 928
928 929
928 928
930 931
931 931
931 930
931 931
931 930
930 930
930 931
930 930
932 933
933 933
933 932
933 933
933 932
932 932
932 933
932 932
934 935
935 935
935 934
935 935
935 934
936 934
934 934
934 935
934 936
934 934
937 936
934 936
936 936
936 934
936 937
936 936
936 937
937 937
937 936
937 937
938 939
939 939
939 938
939 939
939 938
938 938
938 939
938 938
940 941
941 941
941 940
941 941
940 942
942 942
942 940
942 942
941 940
942 940
943 940
940 940
940 941
940 942
940 943
940 940
940 943
943 943
943 940
943 943
944 945
945 945
945 944
945 945
945 944
944 944
944 945
944 944
946 947
947 947
947 946
947 947
947 946
946 946
946 947
946 946
948 949
949 949
949 948
949 949
949 948
950 948
948 948
948 949
948 950
948 948
951 950
948 950
950 950
950 948
950 951
950 950
950 951
951 951
951 950
951 951
952 955
953 955
954 955
955 955
955 954
955 952
955 953
955 955
953 954
955 954
954 954
954 955
954 953
954 954
955 952
953 952
952 952
952 955
952 953
952 952
952 953
954 953
955 953
956 953
953 953
953 955
953 954
953 952
953 956
953 953
953 956
956 956
956 953
956 956
957 958
958 958
958 957
958 958
958 957
957 957
957 958
957 957
959 960
960 960
960 959
960 960
960 959
959 959
959 960
959 959
961 962
962 962
962 961
962 962
962 961
961 961
961 962
961 961
963 964
964 964
964 963
964 964
964 963
963 963
963 964
963 963
965 966
966 966
966 965
966 966
966 965
965 965
965 966
965 965
967 968
968 968
968 967
968 968
968 967
967 967
967 968
967 967
969 970
970 970
970 969
970 970
970 969
969 969
969 970
969 969
971 972
972 972
972 971
972 972
972 971
971 971
971 972
971 971
973 974
974 974
974 973
974 974
974 973
973 973
973 974
973 973
975 976
976 976
976 975
976 976
976 975
975 975
975 976
975 975
977 978
978 978
978 977
978 978
978 977
977 977
977 978
977 977
979 980
980 980
980 979
980 980
980 979
979 979
979 980
979 979
981 982
982 982
982 981
982 982
982 981
981 981
981 982
981 981
983 984
984 984
984 983
984 984
984 983
983 983
983 984
983 983
985 986
986 986
986 985
986 986
986 985
987 985
985 985
985 986
985 987
985 985
985 987
987 987
987 985
987 987
988 989
989 989
989 988
989 989
989 988
988 988
988 989
988 988
990 991
991 991
991 990
991 991
991 990
990 990
990 991
990 990
992 993
993 993
993 992
993 993
993 992
994 992
992 992
992 993
992 994
992 992
994 995
995 995
995 994
995 995
992 994
995 994
996 994
994 994
994 992
994 995
994 996
994 994
994 996
996 996
996 994
996 996
997 998
998 998
998 997
998 998
999 997
998 997
997 997
997 998
997 999
997 997
997 999
999 999
999 997
999 999
1000 1001
1001 1001
1001 1000
1001 1001
1001 1000
1002 1000
1000 1000
1000 1001
1000 1002
1000 1000
1000 1002
1002 1002
1002 1000
1002 1002
1003 1004
1004 1004
1004 1003
1004 1004
1005 1006
1006 1006
1006 1005
1006 1006
1004 1003
1007 1003
1003 1003
1003 1004
1003 1007
1003 1003
1006 1005
1007 1005
1005 1005
1005 1006
1005 1007
1005 1005
1008 1007
1005 1007
1003 1007
1007 1007
1007 1003
1007 1005
1007 1008
1007 1007
1008 1009
1009 1009
1009 1008
1009 1009
1009 1008
1007 1008
1010 1008
1008 1008
1008 1007
1008 1009
1008 1010
1008 1008
1008 1010
1010 1010
1010 1008
1010 1010
1011 1012
1012 1012
1012 1011
1012 1012
1011 1013
1013 1013
1013 1011
1013 1013
1014 1011
1012 1011
1013 1011
1011 1011
1011 1012
1011 1013
1011 1014
1011 1011
1011 1014
1014 1014
1014 1011
1014 1014
1015 1016
1016 1016
1016 1015
1016 1016
1015 1017
1017 1017
1017 1015
1017 1017
1016 1015
1017 1015
1018 1015
1015 1015
1015 1016
1015 1017
1015 1018
1015 1015
1015 1018
1018 1018
1018 1015
1018 1018
1019 1020
1020 1020
1020 1019
1020 1020
1020 1019
1019 1019
1019 1020
1019 1019
1021 1022
1022 1022
1022 1021
1022 1022
1022 1021
1021 1021
1021 1022
1021 1021
1023 1024
1024 1024
1024 1023
1024 1024
1024 1023
1025 1023
1023 1023
1023 1024
1023 1025
1023 1023
1023 1025
1025 1025
1025 1023
1025 1025
1026 1027
1027 1027
1027 1026
1027 1027
1027 1026
1026 1026
1026 1027
1026 1026
1028 1030
1029 1030
1030 1030
1030 1028
1030 1029
1030 1030
1030 1028
1029 1028
1028 1028
1028 1030
1028 1029
1028 1028
1028 1029
1031 1029
1030 1029
1029 1029
1029 1030
1029 1028
1029 1031
1029 1029
1029 1031
1031 1031
1031 1029
1031 1031
1032 1033
1033 1033
1033 1032
1033 1033
1033 1032
1032 1032
1032 1033
1032 1032
1034 1035
1035 1035
1035 1034
1035 1035
1035 1034
1034 1034
1034 1035
1034 1034
1036 1037
1037 1037
1037 1036
1037 1037
1036 1038
1038 1038
1038 1036
1038 1038
1037 1036
1038 1036
1039 1036
1036 1036
1036 1037
1036 1038
1036 1039
1036 1036
1036 1039
1039 1039
1039 1036
1039 1039
1040 1041
1041 1041
1041 1040
1041 1041
1041 1040
1040 1040
1040 1041
1040 1040
1042 1043
1043 1043
1043 1042
1043 1043
1043 1042
1044 1042
1042 1042
1042 1043
1042 1044
1042 1042
1042 1044
1044 1044
1044 1042
1044 1044
1045 1046
1046 1046
1046 1045
1046 1046
1046 1045
1045 1045
1045 1046
1045 1045
1047 1048
1048 1048
1048 1047
1048 1048
1048 1047
1049 1047
1047 1047
1047 1048
1047 1049
1047 1047
1047 1049
1049 1049
1049 1047
1049 1049
1050 1051
1051 1051
1051 1050
1051 1051
1051 1050
1052 1050
1050 1050
1050 1051
1050 1052
1050 1050
1053 1052
1050 1052
1052 1052
1052 1050
1052 1053
1052 1052
1052 1053
1053 1053
1053 1052
1053 1053
1054 1055
1055 1055
1055 1054
1055 1055
1055 1054
1054 1054
1054 1055
1054 1054
1056 1057
1057 1057
1057 1056
1057 1057
1057 1056
1056 1056
1056 1057
1056 1056
1058 1059
1059 1059
1059 1058
1059 1059
1059 1058
1058 1058
1058 1059
1058 1058
1060 1061
1061 1061
1061 1060
1061 1061
1061 1060
1060 1060
1060 1061
1060 1060
1062 1063
1063 1063
1063 1062
1063 1063
1063 1062
1062 1062
1062 1063
1062 1062
1064 1065
1065 1065
1065 1064
1065 1065
1065 1064
1064 1064
1064 1065
1064 1064
1066 1067
1067 1067
1067 1066
1067 1067
1067 1066
1066 1066
1066 1067
1066 1066
1068 1069
1069 1069
1069 1068
1069 1069
1069 1068
1068 1068
1068 1069
1068 1068
1070 1071
1071 1071
1071 1070
1071 1071
1071 1070
1070 1070
1070 1071
1070 1070
1072 1073
1073 1073
1073 1072
1073 1073
1074 1075
1072 1075
1075 1075
1075 1072
1075 1074
1075 1075
1073 1072
1076 1072
1075 1072
1072 1072
1072 1073
1072 1075
1072 1076
1072 1072
1075 1074
1076 1074
1074 1074
1074 1075
1074 1076
1074 1074
1072 1076
1074 1076
1077 1076
1076 1076
1076 1072
1076 1074
1076 1077
1076 1076
1076 1077
1077 1077
1077 1076
1077 1077
1078 1081
1079 1081
1080 1081
1081 1081
1081 1079
1081 1080
1081 1078
1081 1081
1081 1079
1082 1079
1079 1079
1079 1081
1079 1082
1079 1079
1081 1080
1082 1080
1080 1080
1080 1081
1080 1082
1080 1080
1081 1078
1082 1078
1078 1078
1078 1081
1078 1082
1078 1078
1079 1082
1080 1082
1078 1082
1083 1082
1082 1082
1082 1079
1082 1080
1082 1078
1082 1083
1082 1082
1082 1083
1083 1083
1083 1082
1083 1083
1084 1085
1085 1085
1085 1084
1085 1085
1085 1084
1084 1084
1084 1085
1084 1084
1086 1087
1087 1087
1087 1086
1087 1087
1088 1086
1089 1086
1087 1086
1086 1086
1086 1087
1086 1088
1086 1089
1086 1086
1086 1088
1089 1088
1088 1088
1088 1086
1088 1089
1088 1088
1086 1089
1088 1089
1090 1089
1089 1089
1089 1086
1089 1088
1089 1090
1089 1089
1089 1090
1090 1090
1090 1089
1090 1090
1091 1092
1092 1092
1092 1091
1092 1092
1092 1091
1091 1091
1091 1092
1091 1091
1093 1094
1094 1094
1094 1093
1094 1094
1094 1093
1093 1093
1093 1094
1093 1093
1095 1096
1096 1096
1096 1095
1096 1096
1096 1095
1095 1095
1095 1096
1095 1095
1097 1098
1098 1098
1098 1097
1098 1098
1098 1097
1097 1097
1097 1098
1097 1097
1099 1100
1100 1100
1100 1099
1100 1100
1099 1101
1101 1101
1101 1099
1101 1101
1099 1102
1102 1102
1102 1099
1102 1102
1103 1099
1101 1099
1102 1099
1100 1099
1099 1099
1099 1100
1099 1101
1099 1102
1099 1103
1099 1099
1099 1103
1103 1103
1103 1099
1103 1103
1104 1105
1105 1105
1105 1104
1105 1105
1105 1104
1104 1104
1104 1105
1104 1104
1106 1107
1107 1107
1107 1106
1107 1107
1107 1106
1108 1106
1106 1106
1106 1107
1106 1108
1106 1106
1106 1108
1108 1108
1108 1106
1108 1108
1109 1110
1110 1110
1110 1109
1110 1110
1110 1109
1109 1109
1109 1110
1109 1109
1111 1112
1112 1112
1112 1111
1112 1112
1112 1111
1111 1111
1111 1112
1111 1111
1113 1114
1114 1114
1114 1113
1114 1114
1114 1113
1113 1113
1113 1114
1113 1113
1115 1116
1116 1116
1116 1115
1116 1116
1116 1115
1115 1115
1115 1116
1115 1115
1117 1118
1118 1118
1118 1117
1118 1118
1118 1117
1117 1117
1117 1118
1117 1117
1119 1120
1120 1120
1120 1119
1120 1120
1120 1119
1119 1119
1119 1120
1119 1119
1121 1122
1122 1122
1122 1121
1122 1122
1122 1121
1121 1121
1121 1122
1121 1121
1123 1124
1124 1124
1124 1123
1124 1124
1124 1123
1123 1123
1123 1124
1123 1123
1125 1126
1126 1126
1126 1125
1126 1126
1125 1127
1127 1127
1127 1125
1127 1127
1125 1128
1128 1128
1128 1125
1128 1128
1129 1125
1126 1125
1127 1125
1128 1125
1125 1125
1125 1126
1125 1127
1125 1128
1125 1129
1125 1125
1125 1129
1130 1129
1129 1129
1129 1125
1129 1130
1129 1129
1129 1130
1130 1130
1130 1129
1130 1130
1131 1132
1132 1132
1132 1131
1132 1132
1132 1131
1131 1131
1131 1132
1131 1131
1133 1134
1134 1134
1134 1133
1134 1134
1134 1133
1135 1133
1133 1133
1133 1134
1133 1135
1133 1133
1135 1136
1136 1136
1136 1135
1136 1136
1135 1137
1137 1137
1137 1135
1137 1137
1138 1135
1136 1135
1133 1135
1137 1135
1135 1135
1135 1133
1135 1136
1135 1137
1135 1138
1135 1135
1135 1138
1139 1138
1138 1138
1138 1135
1138 1139
1138 1138
1138 1139
1139 1139
1139 1138
1139 1139
1140 1141
1141 1141
1141 1140
1141 1141
1141 1140
1140 1140
1140 1141
1140 1140
1142 1143
1143 1143
1143 1142
1143 1143
1143 1142
1142 1142
1142 1143
1142 1142
1144 1145
1145 1145
1145 1144
1145 1145
1145 1144
1144 1144
1144 1145
1144 1144
1146 1147
1147 1147
1147 1146
1147 1147
1147 1146
1146 1146
1146 1147
1146 1146
1148 1149
1149 1149
1149 1148
1149 1149
1149 1148
1148 1148
1148 1149
1148 1148
1150 1151
1151 1151
1151 1150
1151 1151
1150 1153
1152 1153
1153 1153
1153 1150
1153 1152
1153 1153
1150 1154
1152 1154
1154 1154
1154 1150
1154 1152
1154 1154
1153 1150
1154 1150
1151 1150
1155 1150
1152 1150
1150 1150
1150 1151
1150 1153
1150 1154
1150 1152
1150 1155
1150 1150
1155 1152
1150 1152
1154 1152
1153 1152
1152 1152
1152 1153
1152 1154
1152 1150
1152 1155
1152 1152
1152 1155
1150 1155
1156 1155
1155 1155
1155 1150
1155 1152
1155 1156
1155 1155
1155 1156
1156 1156
1156 1155
1156 1156
1157 1159
1158 1159
1159 1159
1159 1158
1159 1157
1159 1159
1160 1158
1159 1158
1158 1158
1158 1159
1158 1160
1158 1158
1160 1157
1159 1157
1157 1157
1157 1159
1157 1160
1157 1157
1158 1160
1157 1160
1161 1160
1160 1160
1160 1158
1160 1157
1160 1161
1160 1160
1161 1162
1162 1162
1162 1161
1162 1162
1161 1163
1163 1163
1163 1161
1163 1163
1160 1161
1164 1161
1162 1161
1163 1161
1161 1161
1161 1160
1161 1162
1161 1163
1161 1164
1161 1161
1161 1164
1164 1164
1164 1161
1164 1164
1165 1166
1166 1166
1166 1165
1166 1166
1166 1165
1165 1165
1165 1166
1165 1165
1167 1168
1168 1168
1168 1167
1168 1168
1168 1167
1167 1167
1167 1168
1167 1167
1169 1170
1170 1170
1170 1169
1170 1170
1170 1169
1169 1169
1169 1170
1169 1169
1171 1172
1172 1172
1172 1171
1172 1172
1172 1171
1173 1171
1171 1171
1171 1172
1171 1173
1171 1171
1171 1173
1173 1173
1173 1171
1173 1173
1174 1175
1175 1175
1175 1174
1175 1175
1175 1174
1174 1174
1174 1175
1174 1174
1176 1177
1177 1177
1177 1176
1177 1177
1177 1176
1176 1176
1176 1177
1176 1176
1178 1179
1179 1179
1179 1178
1179 1179
1179 1178
1178 1178
1178 1179
1178 1178
1180 1181
1181 1181
1181 1180
1181 1181
1181 1180
1180 1180
1180 1181
1180 1180
1182 1183
1183 1183
1183 1182
1183 1183
1183 1182
1182 1182
1182 1183
1182 1182
1184 1185
1185 1185
1185 1184
1185 1185
1185 1184
1186 1184
1184 1184
1184 1185
1184 1186
1184 1184
1184 1186
1187 1186
1186 1186
1186 1184
1186 1187
1186 1186
1186 1187
1187 1187
1187 1186
1187 1187
1188 1190
1189 1190
1190 1190
1190 1188
1190 1189
1190 1190
1191 1192
1192 1192
1192 1191
1192 1192
1193 1188
1190 1188
1194 1188
1195 1188
1188 1188
1188 1190
1188 1193
1188 1195
1188 1194
1188 1188
1194 1193
1188 1193
1195 1193
1193 1193
1193 1188
1193 1195
1193 1194
1193 1193
1194 1195
1188 1195
1193 1195
1195 1195
1195 1188
1195 1193
1195 1194
1195 1195
1194 1189
1190 1189
1189 1189
1189 1190
1189 1194
1189 1189
1194 1196
1196 1196
1196 1194
1196 1196
1197 1191
1192 1191
1191 1191
1191 1192
1191 1197
1191 1191
1198 1194
1196 1194
1189 1194
1195 1194
1193 1194
1188 1194
1194 1194
1194 1188
1194 1193
1194 1195
1194 1189
1194 1196
1194 1198
1194 1194
1198 1197
1191 1197
1197 1197
1197 1191
1197 1198
1197 1197
1199 1198
1194 1198
1197 1198
1198 1198
1198 1194
1198 1197
1198 1199
1198 1198
1198 1199
1200 1199
1199 1199
1199 1198
1199 1200
1199 1199
1199 1200
1200 1200
1200 1199
1200 1200
1201 1202
1202 1202
1202 1201
1202 1202
1202 1201
1201 1201
1201 1202
1201 1201
1203 1204
1204 1204
1204 1203
1204 1204
1204 1203
1203 1203
1203 1204
1203 1203
1205 1206
1206 1206
1206 1205
1206 1206
1207 1208
1208 1208
1208 1207
1208 1208
1209 1205
1206 1205
1205 1205
1205 1206
1205 1209
1205 1205
1210 1211
1211 1211
1211 1210
1211 1211
1212 1207
1208 1207
1207 1207
1207 1208
1207 1212
1207 1207
1213 1214
1212 1214
1214 1214
1214 1212
1214 1213
1214 1214
1213 1215
1215 1215
1215 1213
1215 1215
1216 1217
1217 1217
1217 1216
1217 1217
1218 1219
1219 1219
1219 1218
1219 1219
1220 1209
1205 1209
1209 1209
1209 1205
1209 1220
1209 1209
1211 1210
1220 1210
1210 1210
1210 1211
1210 1220
1210 1210
1220 1221
1221 1221
1221 1220
1221 1221
1222 1212
1213 1212
1207 1212
1214 1212
1212 1212
1212 1207
1212 1214
1212 1213
1212 1222
1212 1212
1212 1213
1214 1213
1215 1213
1222 1213
1213 1213
1213 1214
1213 1215
1213 1212
1213 1222
1213 1213
1223 1216
1217 1216
1216 1216
1216 1217
1216 1223
1216 1216
1223 1218
1219 1218
1218 1218
1218 1219
1218 1223
1218 1218
1224 1225
1225 1225
1225 1224
1225 1225
1226 1227
1227 1227
1227 1226
1227 1227
1228 1229
1229 1229
1229 1228
1229 1229
1228 1230
1230 1230
1230 1228
1230 1230
1221 1220
1231 1220
1210 1220
1232 1220
1233 1220
1209 1220
1220 1220
1220 1209
1220 1210
1220 1221
1220 1232
1220 1231
1220 1233
1220 1220
1234 1232
1231 1232
1220 1232
1232 1232
1232 1220
1232 1231
1232 1234
1232 1232
1232 1231
1220 1231
1234 1231
1231 1231
1231 1220
1231 1232
1231 1234
1231 1231
1235 1222
1212 1222
1213 1222
1222 1222
1222 1212
1222 1213
1222 1235
1222 1222
1236 1237
1237 1237
1237 1236
1237 1237
1238 1223
1216 1223
1218 1223
1223 1223
1223 1216
1223 1218
1223 1238
1223 1223
1239 1224
1225 1224
1224 1224
1224 1225
1224 1239
1224 1224
1239 1240
1240 1240
1240 1239
1240 1240
1241 1242
1242 1242
1242 1241
1242 1242
1243 1244
1244 1244
1244 1243
1244 1244
1245 1226
1227 1226
1226 1226
1226 1227
1226 1245
1226 1226
1246 1247
1247 1247
1247 1246
1247 1247
1230 1228
1248 1228
1229 1228
1228 1228
1228 1229
1228 1230
1228 1248
1228 1228
1249 1233
1220 1233
1233 1233
1233 1220
1233 1249
1233 1233
1249 1250
1250 1250
1250 1249
1250 1250
1251 1252
1252 1252
1252 1251
1252 1252
1231 1234
1253 1234
1232 1234
1234 1234
1234 1232
1234 1231
1234 1253
1234 1234
1253 1254
1254 1254
1254 1253
1254 1254
1255 1256
1256 1256
1256 1255
1256 1256
1257 1258
1258 1258
1258 1257
1258 1258
1259 1261
1260 1261
1261 1261
1261 1260
1261 1259
1261 1261
1261 1260
1259 1260
1260 1260
1260 1261
1260 1259
1260 1260
1259 1262
1262 1262
1262 1259
1262 1262
1263 1264
1264 1264
1264 1263
1264 1264
1265 1235
1222 1235
1235 1235
1235 1222
1235 1265
1235 1235
1266 1267
1267 1267
1267 1266
1267 1267
1268 1269
1269 1269
1269 1268
1269 1269
1270 1271
1271 1271
1271 1270
1271 1271
1270 1272
1272 1272
1272 1270
1272 1272
1273 1236
1237 1236
1236 1236
1236 1237
1236 1273
1236 1236
1274 1275
1275 1275
1275 1274
1275 1275
1274 1276
1276 1276
1276 1274
1276 1276
1277 1278
1278 1278
1278 1277
1278 1278
1277 1279
1279 1279
1279 1277
1279 1279
1280 1281
1281 1281
1281 1280
1281 1281
1282 1238
1223 1238
1238 1238
1238 1223
1238 1282
1238 1238
1282 1283
1283 1283
1283 1282
1283 1283
1282 1284
1284 1284
1284 1282
1284 1284
1285 1286
1286 1286
1286 1285
1286 1286
1287 1239
1224 1239
1240 1239
1239 1239
1239 1224
1239 1240
1239 1287
1239 1239
1288 1241
1242 1241
1241 1241
1241 1242
1241 1288
1241 1241
1289 1290
1290 1290
1290 1289
1290 1290
1291 1292
1292 1292
1292 1291
1292 1292
1291 1293
1293 1293
1293 1291
1293 1293
1294 1296
1295 1296
1296 1296
1296 1294
1296 1295
1296 1296
1297 1298
1298 1298
1298 1297
1298 1298
1299 1300
1300 1300
1300 1299
1300 1300
1301 1302
1302 1302
1302 1301
1302 1302
1244 1243
1303 1243
1243 1243
1243 1244
1243 1303
1243 1243
1304 1305
1305 1305
1305 1304
1305 1305
1306 1307
1307 1307
1307 1306
1307 1307
1308 1310
1309 1310
1310 1310
1310 1308
1310 1309
1310 1310
1311 1245
1226 1245
1245 1245
1245 1226
1245 1311
1245 1245
1247 1246
1311 1246
1246 1246
1246 1247
1246 1311
1246 1246
1311 1312
1312 1312
1312 1311
1312 1312
1313 1314
1314 1314
1314 1313
1314 1314
1315 1317
1316 1317
1317 1317
1317 1315
1317 1316
1317 1317
1316 1315
1317 1315
1315 1315
1315 1317
1315 1316
1315 1315
1318 1319
1319 1319
1319 1318
1319 1319
1228 1248
1320 1248
1248 1248
1248 1228
1248 1320
1248 1248
1320 1321
1321 1321
1321 1320
1321 1321
1322 1249
1251 1249
1250 1249
1233 1249
1249 1249
1249 1233
1249 1250
1249 1251
1249 1322
1249 1249
1322 1251
1249 1251
1252 1251
1251 1251
1251 1252
1251 1249
1251 1322
1251 1251
1322 1323
1323 1323
1323 1322
1323 1323
1234 1253
1254 1253
1324 1253
1253 1253
1253 1234
1253 1254
1253 1324
1253 1253
1325 1255
1326 1255
1256 1255
1255 1255
1255 1256
1255 1325
1255 1326
1255 1255
1327 1328
1328 1328
1328 1327
1328 1328
1329 1330
1330 1330
1330 1329
1330 1330
1331 1332
1332 1332
1332 1331
1332 1332
1333 1257
1258 1257
1257 1257
1257 1258
1257 1333
1257 1257
1334 1259
1260 1259
1261 1259
1262 1259
1259 1259
1259 1261
1259 1260
1259 1262
1259 1334
1259 1259
1335 1336
1334 1336
1336 1336
1336 1335
1336 1334
1336 1336
1334 1335
1336 1335
1335 1335
1335 1336
1335 1334
1335 1335
1337 1338
1338 1338
1338 1337
1338 1338
1339 1340
1340 1340
1340 1339
1340 1340
1341 1342
1342 1342
1342 1341
1342 1342
1264 1263
1343 1263
1263 1263
1263 1264
1263 1343
1263 1263
1344 1345
1345 1345
1345 1344
1345 1345
1235 1265
1344 1265
1265 1265
1265 1235
1265 1344
1265 1265
1344 1346
1346 1346
1346 1344
1346 1346
1267 1266
1347 1266
1266 1266
1266 1267
1266 1347
1266 1266
1348 1268
1349 1268
1269 1268
1350 1268
1268 1268
1268 1269
1268 1348
1268 1350
1268 1349
1268 1268
1349 1348
1268 1348
1350 1348
1348 1348
1348 1268
1348 1350
1348 1349
1348 1348
1351 1352
1352 1352
1352 1351
1352 1352
1271 1270
1272 1270
1353 1270
1270 1270
1270 1271
1270 1272
1270 1353
1270 1270
1353 1355
1354 1355
1355 1355
1355 1354
1355 1353
1355 1355
1354 1273
1236 1273
1356 1273
1273 1273
1273 1236
1273 1354
1273 1356
1273 1273
1273 1354
1356 1354
1355 1354
1354 1354
1354 1355
1354 1273
1354 1356
1354 1354
1276 1274
1357 1274
1275 1274
1311 1274
1274 1274
1274 1275
1274 1276
1274 1311
1274 1357
1274 1274
1357 1358
1358 1358
1358 1357
1358 1358
1357 1359
1359 1359
1359 1357
1359 1359
1360 1361
1361 1361
1361 1360
1361 1361
1279 1277
1278 1277
1362 1277
1277 1277
1277 1278
1277 1279
1277 1362
1277 1277
1363 1280
1281 1280
1280 1280
1280 1281
1280 1363
1280 1280
1364 1365
1365 1365
1365 1364
1365 1365
1364 1366
1366 1366
1366 1364
1366 1366
1367 1282
1283 1282
1284 1282
1238 1282
1282 1282
1282 1238
1282 1283
1282 1284
1282 1367
1282 1282
1368 1369
1367 1369
1369 1369
1369 1368
1369 1367
1369 1369
1370 1285
1286 1285
1285 1285
1285 1286
1285 1370
1285 1285
1239 1287
1371 1287
1372 1287
1373 1287
1287 1287
1287 1239
1287 1373
1287 1372
1287 1371
1287 1287
1371 1374
1372 1374
1374 1374
1374 1372
1374 1371
1374 1374
1372 1373
1371 1373
1287 1373
1373 1373
1373 1287
1373 1372
1373 1371
1373 1373
1371 1376
1372 1376
1375 1376
1376 1376
1376 1375
1376 1372
1376 1371
1376 1376
1377 1378
1378 1378
1378 1377
1378 1378
1379 1308
1310 1308
1308 1308
1308 1310
1308 1379
1308 1308
1380 1288
1241 1288
1288 1288
1288 1241
1288 1380
1288 1288
1381 1289
1382 1289
1290 1289
1289 1289
1289 1290
1289 1381
1289 1382
1289 1289
1289 1381
1382 1381
1381 1381
1381 1289
1381 1382
1381 1381
1291 1385
1383 1385
1384 1385
1385 1385
1385 1291
1385 1383
1385 1384
1385 1385
1386 1391
1387 1391
1384 1391
1388 1391
1389 1391
1390 1391
1391 1391
1391 1389
1391 1384
1391 1390
1391 1388
1391 1386
1391 1387
1391 1391
1392 1394
1390 1394
1389 1394
1393 1394
1386 1394
1388 1394
1384 1394
1394 1394
1394 1393
1394 1389
1394 1384
1394 1390
1394 1388
1394 1386
1394 1392
1394 1394
1392 1393
1394 1393
1389 1393
1393 1393
1393 1394
1393 1389
1393 1392
1393 1393
1392 1395
1395 1395
1395 1392
1395 1395
1396 1399
1397 1399
1294 1399
1384 1399
1398 1399
1399 1399
1399 1396
1399 1294
1399 1397
1399 1384
1399 1398
1399 1399
1384 1396
1398 1396
1399 1396
1396 1396
1396 1399
1396 1384
1396 1398
1396 1396
1398 1400
1400 1400
1400 1398
1400 1400
1398 1401
1401 1401
1401 1398
1401 1401
1399 1294
1296 1294
1402 1294
1383 1294
1295 1294
1397 1294
1294 1294
1294 1296
1294 1399
1294 1397
1294 1295
1294 1383
1294 1402
1294 1294
1383 1397
1399 1397
1294 1397
1295 1397
1402 1397
1397 1397
1397 1399
1397 1294
1397 1295
1397 1383
1397 1402
1397 1397
1402 1403
1403 1403
1403 1402
1403 1403
1384 1389
1391 1389
1387 1389
1390 1389
1404 1389
1388 1389
1386 1389
1393 1389
1405 1389
1392 1389
1394 1389
1389 1389
1389 1391
1389 1394
1389 1393
1389 1384
1389 1390
1389 1388
1389 1386
1389 1387
1389 1392
1389 1404
1389 1405
1389 1389
1404 1291
1405 1291
1385 1291
1293 1291
1384 1291
1292 1291
1291 1291
1291 1292
1291 1293
1291 1385
1291 1384
1291 1404
1291 1405
1291 1291
1406 1295
1383 1295
1397 1295
1402 1295
1294 1295
1296 1295
1295 1295
1295 1296
1295 1294
1295 1397
1295 1383
1295 1402
1295 1406
1295 1295
1385 1383
1295 1383
1294 1383
1406 1383
1397 1383
1383 1383
1383 1385
1383 1294
1383 1397
1383 1295
1383 1406
1383 1383
1406 1407
1407 1407
1407 1406
1407 1407
1408 1297
1298 1297
1409 1297
1297 1297
1297 1298
1297 1408
1297 1409
1297 1297
1297 1408
1409 1408
1408 1408
1408 1297
1408 1409
1408 1408
1410 1411
1411 1411
1411 1410
1411 1411
1300 1299
1412 1299
1299 1299
1299 1300
1299 1412
1299 1299
1413 1414
1414 1414
1414 1413
1414 1414
1302 1301
1415 1301
1301 1301
1301 1302
1301 1415
1301 1301
1415 1416
1416 1416
1416 1415
1416 1416
1417 1418
1418 1418
1418 1417
1418 1418
1243 1303
1304 1303
1419 1303
1420 1303
1303 1303
1303 1243
1303 1304
1303 1419
1303 1420
1303 1303
1305 1304
1303 1304
1420 1304
1304 1304
1304 1305
1304 1303
1304 1420
1304 1304
1303 1419
1420 1419
1419 1419
1419 1303
1419 1420
1419 1419
1420 1421
1421 1421
1421 1420
1421 1421
1376 1375
1422 1375
1423 1375
1375 1375
1375 1376
1375 1423
1375 1422
1375 1375
1372 1424
1371 1424
1422 1424
1424 1424
1424 1372
1424 1371
1424 1422
1424 1424
1375 1423
1422 1423
1423 1423
1423 1375
1423 1422
1423 1423
1422 1425
1425 1425
1425 1422
1425 1425
1422 1426
1426 1426
1426 1422
1426 1426
1427 1306
1307 1306
1428 1306
1429 1306
1306 1306
1306 1307
1306 1429
1306 1428
1306 1427
1306 1306
1430 1309
1311 1309
1310 1309
1309 1309
1309 1310
1309 1311
1309 1430
1309 1309
1431 1432
1432 1432
1432 1431
1432 1432
1309 1311
1433 1311
1312 1311
1246 1311
1245 1311
1434 1311
1274 1311
1435 1311
1311 1311
1311 1245
1311 1246
1311 1312
1311 1274
1311 1309
1311 1433
1311 1434
1311 1435
1311 1311
1435 1436
1434 1436
1436 1436
1436 1434
1436 1435
1436 1436
1314 1313
1437 1313
1313 1313
1313 1314
1313 1437
1313 1313
1437 1438
1438 1438
1438 1437
1438 1438
1315 1316
1317 1316
1439 1316
1316 1316
1316 1317
1316 1315
1316 1439
1316 1316
1440 1441
1441 1441
1441 1440
1441 1441
1442 1318
1319 1318
1318 1318
1318 1319
1318 1442
1318 1318
1443 1444
1444 1444
1444 1443
1444 1444
1321 1320
1445 1320
1248 1320
1320 1320
1320 1248
1320 1321
1320 1445
1320 1320
1445 1446
1446 1446
1446 1445
1446 1446
1447 1448
1448 1448
1448 1447
1448 1448
1249 1322
1323 1322
1251 1322
1449 1322
1322 1322
1322 1249
1322 1251
1322 1323
1322 1449
1322 1322
1449 1324
1253 1324
1324 1324
1324 1253
1324 1449
1324 1324
1449 1450
1450 1450
1450 1449
1450 1450
1449 1451
1451 1451
1451 1449
1451 1451
1452 1456
1453 1456
1454 1456
1455 1456
1456 1456
1456 1454
1456 1452
1456 1453
1456 1455
1456 1456
1455 1454
1456 1454
1457 1454
1454 1454
1454 1456
1454 1457
1454 1455
1454 1454
1456 1452
1455 1452
1453 1452
1452 1452
1452 1456
1452 1453
1452 1455
1452 1452
1455 1453
1452 1453
1456 1453
1453 1453
1453 1456
1453 1452
1453 1455
1453 1453
1455 1457
1454 1457
1457 1457
1457 1454
1457 1455
1457 1457
1458 1460
1459 1460
1460 1460
1460 1458
1460 1459
1460 1460
1460 1458
1459 1458
1458 1458
1458 1460
1458 1459
1458 1458
1461 1462
1462 1462
1462 1461
1462 1462
1463 1464
1464 1464
1464 1463
1464 1464
1463 1465
1465 1465
1465 1463
1465 1465
1466 1467
1467 1467
1467 1466
1467 1467
1468 1325
1255 1325
1325 1325
1325 1255
1325 1468
1325 1325
1255 1326
1468 1326
1326 1326
1326 1255
1326 1468
1326 1326
1468 1469
1469 1469
1469 1468
1469 1469
1468 1470
1470 1470
1470 1468
1470 1470
1471 1327
1328 1327
1327 1327
1327 1328
1327 1471
1327 1327
1472 1473
1473 1473
1473 1472
1473 1473
1474 1475
1475 1475
1475 1474
1475 1475
1476 1477
1477 1477
1477 1476
1477 1477
1476 1478
1478 1478
1478 1476
1478 1478
1476 1479
1479 1479
1479 1476
1479 1479
1476 1480
1480 1480
1480 1476
1480 1480
1476 1481
1481 1481
1481 1476
1481 1481
1330 1329
1482 1329
1483 1329
1329 1329
1329 1330
1329 1483
1329 1482
1329 1329
1329 1483
1482 1483
1483 1483
1483 1329
1483 1482
1483 1483
1484 1331
1332 1331
1331 1331
1331 1332
1331 1484
1331 1331
1484 1485
1485 1485
1485 1484
1485 1485
1257 1333
1486 1333
1333 1333
1333 1257
1333 1486
1333 1333
1474 1487
1486 1487
1487 1487
1487 1474
1487 1486
1487 1487
1486 1488
1488 1488
1488 1486
1488 1488
1489 1334
1335 1334
1336 1334
1259 1334
1334 1334
1334 1259
1334 1336
1334 1335
1334 1489
1334 1334
1489 1490
1490 1490
1490 1489
1490 1490
1489 1491
1491 1491
1491 1489
1491 1491
1489 1492
1492 1492
1492 1489
1492 1492
1493 1494
1494 1494
1494 1493
1494 1494
1493 1495
1495 1495
1495 1493
1495 1495
1496 1497
1497 1497
1497 1496
1497 1497
1498 1499
1496 1499
1499 1499
1499 1498
1499 1496
1499 1499
1496 1498
1499 1498
1498 1498
1498 1499
1498 1496
1498 1498
1500 1501
1496 1501
1501 1501
1501 1500
1501 1496
1501 1501
1496 1433
1311 1433
1433 1433
1433 1311
1433 1496
1433 1433
1496 1502
1502 1502
1502 1496
1502 1502
1503 1337
1338 1337
1504 1337
1505 1337
1337 1337
1337 1338
1337 1503
1337 1505
1337 1504
1337 1337
1337 1503
1504 1503
1503 1503
1503 1337
1503 1504
1503 1503
1337 1505
1504 1505
1505 1505
1505 1337
1505 1504
1505 1505
1340 1339
1504 1339
1339 1339
1339 1340
1339 1504
1339 1339
1504 1506
1506 1506
1506 1504
1506 1506
1507 1341
1342 1341
1341 1341
1341 1342
1341 1507
1341 1341
1508 1510
1509 1510
1510 1510
1510 1509
1510 1508
1510 1510
1508 1343
1263 1343
1511 1343
1512 1343
1343 1343
1343 1263
1343 1508
1343 1512
1343 1511
1343 1343
1511 1513
1513 1513
1513 1511
1513 1513
1345 1344
1265 1344
1346 1344
1514 1344
1344 1344
1344 1345
1344 1265
1344 1346
1344 1514
1344 1344
1515 1516
1347 1516
1509 1516
1516 1516
1516 1347
1516 1509
1516 1515
1516 1516
1347 1517
1515 1517
1517 1517
1517 1347
1517 1515
1517 1517
1369 1368
1515 1368
1368 1368
1368 1369
1368 1515
1368 1368
1515 1518
1518 1518
1518 1515
1518 1518
1515 1519
1519 1519
1519 1515
1519 1519
1517 1347
1516 1347
1509 1347
1515 1347
1520 1347
1266 1347
1347 1347
1347 1266
1347 1516
1347 1517
1347 1509
1347 1515
1347 1520
1347 1347
1521 1522
1522 1522
1522 1521
1522 1522
1523 1350
1348 1350
1524 1350
1525 1350
1268 1350
1350 1350
1350 1268
1350 1348
1350 1523
1350 1524
1350 1525
1350 1350
1523 1349
1524 1349
1525 1349
1268 1349
1348 1349
1349 1349
1349 1268
1349 1348
1349 1523
1349 1524
1349 1525
1349 1349
1349 1523
1350 1523
1525 1523
1523 1523
1523 1350
1523 1349
1523 1525
1523 1523
1349 1524
1525 1524
1350 1524
1524 1524
1524 1350
1524 1349
1524 1525
1524 1524
1526 1527
1527 1527
1527 1526
1527 1527
1528 1351
1352 1351
1351 1351
1351 1352
1351 1528
1351 1351
1529 1531
1530 1531
1429 1531
1428 1531
1531 1531
1531 1429
1531 1428
1531 1529
1531 1530
1531 1531
1532 1429
1533 1429
1306 1429
1530 1429
1531 1429
1429 1429
1429 1306
1429 1531
1429 1533
1429 1532
1429 1530
1429 1429
1531 1428
1532 1428
1530 1428
1533 1428
1306 1428
1428 1428
1428 1306
1428 1531
1428 1533
1428 1532
1428 1530
1428 1428
1428 1533
1530 1533
1429 1533
1533 1533
1533 1429
1533 1428
1533 1530
1533 1533
1534 1535
1535 1535
1535 1534
1535 1535
1536 1537
1537 1537
1537 1536
1537 1537
1538 1540
1539 1540
1540 1540
1540 1539
1540 1538
1540 1540
1540 1539
1538 1539
1539 1539
1539 1540
1539 1538
1539 1539
1541 1353
1542 1353
1270 1353
1355 1353
1353 1353
1353 1270
1353 1355
1353 1542
1353 1541
1353 1353
1541 1356
1273 1356
1354 1356
1356 1356
1356 1273
1356 1354
1356 1541
1356 1356
1353 1542
1541 1542
1542 1542
1542 1353
1542 1541
1542 1542
1359 1357
1358 1357
1274 1357
1500 1357
1543 1357
1357 1357
1357 1274
1357 1358
1357 1359
1357 1500
1357 1543
1357 1357
1500 1544
1543 1544
1544 1544
1544 1500
1544 1543
1544 1544
1361 1360
1545 1360
1546 1360
1360 1360
1360 1361
1360 1545
1360 1546
1360 1360
1360 1545
1546 1545
1545 1545
1545 1360
1545 1546
1545 1545
1547 1362
1277 1362
1362 1362
1362 1277
1362 1547
1362 1362
1548 1363
1280 1363
1363 1363
1363 1280
1363 1548
1363 1363
1549 1550
1550 1550
1550 1549
1550 1550
1551 1552
1552 1552
1552 1551
1552 1552
1553 1554
1554 1554
1554 1553
1554 1554
1555 1556
1556 1556
1556 1555
1556 1556
1557 1557
1557 1557
1507 1364
1365 1364
1366 1364
1364 1364
1364 1365
1364 1366
1364 1507
1364 1364
1282 1367
1369 1367
1367 1367
1367 1282
1367 1369
1367 1367
1558 1558
1558 1558
1559 1559
1559 1559
1285 1370
1370 1370
1370 1285
1370 1370
1287 1372
1373 1372
1424 1372
1376 1372
1374 1372
1372 1372
1372 1287
1372 1374
1372 1373
1372 1376
1372 1424
1372 1372
1376 1371
1373 1371
1374 1371
1287 1371
1424 1371
1371 1371
1371 1287
1371 1374
1371 1373
1371 1376
1371 1424
1371 1371
1378 1377
1377 1377
1377 1378
1377 1377
1308 1379
1379 1379
1379 1308
1379 1379
1380 1560
1560 1560
1560 1380
1560 1560
1560 1380
1288 1380
1380 1380
1380 1288
1380 1560
1380 1380
1561 1562
1562 1562
1562 1561
1562 1562
1562 1561
1561 1561
1561 1562
1561 1561
1289 1382
1381 1382
1382 1382
1382 1289
1382 1381
1382 1382
1389 1384
1396 1384
1386 1384
1390 1384
1291 1384
1563 1384
1387 1384
1405 1384
1564 1384
1394 1384
1385 1384
1391 1384
1404 1384
1392 1384
1388 1384
1399 1384
1384 1384
1384 1385
1384 1391
1384 1394
1384 1399
1384 1396
1384 1389
1384 1291
1384 1390
1384 1388
1384 1386
1384 1387
1384 1392
1384 1404
1384 1405
1384 1564
1384 1563
1384 1384
1387 1390
1394 1390
1384 1390
1404 1390
1389 1390
1391 1390
1388 1390
1390 1390
1390 1391
1390 1394
1390 1389
1390 1384
1390 1388
1390 1387
1390 1404
1390 1390
1394 1388
1391 1388
1386 1388
1387 1388
1390 1388
1389 1388
1384 1388
1388 1388
1388 1391
1388 1394
1388 1389
1388 1384
1388 1390
1388 1386
1388 1387
1388 1388
1391 1386
1394 1386
1387 1386
1389 1386
1384 1386
1388 1386
1386 1386
1386 1391
1386 1394
1386 1389
1386 1384
1386 1388
1386 1387
1386 1386
1386 1387
1389 1387
1390 1387
1384 1387
1388 1387
1391 1387
1387 1387
1387 1391
1387 1389
1387 1384
1387 1390
1387 1388
1387 1386
1387 1387
1395 1392
1384 1392
1389 1392
1394 1392
1393 1392
1392 1392
1392 1394
1392 1393
1392 1395
1392 1389
1392 1384
1392 1392
1396 1398
1401 1398
1400 1398
1399 1398
1398 1398
1398 1399
1398 1396
1398 1400
1398 1401
1398 1398
1397 1402
1294 1402
1295 1402
1403 1402
1402 1402
1402 1294
1402 1397
1402 1403
1402 1295
1402 1402
1291 1404
1389 1404
1390 1404
1384 1404
1404 1404
1404 1389
1404 1291
1404 1384
1404 1390
1404 1404
1291 1405
1389 1405
1384 1405
1405 1405
1405 1389
1405 1291
1405 1384
1405 1405
1407 1406
1383 1406
1295 1406
1406 1406
1406 1295
1406 1383
1406 1407
1406 1406
1297 1409
1408 1409
1409 1409
1409 1297
1409 1408
1409 1409
1411 1410
1410 1410
1410 1411
1410 1410
1384 1564
1564 1564
1564 1384
1564 1564
1384 1563
1563 1563
1563 1384
1563 1563
1565 1565
1565 1565
1566 1566
1566 1566
1567 1567
1567 1567
1568 1568
1568 1568
1569 1569
1569 1569
1299 1412
1412 1412
1412 1299
1412 1412
1570 1570
1570 1570
1571 1571
1571 1571
1414 1413
1413 1413
1413 1414
1413 1413
1572 1572
1572 1572
1416 1415
1301 1415
1415 1415
1415 1301
1415 1416
1415 1415
1418 1417
1417 1417
1417 1418
1417 1417
1573 1573
1573 1573
1574 1575
1575 1575
1575 1574
1575 1575
1575 1574
1574 1574
1574 1575
1574 1574
1576 1576
1576 1576
1577 1577
1577 1577
1578 1578
1578 1578
1579 1579
1579 1579
1580 1580
1580 1580
1581 1581
1581 1581
1421 1420
1419 1420
1304 1420
1303 1420
1420 1420
1420 1303
1420 1304
1420 1419
1420 1421
1420 1420
1582 1582
1582 1582
1583 1583
1583 1583
1584 1584
1584 1584
1585 1585
1585 1585
1586 1586
1586 1586
1587 1587
1587 1587
1588 1422
1589 1422
1424 1422
1423 1422
1425 1422
1426 1422
1375 1422
1422 1422
1422 1375
1422 1424
1422 1423
1422 1425
1422 1426
1422 1589
1422 1588
1422 1422
1530 1427
1434 1427
1306 1427
1427 1427
1427 1306
1427 1434
1427 1530
1427 1427
1357 1500
1544 1500
1501 1500
1500 1500
1500 1501
1500 1357
1500 1544
1500 1500
1309 1430
1434 1430
1435 1430
1430 1430
1430 1309
1430 1434
1430 1435
1430 1430
1590 1590
1590 1590
1432 1431
1431 1431
1431 1432
1431 1431
1422 1589
1589 1589
1589 1422
1589 1589
1422 1588
1588 1588
1588 1422
1588 1588
1591 1591
1591 1591
1592 1592
1592 1592
1593 1594
1496 1594
1594 1594
1594 1496
1594 1593
1594 1594
1311 1434
1427 1434
1435 1434
1436 1434
1430 1434
1434 1434
1434 1311
1434 1436
1434 1427
1434 1430
1434 1435
1434 1434
1436 1435
1434 1435
1311 1435
1430 1435
1435 1435
1435 1311
1435 1436
1435 1430
1435 1434
1435 1435
1531 1529
1532 1529
1529 1529
1529 1531
1529 1532
1529 1529
1428 1532
1529 1532
1429 1532
1532 1532
1532 1429
1532 1428
1532 1529
1532 1532
1595 1595
1595 1595
1439 1437
1313 1437
1438 1437
1437 1437
1437 1313
1437 1438
1437 1439
1437 1437
1316 1439
1437 1439
1439 1439
1439 1316
1439 1437
1439 1439
1440 1596
1596 1596
1596 1440
1596 1596
1440 1597
1597 1597
1597 1440
1597 1597
1598 1598
1598 1598
1597 1440
1596 1440
1441 1440
1440 1440
1440 1441
1440 1596
1440 1597
1440 1440
1599 1599
1599 1599
1600 1600
1600 1600
1318 1442
1442 1442
1442 1318
1442 1442
1601 1601
1601 1601
1444 1443
1443 1443
1443 1444
1443 1443
1602 1602
1602 1602
1603 1603
1603 1603
1604 1604
1604 1604
1605 1605
1605 1605
1606 1606
1606 1606
1607 1607
1607 1607
1608 1608
1608 1608
1609 1610
1610 1610
1610 1609
1610 1610
1610 1609
1609 1609
1609 1610
1609 1609
1320 1445
1446 1445
1445 1445
1445 1320
1445 1446
1445 1445
1448 1447
1447 1447
1447 1448
1447 1447
1611 1611
1611 1611
1451 1449
1450 1449
1324 1449
1322 1449
1449 1449
1449 1322
1449 1324
1449 1450
1449 1451
1449 1449
1612 1613
1613 1613
1613 1612
1613 1613
1614 1614
1614 1614
1454 1455
1453 1455
1456 1455
1457 1455
1452 1455
1455 1455
1455 1456
1455 1454
1455 1452
1455 1453
1455 1457
1455 1455
1460 1459
1458 1459
1459 1459
1459 1460
1459 1458
1459 1459
1462 1461
1461 1461
1461 1462
1461 1461
1464 1463
1465 1463
1463 1463
1463 1464
1463 1465
1463 1463
1467 1466
1466 1466
1466 1467
1466 1466
1615 1615
1615 1615
1616 1468
1617 1468
1469 1468
1325 1468
1326 1468
1470 1468
1468 1468
1468 1325
1468 1326
1468 1469
1468 1470
1468 1616
1468 1617
1468 1468
1468 1616
1617 1616
1616 1616
1616 1468
1616 1617
1616 1616
1327 1471
1471 1471
1471 1327
1471 1471
1618 1472
1473 1472
1472 1472
1472 1473
1472 1618
1472 1472
1468 1617
1616 1617
1617 1617
1617 1468
1617 1616
1617 1617
1472 1618
1618 1618
1618 1472
1618 1618
1475 1474
1487 1474
1474 1474
1474 1475
1474 1487
1474 1474
1478 1476
1481 1476
1480 1476
1479 1476
1477 1476
1476 1476
1476 1477
1476 1478
1476 1479
1476 1480
1476 1481
1476 1476
1329 1482
1483 1482
1482 1482
1482 1329
1482 1483
1482 1482
1486 1619
1619 1619
1619 1486
1619 1619
1486 1620
1620 1620
1620 1486
1620 1620
1621 1484
1331 1484
1485 1484
1484 1484
1484 1331
1484 1485
1484 1621
1484 1484
1484 1621
1621 1621
1621 1484
1621 1621
1488 1486
1620 1486
1622 1486
1619 1486
1487 1486
1333 1486
1486 1486
1486 1333
1486 1487
1486 1488
1486 1619
1486 1620
1486 1622
1486 1486
1486 1622
1622 1622
1622 1486
1622 1622
1334 1489
1492 1489
1491 1489
1490 1489
1489 1489
1489 1334
1489 1490
1489 1491
1489 1492
1489 1489
1495 1493
1494 1493
1493 1493
1493 1494
1493 1495
1493 1493
1594 1496
1497 1496
1502 1496
1433 1496
1501 1496
1498 1496
1499 1496
1496 1496
1496 1497
1496 1499
1496 1498
1496 1501
1496 1433
1496 1502
1496 1594
1496 1496
1506 1504
1339 1504
1505 1504
1337 1504
1503 1504
1504 1504
1504 1337
1504 1503
1504 1505
1504 1339
1504 1506
1504 1504
1623 1623
1623 1623
1364 1507
1341 1507
1507 1507
1507 1341
1507 1364
1507 1507
1510 1509
1516 1509
1347 1509
1509 1509
1509 1510
1509 1516
1509 1347
1509 1509
1510 1508
1343 1508
1512 1508
1508 1508
1508 1510
1508 1343
1508 1512
1508 1508
1343 1512
1508 1512
1512 1512
1512 1343
1512 1508
1512 1512
1343 1511
1513 1511
1511 1511
1511 1343
1511 1513
1511 1511
1344 1514
1514 1514
1514 1344
1514 1514
1347 1515
1519 1515
1518 1515
1368 1515
1517 1515
1516 1515
1515 1515
1515 1516
1515 1517
1515 1368
1515 1518
1515 1519
1515 1347
1515 1515
1347 1520
1520 1520
1520 1347
1520 1520
1624 1624
1624 1624
1522 1521
1521 1521
1521 1522
1521 1521
1625 1625
1625 1625
1626 1627
1627 1627
1627 1626
1627 1627
1627 1626
1626 1626
1626 1627
1626 1626
1524 1525
1523 1525
1349 1525
1350 1525
1525 1525
1525 1350
1525 1349
1525 1523
1525 1524
1525 1525
1594 1593
1593 1593
1593 1594
1593 1593
1628 1628
1628 1628
1527 1526
1526 1526
1526 1527
1526 1526
1629 1629
1629 1629
1630 1630
1630 1630
1631 1632
1632 1632
1632 1631
1632 1632
1632 1631
1633 1631
1631 1631
1631 1632
1631 1633
1631 1631
1351 1528
1528 1528
1528 1351
1528 1528
1631 1633
1633 1633
1633 1631
1633 1633
1634 1634
1634 1634
1533 1530
1428 1530
1427 1530
1531 1530
1429 1530
1530 1530
1530 1531
1530 1429
1530 1428
1530 1533
1530 1427
1530 1530
1535 1534
1534 1534
1534 1535
1534 1534
1635 1635
1635 1635
1636 1636
1636 1636
1613 1612
1612 1612
1612 1613
1612 1612
1537 1536
1536 1536
1536 1537
1536 1536
1540 1538
1539 1538
1538 1538
1538 1540
1538 1539
1538 1538
1637 1637
1637 1637
1638 1638
1638 1638
1639 1639
1639 1639
1640 1640
1640 1640
1641 1642
1642 1642
1642 1641
1642 1642
1642 1641
1641 1641
1641 1642
1641 1641
1643 1643
1643 1643
1644 1644
1644 1644
1353 1541
1356 1541
1542 1541
1541 1541
1541 1353
1541 1356
1541 1542
1541 1541
1645 1646
1646 1646
1646 1645
1646 1646
1647 1647
1647 1647
1357 1543
1544 1543
1543 1543
1543 1357
1543 1544
1543 1543
1648 1648
1648 1648
1649 1649
1649 1649
1650 1650
1650 1650
1651 1651
1651 1651
1652 1652
1652 1652
1653 1653
1653 1653
1545 1546
1360 1546
1546 1546
1546 1360
1546 1545
1546 1546
1654 1654
1654 1654
1655 1655
1655 1655
1656 1656
1656 1656
1657 1657
1657 1657
1658 1658
1658 1658
1362 1547
1547 1547
1547 1362
1547 1547
1659 1659
1659 1659
1660 1660
1660 1660
1363 1548
1548 1548
1548 1363
1548 1548
1550 1549
1549 1549
1549 1550
1549 1549
1661 1661
1661 1661
1646 1645
1645 1645
1645 1646
1645 1645
1662 1662
1662 1662
1552 1551
1551 1551
1551 1552
1551 1551
1554 1553
1553 1553
1553 1554
1553 1553
1663 1663
1663 1663
1556 1555
1555 1555
1555 1556
1555 1555
