1784 2191
2186 2191
1785 2191
2191 2191
2191 1785
2191 1784
2191 2186
2191 2191
1786 2192
2192 2192
2192 1786
2192 2192
2193 2194
2194 2194
2194 2193
2194 2194
2194 2193
2193 2193
2193 2194
2193 2193
2195 2195
2195 2195
1787 2196
2196 2196
2196 1787
2196 2196
2173 2197
2197 2197
2197 2173
2197 2197
1789 2198
1788 2198
2198 2198
2198 1788
2198 1789
2198 2198
2042 2199
2199 2199
2199 2042
2199 2199
2200 2200
2200 2200
2201 2201
2201 2201
2202 2202
2202 2202
2203 2204
2204 2204
2204 2203
2204 2204
1790 2205
1791 2205
1792 2205
2205 2205
2205 1791
2205 1790
2205 1792
2205 2205
2206 2206
2206 2206
2207 2209
2208 2209
2209 2209
2209 2208
2209 2207
2209 2209
2209 2208
2208 2208
2208 2209
2208 2208
2210 2210
2210 2210
1793 2211
2211 2211
2211 1793
2211 2211
2212 2212
2212 2212
2213 2213
2213 2213
1809 2215
2214 2215
2215 2215
2215 1809
2215 2214
2215 2215
2215 2214
2214 2214
2214 2215
2214 2214
1794 2216
2216 2216
2216 1794
2216 2216
1797 2217
1796 2217
2217 2217
2217 1796
2217 1797
2217 2217
1795 2218
2218 2218
2218 1795
2218 2218
2219 2219
2219 2219
1798 2220
1799 2220
2220 2220
2220 1798
2220 1799
2220 2220
1800 2221
2221 2221
2221 1800
2221 2221
2222 2222
2222 2222
1808 2223
1801 2223
2223 2223
2223 1801
2223 1808
2223 2223
2224 2224
2224 2224
1802 2225
2225 2225
2225 1802
2225 2225
2226 2226
2226 2226
2227 2227
2227 2227
2228 2228
2228 2228
2229 2229
2229 2229
2230 2230
2230 2230
1804 2231
1803 2231
2231 2231
2231 1803
2231 1804
2231 2231
2232 2232
2232 2232
2233 2234
1808 2234
1805 2234
1806 2234
1850 2234
1807 2234
2203 2234
2234 2234
2234 1805
2234 1806
2234 1808
2234 1807
2234 1850
2234 2233
2234 2203
2234 2234
1808 2235
2203 2235
2233 2235
1807 2235
1850 2235
2235 2235
2235 1808
2235 1807
2235 1850
2235 2233
2235 2203
2235 2235
1809 2233
2235 2233
1811 2233
2234 2233
2233 2233
2233 1809
2233 1811
2233 2234
2233 2235
2233 2233
2050 2236
2236 2236
2236 2050
2236 2236
1810 2237
2203 2237
2237 2237
2237 1810
2237 2203
2237 2237
1811 2238
1812 2238
2238 2238
2238 1811
2238 1812
2238 2238
2239 2239
2239 2239
2240 2240
2240 2240
2241 2241
2241 2241
1813 2242
2242 2242
2242 1813
2242 2242
1814 2243
2243 2243
2243 1814
2243 2243
2244 2244
2244 2244
2245 2245
2245 2245
2077 2246
1966 2246
1818 2246
1817 2246
1815 2246
2125 2246
1816 2246
1819 2246
2246 2246
2246 1816
2246 1815
2246 1817
2246 1818
2246 1819
2246 1966
2246 2077
2246 2125
2246 2246
2247 2247
2247 2247
2248 2248
2248 2248
2249 2249
2249 2249
1821 2251
2250 2251
1820 2251
2251 2251
2251 1820
2251 1821
2251 2250
2251 2251
2017 2252
2252 2252
2252 2017
2252 2252
1859 2253
2253 2253
2253 1859
2253 2253
2254 2254
2254 2254
2255 2255
2255 2255
1850 2256
2256 2256
2256 1850
2256 2256
1822 2257
2257 2257
2257 1822
2257 2257
2258 2258
2258 2258
2259 2259
2259 2259
1823 2260
1825 2260
1824 2260
2260 2260
2260 1824
2260 1823
2260 1825
2260 2260
2261 2262
1972 2262
1908 2262
2262 2262
2262 1908
2262 1972
2262 2261
2262 2262
1826 2263
2263 2263
2263 1826
2263 2263
2264 2264
2264 2264
1827 2265
2265 2265
2265 1827
2265 2265
1836 2266
1835 2266
1833 2266
1829 2266
1832 2266
1830 2266
1834 2266
1838 2266
1840 2266
1841 2266
1839 2266
1837 2266
2266 2266
2266 1830
2266 1832
2266 1829
2266 1833
2266 1835
2266 1836
2266 1834
2266 1838
2266 1839
2266 1837
2266 1840
2266 1841
2266 2266
1842 2268
1843 2268
2267 2268
1844 2268
2268 2268
2268 1843
2268 1844
2268 1842
2268 2267
2268 2268
2267 2269
1844 2269
1842 2269
2269 2269
2269 1844
2269 1842
2269 2267
2269 2269
2268 2267
1842 2267
2269 2267
2267 2267
2267 1842
2267 2268
2267 2269
2267 2267
1828 2270
2270 2270
2270 1828
2270 2270
2262 2261
2261 2261
2261 2262
2261 2261
2271 2271
2271 2271
2272 2272
2272 2272
2273 2274
2274 2274
2274 2273
2274 2274
2274 2273
2273 2273
2273 2274
2273 2273
2275 2275
2275 2275
1845 2276
1846 2276
1847 2276
2276 2276
2276 1845
2276 1846
2276 1847
2276 2276
1846 2277
1845 2277
1847 2277
2277 2277
2277 1845
2277 1846
2277 1847
2277 2277
2278 2278
2278 2278
2279 2283
1859 2283
1858 2283
2280 2283
2281 2283
2282 2283
2283 2283
2283 1858
2283 1859
2283 2281
2283 2280
2283 2279
2283 2282
2283 2283
2279 2281
1859 2281
1858 2281
2283 2281
2282 2281
2281 2281
2281 1858
2281 1859
2281 2283
2281 2279
2281 2282
2281 2281
1858 2280
2282 2280
2283 2280
2279 2280
1859 2280
2280 2280
2280 1858
2280 1859
2280 2283
2280 2279
2280 2282
2280 2280
1859 2284
1858 2284
2279 2284
2284 2284
2284 1858
2284 1859
2284 2279
2284 2284
2285 2285
2285 2285
1848 2286
2286 2286
2286 1848
2286 2286
2287 2287
2287 2287
2288 2288
2288 2288
1855 2289
1882 2289
1849 2289
2289 2289
2289 1849
2289 1855
2289 1882
2289 2289
2234 2203
2237 2203
1851 2203
2050 2203
2204 2203
2014 2203
1850 2203
2235 2203
2203 2203
2203 1850
2203 1851
2203 2014
2203 2050
2203 2204
2203 2234
2203 2235
2203 2237
2203 2203
1852 2290
2290 2290
2290 1852
2290 2290
2291 2291
2291 2291
1853 2279
1857 2279
2282 2279
2284 2279
2283 2279
2281 2279
1854 2279
2280 2279
2279 2279
2279 1853
2279 1854
2279 1857
2279 2283
2279 2281
2279 2280
2279 2284
2279 2282
2279 2279
2047 2292
2292 2292
2292 2047
2292 2292
1855 2293
2293 2293
2293 1855
2293 2293
2294 2294
2294 2294
1856 2295
2295 2295
2295 1856
2295 2295
1858 2282
1857 2282
2279 2282
2281 2282
2283 2282
2280 2282
1859 2282
2282 2282
2282 1858
2282 1859
2282 1857
2282 2283
2282 2281
2282 2280
2282 2279
2282 2282
1857 2296
2296 2296
2296 1857
2296 2296
2297 2297
2297 2297
2298 2298
2298 2298
2299 2300
2300 2300
2300 2299
2300 2300
1861 2303
2301 2303
1865 2303
2302 2303
1860 2303
1864 2303
2303 2303
2303 1860
2303 1861
2303 1865
2303 1864
2303 2302
2303 2301
2303 2303
1865 2304
2301 2304
1861 2304
1864 2304
1860 2304
2302 2304
2304 2304
2304 1860
2304 1861
2304 1865
2304 1864
2304 2302
2304 2301
2304 2304
1865 2302
2303 2302
2305 2302
2304 2302
2302 2302
2302 1865
2302 2303
2302 2304
2302 2305
2302 2302
2302 2305
2305 2305
2305 2302
2305 2305
1862 2306
1863 2306
2306 2306
2306 1862
2306 1863
2306 2306
2304 2301
1865 2301
2303 2301
2301 2301
2301 1865
2301 2303
2301 2304
2301 2301
1864 2307
1868 2307
1867 2307
1866 2307
2307 2307
2307 1866
2307 1867
2307 1868
2307 1864
2307 2307
1864 2299
2300 2299
2299 2299
2299 1864
2299 2300
2299 2299
2308 2308
2308 2308
2309 2309
2309 2309
2209 2207
2207 2207
2207 2209
2207 2207
2310 2310
2310 2310
2311 2311
2311 2311
2312 2312
2312 2312
1929 2316
1930 2316
2063 2316
1934 2316
2071 2316
1974 2316
2074 2316
2095 2316
2072 2316
1870 2316
1942 2316
1932 2316
2143 2316
1946 2316
1948 2316
1920 2316
2092 2316
1916 2316
1928 2316
1898 2316
2313 2316
2314 2316
1925 2316
2315 2316
1927 2316
1869 2316
1918 2316
2316 2316
2316 1869
2316 1870
2316 1898
2316 1920
2316 1916
2316 1918
2316 1925
2316 1927
2316 1928
2316 1929
2316 1930
2316 1932
2316 1934
2316 1942
2316 1946
2316 1948
2316 1974
2316 2063
2316 2074
2316 2072
2316 2071
2316 2095
2316 2143
2316 2092
2316 2313
2316 2315
2316 2314
2316 2316
2108 2313
1932 2313
2062 2313
1934 2313
2098 2313
1930 2313
1937 2313
1929 2313
1928 2313
1915 2313
2314 2313
1918 2313
1898 2313
1920 2313
1921 2313
2143 2313
2092 2313
1935 2313
2063 2313
1952 2313
1871 2313
2316 2313
1944 2313
1940 2313
2152 2313
1872 2313
2313 2313
2313 1871
2313 1872
2313 1898
2313 1921
2313 1920
2313 1918
2313 1915
2313 1928
2313 1929
2313 1930
2313 1932
2313 1934
2313 1937
2313 1935
2313 1940
2313 1944
2313 1952
2313 2063
2313 2098
2313 2108
2313 2062
2313 2143
2313 2152
2313 2092
2313 2316
2313 2314
2313 2313
1927 2320
2189 2320
1873 2320
2152 2320
1953 2320
1974 2320
2317 2320
1875 2320
1961 2320
1963 2320
2062 2320
1955 2320
2318 2320
1921 2320
2319 2320
2154 2320
2320 2320
2320 1873
2320 1875
2320 1921
2320 1927
2320 1953
2320 1955
2320 1961
2320 1963
2320 1974
2320 2062
2320 2152
2320 2154
2320 2189
2320 2317
2320 2319
2320 2318
2320 2320
2321 2321
2321 2321
1929 2322
1928 2322
2061 2322
1906 2322
2096 2322
1930 2322
2322 2322
2322 1906
2322 1928
2322 1929
2322 1930
2322 2061
2322 2096
2322 2322
2155 2317
1874 2317
2323 2317
2139 2317
1875 2317
2320 2317
2317 2317
2317 1874
2317 1875
2317 2139
2317 2155
2317 2320
2317 2323
2317 2317
1946 2315
2155 2315
2187 2315
2143 2315
2316 2315
2315 2315
2315 1946
2315 2143
2315 2155
2315 2187
2315 2316
2315 2315
2313 2314
2092 2314
2316 2314
2314 2314
2314 2092
2314 2316
2314 2313
2314 2314
1875 2319
2320 2319
2319 2319
2319 1875
2319 2320
2319 2319
2320 2318
1875 2318
2318 2318
2318 1875
2318 2320
2318 2318
2159 2324
1944 2324
2324 2324
2324 1944
2324 2159
2324 2324
2325 2325
2325 2325
2326 2326
2326 2326
1879 2328
1878 2328
1877 2328
2327 2328
1876 2328
2328 2328
2328 1876
2328 1877
2328 1878
2328 1879
2328 2327
2328 2328
1880 2330
2329 2330
1881 2330
2327 2330
2330 2330
2330 1880
2330 1881
2330 2327
2330 2329
2330 2330
2327 2250
2129 2250
2251 2250
2250 2250
2250 2129
2250 2251
2250 2327
2250 2250
2329 2327
2250 2327
2330 2327
2328 2327
2327 2327
2327 2328
2327 2330
2327 2250
2327 2329
2327 2327
2330 2329
2327 2329
2329 2329
2329 2330
2329 2327
2329 2329
1882 2331
2331 2331
2331 1882
2331 2331
1883 2332
1884 2332
2332 2332
2332 1883
2332 1884
2332 2332
1885 2333
2333 2333
2333 1885
2333 2333
2334 2335
1886 2335
1910 2335
2335 2335
2335 1886
2335 1910
2335 2334
2335 2335
2336 2334
2335 2334
2334 2334
2334 2335
2334 2336
2334 2334
2334 2336
1910 2336
2336 2336
2336 1910
2336 2334
2336 2336
2337 2337
2337 2337
2338 2338
2338 2338
1831 2339
1887 2339
2339 2339
2339 1887
2339 1831
2339 2339
1888 2340
1831 2340
2340 2340
2340 1831
2340 1888
2340 2340
2341 2341
2341 2341
2342 2342
2342 2342
2049 2343
1889 2343
2343 2343
2343 1889
2343 2049
2343 2343
2344 2323
2345 2323
2317 2323
1890 2323
1891 2323
2098 2323
2132 2323
2346 2323
2097 2323
2323 2323
2323 1891
2323 1890
2323 2098
2323 2132
2323 2097
2323 2317
2323 2344
2323 2346
2323 2345
2323 2323
2074 2344
2323 2344
2347 2344
1895 2344
1894 2344
1936 2344
1892 2344
2344 2344
2344 1892
2344 1894
2344 1895
2344 1936
2344 2074
2344 2323
2344 2347
2344 2344
1893 2346
2323 2346
2132 2346
1890 2346
2346 2346
2346 1890
2346 1893
2346 2132
2346 2323
2346 2346
2323 2345
1936 2345
2347 2345
1894 2345
1895 2345
2074 2345
2345 2345
2345 1894
2345 1895
2345 1936
2345 2074
2345 2323
2345 2347
2345 2345
1895 2347
2345 2347
2344 2347
1896 2347
2347 2347
2347 1895
2347 1896
2347 2344
2347 2345
2347 2347
