1447 1782
1782 1782
1782 1447
1782 1782
1611 1783
1783 1783
1783 1611
1783 1783
1784 1785
1785 1785
1785 1784
1785 1785
1785 1784
1784 1784
1784 1785
1784 1784
1786 1786
1786 1786
1787 1787
1787 1787
1614 1788
1613 1788
1449 1788
1788 1788
1788 1449
1788 1613
1788 1614
1788 1788
1789 1789
1789 1789
1455 1791
1790 1791
1791 1791
1791 1455
1791 1790
1791 1791
1791 1790
1790 1790
1790 1791
1790 1790
1455 1792
1792 1792
1792 1455
1792 1792
1793 1793
1793 1793
1459 1794
1794 1794
1794 1459
1794 1794
1795 1796
1796 1796
1796 1795
1796 1796
1797 1797
1797 1797
1796 1795
1795 1795
1795 1796
1795 1795
1798 1798
1798 1798
1799 1799
1799 1799
1800 1800
1800 1800
1801 1801
1801 1801
1802 1802
1802 1802
1803 1803
1803 1803
1804 1804
1804 1804
1461 1805
1805 1805
1805 1461
1805 1805
1806 1806
1806 1806
1807 1808
1808 1808
1808 1807
1808 1808
1808 1807
1807 1807
1807 1808
1807 1807
1463 1809
1809 1809
1809 1463
1809 1809
1466 1810
1810 1810
1810 1466
1810 1810
1811 1811
1811 1811
1812 1812
1812 1812
1813 1813
1813 1813
1814 1814
1814 1814
1815 1816
1759 1816
1816 1816
1816 1759
1816 1815
1816 1816
1759 1815
1816 1815
1815 1815
1815 1759
1815 1816
1815 1815
1817 1817
1817 1817
1818 1818
1818 1818
1819 1819
1819 1819
1820 1820
1820 1820
1821 1821
1821 1821
1615 1822
1822 1822
1822 1615
1822 1822
1823 1824
1471 1824
1468 1824
1616 1824
1618 1824
1824 1824
1824 1468
1824 1616
1824 1471
1824 1618
1824 1823
1824 1824
1824 1823
1617 1823
1825 1823
1472 1823
1823 1823
1823 1472
1823 1617
1823 1824
1823 1825
1823 1823
1823 1825
1825 1825
1825 1823
1825 1825
1618 1826
1826 1826
1826 1618
1826 1826
1827 1827
1827 1827
1828 1830
1622 1830
1829 1830
1486 1830
1474 1830
1830 1830
1830 1474
1830 1486
1830 1622
1830 1829
1830 1828
1830 1830
1679 1832
1831 1832
1476 1832
1832 1832
1832 1476
1832 1679
1832 1831
1832 1832
1830 1829
1486 1829
1828 1829
1829 1829
1829 1486
1829 1830
1829 1828
1829 1829
1619 1833
1482 1833
1833 1833
1833 1482
1833 1619
1833 1833
1828 1835
1834 1835
1835 1835
1835 1834
1835 1828
1835 1835
1620 1836
1836 1836
1836 1620
1836 1836
1835 1834
1834 1834
1834 1835
1834 1834
1837 1838
1838 1838
1838 1837
1838 1838
1620 1839
1839 1839
1839 1620
1839 1839
1838 1837
1837 1837
1837 1838
1837 1837
1840 1840
1840 1840
1841 1841
1841 1841
1842 1843
1484 1843
1621 1843
1843 1843
1843 1484
1843 1621
1843 1842
1843 1843
1484 1844
1621 1844
1842 1844
1844 1844
1844 1484
1844 1621
1844 1842
1844 1844
1843 1842
1844 1842
1842 1842
1842 1843
1842 1844
1842 1842
1486 1828
1830 1828
1829 1828
1835 1828
1622 1828
1828 1828
1828 1486
1828 1622
1828 1830
1828 1829
1828 1835
1828 1828
1845 1845
1845 1845
1846 1846
1846 1846
1847 1847
1847 1847
1489 1848
1848 1848
1848 1489
1848 1848
1849 1849
1849 1849
1850 1850
1850 1850
1851 1851
1851 1851
1493 1852
1852 1852
1852 1493
1852 1852
1690 1853
1496 1853
1504 1853
1853 1853
1853 1496
1853 1504
1853 1690
1853 1853
1693 1854
1854 1854
1854 1693
1854 1854
1855 1855
1855 1855
1856 1856
1856 1856
1623 1858
1857 1858
1858 1858
1858 1623
1858 1857
1858 1858
1857 1859
1859 1859
1859 1857
1859 1859
1858 1857
1859 1857
1857 1857
1857 1858
1857 1859
1857 1857
1860 1860
1860 1860
1861 1861
1861 1861
1862 1862
1862 1862
1863 1863
1863 1863
1864 1865
1507 1865
1865 1865
1865 1507
1865 1864
1865 1865
1511 1866
1508 1866
1509 1866
1514 1866
1512 1866
1866 1866
1866 1509
1866 1508
1866 1512
1866 1511
1866 1514
1866 1866
1515 1867
1520 1867
1867 1867
1867 1515
1867 1520
1867 1867
1868 1868
1868 1868
1624 1864
1865 1864
1864 1864
1864 1624
1864 1865
1864 1864
1521 1869
1869 1869
1869 1521
1869 1869
1870 1870
1870 1870
1871 1871
1871 1871
1755 1872
1872 1872
1872 1755
1872 1872
1873 1873
1873 1873
1663 1874
1874 1874
1874 1663
1874 1874
1875 1875
1875 1875
1625 1876
1876 1876
1876 1625
1876 1876
1625 1877
1877 1877
1877 1625
1877 1877
1878 1878
1878 1878
1879 1879
1879 1879
1880 1880
1880 1880
1881 1881
1881 1881
1882 1882
1882 1882
1626 1883
1675 1883
1627 1883
1883 1883
1883 1627
1883 1626
1883 1675
1883 1883
1626 1884
1884 1884
1884 1626
1884 1884
1885 1885
1885 1885
1886 1886
1886 1886
1628 1887
1887 1887
1887 1628
1887 1887
1525 1831
1832 1831
1831 1831
1831 1525
1831 1832
1831 1831
1628 1888
1593 1888
1670 1888
1888 1888
1888 1593
1888 1628
1888 1670
1888 1888
1526 1889
1889 1889
1889 1526
1889 1889
1630 1891
1629 1891
1890 1891
1891 1891
1891 1629
1891 1630
1891 1890
1891 1891
1631 1892
1632 1892
1528 1892
1633 1892
1892 1892
1892 1632
1892 1631
1892 1528
1892 1633
1892 1892
1891 1890
1890 1890
1890 1891
1890 1890
1747 1893
1893 1893
1893 1747
1893 1893
1634 1894
1894 1894
1894 1634
1894 1894
1895 1895
1895 1895
1896 1896
1896 1896
1897 1898
1898 1898
1898 1897
1898 1898
1899 1899
1899 1899
1530 1900
1900 1900
1900 1530
1900 1900
1710 1901
1901 1901
1901 1710
1901 1901
1902 1902
1902 1902
1635 1903
1534 1903
1636 1903
1903 1903
1903 1534
1903 1635
1903 1636
1903 1903
1904 1897
1898 1897
1897 1897
1897 1898
1897 1904
1897 1897
1897 1904
1904 1904
1904 1897
1904 1904
1661 1905
1905 1905
1905 1661
1905 1905
1906 1906
1906 1906
1907 1907
1907 1907
1908 1908
1908 1908
