2515 2517
2516 2517
2517 2517
2517 2515
2517 2516
2517 2517
2518 2518
2518 2518
2519 2520
2520 2520
2520 2519
2520 2520
2520 2519
2519 2519
2519 2520
2519 2519
2114 2522
2116 2522
2112 2522
2347 2522
2113 2522
2115 2522
2521 2522
2117 2522
2118 2522
2119 2522
2363 2522
2522 2522
2522 2113
2522 2114
2522 2115
2522 2112
2522 2116
2522 2117
2522 2118
2522 2119
2522 2347
2522 2363
2522 2521
2522 2522
2112 2523
2118 2523
2347 2523
2119 2523
2116 2523
2117 2523
2521 2523
2115 2523
2363 2523
2523 2523
2523 2115
2523 2112
2523 2116
2523 2117
2523 2118
2523 2119
2523 2347
2523 2363
2523 2521
2523 2523
2126 2525
2122 2525
2524 2525
2121 2525
2125 2525
2124 2525
2123 2525
2120 2525
2525 2525
2525 2120
2525 2121
2525 2122
2525 2123
2525 2124
2525 2125
2525 2126
2525 2524
2525 2525
2526 2528
2527 2528
2528 2528
2528 2526
2528 2527
2528 2528
2528 2526
2526 2526
2526 2528
2526 2526
2528 2527
2527 2527
2527 2528
2527 2527
2445 2530
2529 2530
2530 2530
2530 2445
2530 2529
2530 2530
2127 2531
2531 2531
2531 2127
2531 2531
2532 2532
2532 2532
2533 2533
2533 2533
2389 2534
2129 2534
2128 2534
2131 2534
2130 2534
2534 2534
2534 2128
2534 2129
2534 2130
2534 2131
2534 2389
2534 2534
2323 2536
2346 2536
2132 2536
2535 2536
2536 2536
2536 2132
2536 2323
2536 2346
2536 2535
2536 2536
2323 2537
2535 2537
2346 2537
2537 2537
2537 2323
2537 2346
2537 2535
2537 2537
2522 2521
2133 2521
2523 2521
2521 2521
2521 2133
2521 2522
2521 2523
2521 2521
2135 2539
2538 2539
2539 2539
2539 2135
2539 2538
2539 2539
2136 2540
2540 2540
2540 2136
2540 2540
2539 2538
2137 2538
2538 2538
2538 2137
2538 2539
2538 2538
2138 2541
2541 2541
2541 2138
2541 2541
2525 2524
2535 2524
2524 2524
2524 2525
2524 2535
2524 2524
2325 2543
2352 2543
2317 2543
2322 2543
2542 2543
2139 2543
2140 2543
2141 2543
2543 2543
2543 2139
2543 2140
2543 2141
2543 2322
2543 2317
2543 2325
2543 2352
2543 2542
2543 2543
2316 2544
2143 2544
2108 2544
2065 2544
2092 2544
2062 2544
2544 2544
2544 2108
2544 2062
2544 2143
2544 2065
2544 2092
2544 2316
2544 2544
2102 2545
2510 2545
2103 2545
2545 2545
2545 2103
2545 2102
2545 2510
2545 2545
2546 2547
2145 2547
2144 2547
2142 2547
2547 2547
2547 2142
2547 2144
2547 2145
2547 2546
2547 2547
2145 2546
2547 2546
2546 2546
2546 2145
2546 2547
2546 2546
2078 2548
2548 2548
2548 2078
2548 2548
2146 2550
2549 2550
2550 2550
2550 2146
2550 2549
2550 2550
2550 2549
2549 2549
2549 2550
2549 2549
2147 2551
2148 2551
2149 2551
2150 2551
2097 2551
2551 2551
2551 2097
2551 2147
2551 2148
2551 2149
2551 2150
2551 2551
2552 2553
2553 2553
2553 2552
2553 2553
2554 2554
2554 2554
2358 2558
2351 2558
2542 2558
2555 2558
2556 2558
2156 2558
2352 2558
2157 2558
2155 2558
2093 2558
2324 2558
2158 2558
2318 2558
2152 2558
2319 2558
2557 2558
2159 2558
2558 2558
2558 2093
2558 2152
2558 2156
2558 2157
2558 2158
2558 2159
2558 2155
2558 2319
2558 2318
2558 2324
2558 2358
2558 2352
2558 2351
2558 2542
2558 2555
2558 2556
2558 2557
2558 2558
2153 2542
2155 2542
2543 2542
2555 2542
2322 2542
2558 2542
2559 2542
2542 2542
2542 2153
2542 2155
2542 2322
2542 2543
2542 2558
2542 2555
2542 2559
2542 2542
2558 2555
2542 2555
2159 2555
2501 2555
2560 2555
2559 2555
2555 2555
2555 2159
2555 2501
2555 2558
2555 2542
2555 2560
2555 2559
2555 2555
2558 2556
2559 2556
2560 2556
2320 2556
2556 2556
2556 2320
2556 2558
2556 2560
2556 2559
2556 2556
2134 2535
2536 2535
2537 2535
2524 2535
2369 2535
2535 2535
2535 2134
2535 2369
2535 2536
2535 2537
2535 2524
2535 2535
2161 2562
2162 2562
2160 2562
2561 2562
2562 2562
2562 2161
2562 2162
2562 2160
2562 2561
2562 2562
2465 2563
2163 2563
2563 2563
2563 2163
2563 2465
2563 2563
2561 2564
2564 2564
2564 2561
2564 2564
2565 2565
2565 2565
2566 2566
2566 2566
2164 2567
2165 2567
2567 2567
2567 2164
2567 2165
2567 2567
2564 2561
2562 2561
2561 2561
2561 2562
2561 2564
2561 2561
2517 2515
2515 2515
2515 2517
2515 2515
2568 2568
2568 2568
2569 2569
2569 2569
2570 2570
2570 2570
2571 2572
2572 2572
2572 2571
2572 2572
2166 2573
2573 2573
2573 2166
2573 2573
2572 2571
2571 2571
2571 2572
2571 2571
2574 2574
2574 2574
2575 2575
2575 2575
2168 2576
2167 2576
2576 2576
2576 2167
2576 2168
2576 2576
2260 2577
2169 2577
2577 2577
2577 2169
2577 2260
2577 2577
2170 2578
2171 2578
2172 2578
2578 2578
2578 2171
2578 2170
2578 2172
2578 2578
2579 2579
2579 2579
2517 2516
2175 2516
2174 2516
2176 2516
2173 2516
2177 2516
2516 2516
2516 2173
2516 2174
2516 2175
2516 2176
2516 2177
2516 2517
2516 2516
2580 2580
2580 2580
2581 2581
2581 2581
2555 2560
2557 2560
2556 2560
2560 2560
2560 2555
2560 2556
2560 2557
2560 2560
2189 2559
2542 2559
2351 2559
2092 2559
2178 2559
2151 2559
2582 2559
2583 2559
2179 2559
2556 2559
2338 2559
2183 2559
2555 2559
2324 2559
2182 2559
2374 2559
2358 2559
2584 2559
2559 2559
2559 2092
2559 2178
2559 2151
2559 2179
2559 2183
2559 2182
2559 2189
2559 2324
2559 2338
2559 2358
2559 2351
2559 2374
2559 2542
2559 2555
2559 2556
2559 2583
2559 2582
2559 2584
2559 2559
2582 2587
2352 2587
2320 2587
2585 2587
2187 2587
2189 2587
2362 2587
2584 2587
2321 2587
2186 2587
2183 2587
2190 2587
2180 2587
2586 2587
2587 2587
2587 2180
2587 2187
2587 2183
2587 2190
2587 2189
2587 2186
2587 2320
2587 2321
2587 2362
2587 2352
2587 2582
2587 2585
2587 2584
2587 2586
2587 2587
2352 2583
2586 2583
2559 2583
2189 2583
2582 2583
2321 2583
2182 2583
2320 2583
2588 2583
2183 2583
2187 2583
2584 2583
2583 2583
2583 2187
2583 2183
2583 2182
2583 2189
2583 2320
2583 2321
2583 2352
2583 2559
2583 2582
2583 2588
2583 2584
2583 2586
2583 2583
2587 2582
2183 2582
2585 2582
2589 2582
2586 2582
2559 2582
2590 2582
2584 2582
2189 2582
2591 2582
2320 2582
2583 2582
2182 2582
2588 2582
2582 2582
2582 2183
2582 2182
2582 2189
2582 2320
2582 2559
2582 2587
2582 2583
2582 2585
2582 2590
2582 2589
2582 2591
2582 2588
2582 2584
2582 2586
2582 2582
2584 2585
2188 2585
2587 2585
2189 2585
2321 2585
2186 2585
2529 2585
2590 2585
2190 2585
2352 2585
2582 2585
2591 2585
2589 2585
2585 2585
2585 2188
2585 2190
2585 2189
2585 2186
2585 2321
2585 2352
2585 2587
2585 2582
2585 2590
2585 2589
2585 2529
2585 2591
2585 2584
2585 2585
2584 2590
2320 2590
2321 2590
2352 2590
2588 2590
2586 2590
2585 2590
2183 2590
2582 2590
2186 2590
2182 2590
2189 2590
2590 2590
2590 2183
2590 2182
2590 2189
2590 2186
2590 2320
2590 2321
2590 2352
2590 2582
2590 2585
2590 2588
2590 2584
2590 2586
2590 2590
2584 2589
2186 2589
2582 2589
2189 2589
2585 2589
2321 2589
2183 2589
2184 2589
2320 2589
2182 2589
2155 2589
2589 2589
2589 2155
2589 2184
2589 2183
2589 2182
2589 2189
2589 2186
2589 2320
2589 2321
2589 2582
2589 2585
2589 2584
2589 2589
2181 2557
2320 2557
2560 2557
2319 2557
2558 2557
2318 2557
2321 2557
2386 2557
2352 2557
2557 2557
2557 2181
2557 2320
2557 2321
2557 2319
2557 2318
2557 2352
2557 2386
2557 2558
2557 2560
2557 2557
2530 2529
2585 2529
2320 2529
2189 2529
2584 2529
2186 2529
2321 2529
2362 2529
2352 2529
2529 2529
2529 2189
2529 2186
2529 2320
2529 2321
2529 2362
2529 2352
2529 2530
2529 2585
2529 2584
2529 2529
2321 2591
2584 2591
2184 2591
2155 2591
2320 2591
2585 2591
2189 2591
2582 2591
2186 2591
2591 2591
2591 2155
2591 2184
2591 2189
2591 2186
2591 2320
2591 2321
2591 2582
2591 2585
2591 2584
2591 2591
2188 2588
2590 2588
2583 2588
2582 2588
2321 2588
2185 2588
2189 2588
2584 2588
2588 2588
2588 2185
2588 2188
2588 2189
2588 2321
2588 2583
2588 2582
2588 2590
2588 2584
2588 2588
2154 2592
2188 2592
2191 2592
2186 2592
2321 2592
2187 2592
2592 2592
2592 2154
2592 2187
2592 2188
2592 2186
2592 2191
2592 2321
2592 2592
2321 2593
2343 2593
2586 2593
2593 2593
2593 2321
2593 2343
2593 2586
2593 2593
2320 2584
2590 2584
2589 2584
2189 2584
2587 2584
2582 2584
2190 2584
2583 2584
2559 2584
2588 2584
2182 2584
2529 2584
2183 2584
2591 2584
2585 2584
2584 2584
2584 2183
2584 2182
2584 2190
2584 2189
2584 2320
2584 2559
2584 2587
2584 2583
2584 2582
2584 2585
2584 2590
2584 2589
2584 2529
2584 2591
2584 2588
2584 2584
2582 2586
2583 2586
2186 2586
2587 2586
2189 2586
2192 2586
2593 2586
2590 2586
2191 2586
2586 2586
2586 2189
2586 2186
2586 2191
2586 2192
2586 2587
2586 2583
2586 2582
2586 2590
2586 2593
2586 2586
2594 2594
2594 2594
2595 2595
2595 2595
2596 2596
2596 2596
2597 2597
2597 2597
2193 2598
2194 2598
2598 2598
2598 2194
2598 2193
2598 2598
2599 2599
2599 2599
2361 2601
2370 2601
2196 2601
2600 2601
2195 2601
2601 2601
2601 2195
2601 2196
2601 2370
2601 2361
2601 2600
2601 2601
2601 2600
2378 2600
2600 2600
2600 2378
2600 2601
2600 2600
2553 2552
2552 2552
2552 2553
2552 2552
2602 2602
2602 2602
2603 2606
2604 2606
2478 2606
2605 2606
2606 2606
2606 2478
2606 2605
2606 2604
2606 2603
2606 2606
2197 2605
2604 2605
2606 2605
2477 2605
2605 2605
2605 2197
2605 2477
2605 2606
2605 2604
2605 2605
2605 2604
2606 2604
2604 2604
2604 2606
2604 2605
2604 2604
2606 2603
2198 2603
2603 2603
2603 2198
2603 2606
2603 2603
2200 2607
2199 2607
2607 2607
2607 2199
2607 2200
2607 2607
2608 2609
2201 2609
2271 2609
2202 2609
2609 2609
2609 2201
2609 2202
2609 2271
2609 2608
2609 2609
2610 2611
2310 2611
2611 2611
2611 2310
2611 2610
2611 2611
2610 2612
2612 2612
2612 2610
2612 2612
2613 2614
2614 2614
2614 2613
2614 2614
2615 2615
2615 2615
2204 2616
2616 2616
2616 2204
2616 2616
2617 2617
2617 2617
2205 2618
2618 2618
2618 2205
2618 2618
2212 2620
2234 2620
2206 2620
2619 2620
2235 2620
2203 2620
2620 2620
2620 2206
2620 2212
2620 2234
2620 2235
2620 2203
2620 2619
2620 2620
2209 2621
2207 2621
2208 2621
2212 2621
2621 2621
2621 2209
2621 2208
2621 2212
2621 2207
2621 2621
2212 2622
2210 2622
2208 2622
2209 2622
2622 2622
2622 2209
2622 2208
2622 2210
2622 2212
2622 2622
2623 2624
2624 2624
2624 2623
2624 2624
2610 2625
2212 2625
2625 2625
2625 2212
2625 2610
2625 2625
2211 2626
2626 2626
2626 2211
2626 2626
2212 2627
2627 2627
2627 2212
2627 2627
2212 2628
2628 2628
2628 2212
2628 2628
2212 2629
2629 2629
2629 2212
2629 2629
2630 2631
2213 2631
2220 2631
2233 2631
2631 2631
2631 2213
2631 2220
2631 2233
2631 2630
2631 2631
2220 2634
2632 2634
2633 2634
2215 2634
2214 2634
2634 2634
2634 2215
2634 2214
2634 2220
2634 2632
2634 2633
2634 2634
2220 2632
2634 2632
2216 2632
2630 2632
2632 2632
2632 2216
2632 2220
2632 2634
2632 2630
2632 2632
2219 2636
2635 2636
2218 2636
2217 2636
2636 2636
2636 2217
2636 2218
2636 2219
2636 2635
2636 2636
2220 2630
2631 2630
2637 2630
2632 2630
2630 2630
2630 2220
2630 2631
2630 2632
2630 2637
2630 2630
2290 2638
2638 2638
2638 2290
2638 2638
2634 2633
2633 2633
2633 2634
2633 2633
2630 2637
2637 2637
2637 2630
2637 2637
2222 2641
2639 2641
2640 2641
2221 2641
2641 2641
2641 2221
2641 2222
2641 2639
2641 2640
2641 2641
2609 2608
2608 2608
2608 2609
2608 2608
2223 2642
2642 2642
2642 2223
2642 2642
2636 2635
2635 2635
2635 2636
2635 2635
2643 2644
2423 2644
2644 2644
2644 2423
2644 2643
2644 2644
2644 2643
2423 2643
2643 2643
2643 2423
2643 2644
2643 2643
2624 2623
2623 2623
2623 2624
2623 2623
2645 2647
2228 2647
2646 2647
2647 2647
2647 2228
2647 2645
2647 2646
2647 2647
2648 2648
2648 2648
2224 2639
2641 2639
2640 2639
2639 2639
2639 2224
2639 2641
2639 2640
2639 2639
2641 2640
2639 2640
2225 2640
2640 2640
2640 2225
2640 2641
2640 2639
2640 2640
2619 2649
2226 2649
2227 2649
2236 2649
2649 2649
2649 2226
2649 2227
2649 2236
2649 2619
2649 2649
2650 2650
2650 2650
2651 2645
2228 2645
2647 2645
2645 2645
2645 2228
2645 2647
2645 2651
2645 2645
2297 2652
2230 2652
2229 2652
2652 2652
2652 2229
2652 2230
2652 2297
2652 2652
2232 2653
2231 2653
2653 2653
2653 2231
2653 2232
2653 2653
2654 2619
2240 2619
2233 2619
2238 2619
2237 2619
2236 2619
2234 2619
2239 2619
2235 2619
2256 2619
2620 2619
2291 2619
2655 2619
2649 2619
2619 2619
2619 2234
2619 2235
2619 2233
2619 2236
2619 2237
2619 2238
2619 2239
2619 2240
2619 2256
2619 2291
2619 2620
2619 2649
2619 2654
2619 2655
2619 2619
2614 2613
2613 2613
2613 2614
2613 2613
2241 2656
2656 2656
2656 2241
2656 2656
2242 2657
2243 2657
2657 2657
2657 2242
2657 2243
2657 2657
2658 2658
2658 2658
2246 2661
2247 2661
2659 2661
2660 2661
2248 2661
2661 2661
2661 2246
2661 2247
2661 2248
2661 2659
2661 2660
2661 2661
2244 2659
2245 2659
2661 2659
2660 2659
2662 2659
2659 2659
2659 2244
2659 2245
2659 2661
2659 2662
2659 2660
2659 2659
2246 2662
2247 2662
2248 2662
2660 2662
2659 2662
2662 2662
2662 2246
2662 2247
2662 2248
2662 2659
2662 2660
2662 2662
2659 2660
2249 2660
2662 2660
2663 2660
2661 2660
2660 2660
2660 2249
2660 2661
2660 2659
2660 2662
2660 2663
2660 2660
2251 2664
2252 2664
2253 2664
2254 2664
2255 2664
2664 2664
2664 2251
2664 2252
2664 2253
2664 2254
2664 2255
2664 2664
2665 2665
2665 2665
2666 2666
2666 2666
2259 2654
2258 2654
2257 2654
2256 2654
2264 2654
2619 2654
2654 2654
2654 2256
2654 2257
2654 2258
2654 2259
2654 2264
2654 2619
2654 2654
2667 2667
2667 2667
2264 2668
2265 2668
2262 2668
2260 2668
2263 2668
2668 2668
2668 2260
2668 2262
2668 2263
2668 2264
2668 2265
2668 2668
2266 2670
2268 2670
2267 2670
2669 2670
2269 2670
2670 2670
2670 2266
2670 2268
2670 2269
2670 2267
2670 2669
2670 2670
2645 2651
2270 2651
2651 2651
2651 2270
2651 2645
2651 2651
2261 2671
2671 2671
2671 2261
2671 2671
2672 2672
2672 2672
2673 2673
2673 2673
2271 2646
2647 2646
2646 2646
2646 2271
2646 2647
2646 2646
2272 2663
2660 2663
2663 2663
2663 2272
2663 2660
2663 2663
2274 2674
2273 2674
2674 2674
2674 2274
2674 2273
2674 2674
2275 2675
2203 2675
2675 2675
2675 2275
2675 2203
2675 2675
2276 2676
2277 2676
2676 2676
2676 2276
2676 2277
2676 2676
2278 2677
2677 2677
2677 2278
2677 2677
2678 2678
2678 2678
2294 2679
2283 2679
2296 2679
2281 2679
2282 2679
2284 2679
2285 2679
2280 2679
2679 2679
2679 2283
2679 2281
2679 2280
2679 2284
2679 2285
2679 2294
2679 2282
2679 2296
2679 2679
2610 2680
2680 2680
2680 2610
2680 2680
2681 2681
2681 2681
2670 2669
2286 2669
2288 2669
2287 2669
2669 2669
2669 2286
2669 2287
2669 2288
2669 2670
2669 2669
2682 2683
2683 2683
2683 2682
2683 2683
2289 2684
2684 2684
2684 2289
2684 2684
2683 2682
2682 2682
2682 2683
2682 2682
2203 2685
2290 2685
2685 2685
2685 2203
2685 2290
2685 2685
2291 2655
2491 2655
2619 2655
2655 2655
2655 2291
2655 2491
2655 2619
2655 2655
2295 2687
2294 2687
2686 2687
2279 2687
2292 2687
2293 2687
2687 2687
2687 2279
2687 2292
2687 2293
2687 2294
2687 2295
2687 2686
2687 2687
2282 2686
2296 2686
2687 2686
2686 2686
2686 2282
2686 2296
2686 2687
2686 2686
2688 2610
2625 2610
2680 2610
2612 2610
2297 2610
2611 2610
2298 2610
2610 2610
2610 2297
2610 2298
2610 2611
2610 2612
2610 2625
2610 2680
2610 2688
2610 2610
2610 2688
2688 2688
2688 2610
2688 2688
2689 2690
2301 2690
2307 2690
2300 2690
2690 2690
2690 2300
2690 2301
2690 2307
2690 2689
2690 2690
2301 2691
2304 2691
2303 2691
2691 2691
2691 2303
2691 2304
2691 2301
2691 2691
2305 2692
2302 2692
2692 2692
2692 2302
2692 2305
2692 2692
2301 2693
2306 2693
2693 2693
2693 2306
2693 2301
2693 2693
2301 2689
2690 2689
2689 2689
2689 2301
2689 2690
2689 2689
2307 2694
2694 2694
2694 2307
2694 2694
