1557 1664
1664 1664
1664 1557
1664 1664
1665 1666
1666 1666
1666 1665
1666 1666
1558 1667
1364 1667
1367 1667
1667 1667
1667 1364
1667 1367
1667 1558
1667 1667
1559 1668
1668 1668
1668 1559
1668 1668
1370 1665
1669 1665
1427 1665
1666 1665
1665 1665
1665 1370
1665 1427
1665 1666
1665 1669
1665 1665
1594 1671
1371 1671
1670 1671
1422 1671
1377 1671
1530 1671
1590 1671
1372 1671
1671 1671
1671 1372
1671 1371
1671 1377
1671 1422
1671 1590
1671 1594
1671 1530
1671 1670
1671 1671
1672 1675
1673 1675
1674 1675
1675 1675
1675 1674
1675 1673
1675 1672
1675 1675
1595 1674
1379 1674
1675 1674
1674 1674
1674 1379
1674 1595
1674 1675
1674 1674
1676 1676
1676 1676
1380 1677
1562 1677
1561 1677
1560 1677
1677 1677
1677 1560
1677 1380
1677 1562
1677 1561
1677 1677
1562 1678
1380 1678
1561 1678
1678 1678
1678 1380
1678 1562
1678 1561
1678 1678
1679 1679
1679 1679
1680 1680
1680 1680
1382 1681
1681 1681
1681 1382
1681 1681
1682 1682
1682 1682
1683 1683
1683 1683
1388 1684
1384 1684
1566 1684
1386 1684
1387 1684
1404 1684
1565 1684
1390 1684
1402 1684
1564 1684
1405 1684
1563 1684
1398 1684
1406 1684
1409 1684
1410 1684
1569 1684
1568 1684
1567 1684
1392 1684
1684 1684
1684 1384
1684 1390
1684 1388
1684 1386
1684 1387
1684 1392
1684 1398
1684 1402
1684 1404
1684 1405
1684 1406
1684 1409
1684 1410
1684 1564
1684 1563
1684 1565
1684 1566
1684 1567
1684 1568
1684 1569
1684 1684
1685 1685
1685 1685
1570 1686
1412 1686
1571 1686
1686 1686
1686 1412
1686 1570
1686 1571
1686 1686
1413 1687
1687 1687
1687 1413
1687 1687
1688 1688
1688 1688
1689 1689
1689 1689
1496 1690
1500 1690
1504 1690
1690 1690
1690 1500
1690 1496
1690 1504
1690 1690
1691 1693
1692 1693
1693 1693
1693 1692
1693 1691
1693 1693
1693 1692
1692 1692
1692 1693
1692 1692
1693 1691
1691 1691
1691 1693
1691 1691
1572 1694
1694 1694
1694 1572
1694 1694
1695 1695
1695 1695
1417 1696
1415 1696
1696 1696
1696 1415
1696 1417
1696 1696
1697 1697
1697 1697
1698 1698
1698 1698
1699 1699
1699 1699
1700 1700
1700 1700
1701 1702
1573 1702
1702 1702
1702 1573
1702 1701
1702 1702
1702 1701
1573 1701
1701 1701
1701 1573
1701 1702
1701 1701
1573 1703
1703 1703
1703 1573
1703 1703
1704 1704
1704 1704
1574 1705
1575 1705
1705 1705
1705 1575
1705 1574
1705 1705
1576 1706
1706 1706
1706 1576
1706 1706
1577 1707
1707 1707
1707 1577
1707 1707
1708 1708
1708 1708
1578 1709
1579 1709
1709 1709
1709 1578
1709 1579
1709 1709
1710 1710
1710 1710
1580 1711
1711 1711
1711 1580
1711 1711
1712 1712
1712 1712
1713 1713
1713 1713
1581 1714
1714 1714
1714 1581
1714 1714
1715 1717
1716 1717
1717 1717
1717 1715
1717 1716
1717 1717
1718 1718
1718 1718
1716 1719
1719 1719
1719 1716
1719 1719
1420 1720
1720 1720
1720 1420
1720 1720
1721 1721
1721 1721
1722 1722
1722 1722
1723 1723
1723 1723
1582 1724
1583 1724
1724 1724
1724 1582
1724 1583
1724 1724
1725 1725
1725 1725
1584 1726
1726 1726
1726 1584
1726 1726
1585 1727
1587 1727
1586 1727
1727 1727
1727 1585
1727 1586
1727 1587
1727 1727
1728 1728
1728 1728
1729 1730
1730 1730
1730 1729
1730 1730
1730 1729
1729 1729
1729 1730
1729 1729
1731 1731
1731 1731
1732 1732
1732 1732
1733 1733
1733 1733
1734 1734
1734 1734
1735 1735
1735 1735
1736 1736
1736 1736
1737 1737
1737 1737
1738 1738
1738 1738
1739 1739
1739 1739
1740 1740
1740 1740
1741 1741
1741 1741
1742 1742
1742 1742
1671 1670
1593 1670
1427 1670
1673 1670
1422 1670
1500 1670
1430 1670
1592 1670
1590 1670
1431 1670
1589 1670
1588 1670
1591 1670
1496 1670
1670 1670
1670 1422
1670 1427
1670 1500
1670 1430
1670 1590
1670 1431
1670 1589
1670 1588
1670 1591
1670 1592
1670 1496
1670 1593
1670 1671
1670 1673
1670 1670
1675 1673
1670 1673
1594 1673
1673 1673
1673 1594
1673 1675
1673 1670
1673 1673
1434 1669
1665 1669
1435 1669
1669 1669
1669 1434
1669 1435
1669 1665
1669 1669
1675 1672
1672 1672
1672 1675
1672 1672
1529 1743
1743 1743
1743 1529
1743 1743
1532 1744
1529 1744
1744 1744
1744 1529
1744 1532
1744 1744
1595 1745
1745 1745
1745 1595
1745 1745
1746 1746
1746 1746
1747 1747
1747 1747
1596 1748
1437 1748
1439 1748
1440 1748
1597 1748
1598 1748
1748 1748
1748 1437
1748 1439
1748 1596
1748 1597
1748 1598
1748 1440
1748 1748
1749 1750
1750 1750
1750 1749
1750 1750
1599 1751
1440 1751
1751 1751
1751 1440
1751 1599
1751 1751
1750 1749
1749 1749
1749 1750
1749 1749
1752 1752
1752 1752
1753 1753
1753 1753
1754 1754
1754 1754
1755 1755
1755 1755
1600 1756
1756 1756
1756 1600
1756 1756
1442 1757
1757 1757
1757 1442
1757 1757
1601 1758
1758 1758
1758 1601
1758 1758
1603 1759
1602 1759
1443 1759
1759 1759
1759 1443
1759 1602
1759 1603
1759 1759
1760 1760
1760 1760
1605 1761
1604 1761
1761 1761
1761 1604
1761 1605
1761 1761
1762 1715
1717 1715
1715 1715
1715 1717
1715 1762
1715 1715
1715 1762
1606 1762
1762 1762
1762 1606
1762 1715
1762 1762
1717 1716
1607 1716
1719 1716
1716 1716
1716 1607
1716 1717
1716 1719
1716 1716
1763 1763
1763 1763
1764 1764
1764 1764
1765 1765
1765 1765
1766 1766
1766 1766
1767 1767
1767 1767
1768 1768
1768 1768
1769 1771
1770 1771
1771 1771
1771 1769
1771 1770
1771 1771
1771 1769
1770 1769
1769 1769
1769 1771
1769 1770
1769 1769
1608 1772
1772 1772
1772 1608
1772 1772
1769 1770
1610 1770
1609 1770
1771 1770
1770 1770
1770 1610
1770 1609
1770 1771
1770 1769
1770 1770
1773 1773
1773 1773
1774 1774
1774 1774
1445 1775
1775 1775
1775 1445
1775 1775
1776 1776
1776 1776
1777 1777
1777 1777
1660 1778
1778 1778
1778 1660
1778 1778
1779 1779
1779 1779
1780 1780
1780 1780
1781 1781
1781 1781
