2308 2695
2695 2695
2695 2308
2695 2695
2696 2697
2309 2697
2697 2697
2697 2309
2697 2696
2697 2697
2698 2698
2698 2698
2699 2699
2699 2699
2700 2700
2700 2700
2701 2704
2477 2704
2311 2704
2614 2704
2310 2704
2207 2704
2625 2704
2702 2704
2312 2704
2703 2704
2612 2704
2428 2704
2646 2704
2613 2704
2685 2704
2704 2704
2704 2207
2704 2310
2704 2311
2704 2312
2704 2428
2704 2477
2704 2612
2704 2614
2704 2625
2704 2613
2704 2646
2704 2685
2704 2702
2704 2703
2704 2701
2704 2704
2319 2708
2555 2708
2542 2708
2317 2708
2315 2708
2558 2708
2314 2708
2705 2708
2318 2708
2507 2708
2324 2708
2325 2708
2326 2708
2369 2708
2322 2708
2321 2708
2313 2708
2316 2708
2352 2708
2586 2708
2706 2708
2584 2708
2373 2708
2707 2708
2592 2708
2320 2708
2708 2708
2708 2316
2708 2313
2708 2320
2708 2321
2708 2322
2708 2317
2708 2315
2708 2314
2708 2319
2708 2318
2708 2324
2708 2325
2708 2326
2708 2373
2708 2352
2708 2369
2708 2507
2708 2558
2708 2542
2708 2555
2708 2592
2708 2584
2708 2586
2708 2706
2708 2705
2708 2707
2708 2708
2709 2713
2710 2713
2378 2713
2711 2713
2712 2713
2363 2713
2367 2713
2706 2713
2713 2713
2713 2363
2713 2367
2713 2378
2713 2712
2713 2706
2713 2710
2713 2709
2713 2711
2713 2713
2687 2714
2327 2714
2250 2714
2328 2714
2331 2714
2329 2714
2373 2714
2330 2714
2714 2714
2714 2328
2714 2330
2714 2250
2714 2327
2714 2329
2714 2331
2714 2373
2714 2687
2714 2714
2331 2715
2664 2715
2333 2715
2332 2715
2513 2715
2715 2715
2715 2331
2715 2332
2715 2333
2715 2513
2715 2664
2715 2715
2348 2716
2373 2716
2716 2716
2716 2348
2716 2373
2716 2716
2717 2717
2717 2717
2718 2718
2718 2718
2719 2721
2720 2721
2334 2721
2336 2721
2706 2721
2373 2721
2366 2721
2335 2721
2368 2721
2369 2721
2721 2721
2721 2335
2721 2334
2721 2336
2721 2366
2721 2368
2721 2373
2721 2369
2721 2719
2721 2706
2721 2720
2721 2721
2706 2722
2720 2722
2719 2722
2369 2722
2373 2722
2722 2722
2722 2373
2722 2369
2722 2719
2722 2706
2722 2720
2722 2722
2706 2719
2721 2719
2722 2719
2337 2719
2338 2719
2719 2719
2719 2337
2719 2338
2719 2721
2719 2722
2719 2706
2719 2719
2341 2723
2342 2723
2338 2723
2339 2723
2340 2723
2723 2723
2723 2338
2723 2339
2723 2340
2723 2341
2723 2342
2723 2723
2724 2725
2706 2725
2343 2725
2725 2725
2725 2343
2725 2724
2725 2706
2725 2725
2343 2726
2706 2726
2726 2726
2726 2343
2726 2706
2726 2726
2343 2724
2725 2724
2724 2724
2724 2343
2724 2725
2724 2724
2361 2727
2727 2727
2727 2361
2727 2727
2344 2728
2345 2728
2347 2728
2323 2728
2349 2728
2346 2728
2551 2728
2375 2728
2728 2728
2728 2323
2728 2344
2728 2346
2728 2345
2728 2347
2728 2349
2728 2375
2728 2551
2728 2728
2709 2729
2354 2729
2362 2729
2352 2729
2729 2729
2729 2354
2729 2362
2729 2352
2729 2709
2729 2729
2357 2730
2355 2730
2356 2730
2730 2730
2730 2356
2730 2357
2730 2355
2730 2730
2731 2732
2348 2732
2732 2732
2732 2348
2732 2731
2732 2732
2586 2734
2733 2734
2734 2734
2734 2586
2734 2733
2734 2734
2732 2731
2731 2731
2731 2732
2731 2731
2705 2737
2359 2737
2735 2737
2358 2737
2706 2737
2361 2737
2352 2737
2579 2737
2710 2737
2736 2737
2737 2737
2737 2358
2737 2359
2737 2352
2737 2361
2737 2579
2737 2706
2737 2735
2737 2710
2737 2705
2737 2736
2737 2737
2363 2712
2713 2712
2709 2712
2362 2712
2543 2712
2712 2712
2712 2362
2712 2363
2712 2543
2712 2713
2712 2709
2712 2712
2738 2739
2525 2739
2364 2739
2739 2739
2739 2364
2739 2525
2739 2738
2739 2739
2371 2738
2739 2738
2365 2738
2738 2738
2738 2365
2738 2371
2738 2739
2738 2738
2705 2740
2376 2740
2740 2740
2740 2376
2740 2705
2740 2740
2372 2706
2367 2706
2365 2706
2451 2706
2711 2706
2600 2706
2378 2706
2371 2706
2708 2706
2368 2706
2366 2706
2361 2706
2719 2706
2370 2706
2722 2706
2737 2706
2721 2706
2725 2706
2713 2706
2709 2706
2726 2706
2706 2706
2706 2366
2706 2368
2706 2370
2706 2365
2706 2371
2706 2367
2706 2372
2706 2378
2706 2451
2706 2361
2706 2600
2706 2708
2706 2713
2706 2721
2706 2722
2706 2719
2706 2725
2706 2726
2706 2737
2706 2709
2706 2711
2706 2706
2741 2743
2742 2743
2373 2743
2378 2743
2743 2743
2743 2373
2743 2378
2743 2741
2743 2742
2743 2743
2377 2741
2352 2741
2742 2741
2743 2741
2741 2741
2741 2352
2741 2377
2741 2743
2741 2742
2741 2741
2378 2720
2721 2720
2722 2720
2720 2720
2720 2378
2720 2721
2720 2722
2720 2720
2741 2742
2743 2742
2742 2742
2742 2743
2742 2741
2742 2742
2384 2735
2353 2735
2385 2735
2383 2735
2374 2735
2360 2735
2737 2735
2386 2735
2387 2735
2388 2735
2350 2735
2380 2735
2351 2735
2557 2735
2735 2735
2735 2350
2735 2351
2735 2380
2735 2360
2735 2383
2735 2384
2735 2385
2735 2374
2735 2386
2735 2387
2735 2388
2735 2353
2735 2557
2735 2737
2735 2735
2512 2710
2511 2710
2509 2710
2376 2710
2713 2710
2513 2710
2504 2710
2744 2710
2737 2710
2745 2710
2710 2710
2710 2504
2710 2376
2710 2509
2710 2511
2710 2512
2710 2513
2710 2713
2710 2737
2710 2745
2710 2744
2710 2710
2534 2746
2391 2746
2392 2746
2390 2746
2746 2746
2746 2390
2746 2391
2746 2392
2746 2534
2746 2746
2397 2747
2395 2747
2394 2747
2393 2747
2396 2747
2747 2747
2747 2394
2747 2395
2747 2396
2747 2397
2747 2393
2747 2747
2748 2749
2749 2749
2749 2748
2749 2749
2749 2748
2748 2748
2748 2749
2748 2748
2750 2733
2734 2733
2672 2733
2399 2733
2398 2733
2509 2733
2751 2733
2752 2733
2733 2733
2733 2398
2733 2399
2733 2509
2733 2672
2733 2734
2733 2752
2733 2751
2733 2750
2733 2733
2403 2753
2400 2753
2404 2753
2406 2753
2405 2753
2402 2753
2393 2753
2401 2753
2753 2753
2753 2401
2753 2393
2753 2402
2753 2400
2753 2403
2753 2404
2753 2405
2753 2406
2753 2753
2407 2754
2754 2754
2754 2407
2754 2754
2696 2755
2638 2755
2408 2755
2755 2755
2755 2408
2755 2638
2755 2696
2755 2755
2756 2756
2756 2756
2757 2759
2409 2759
2758 2759
2759 2759
2759 2409
2759 2758
2759 2757
2759 2759
2409 2758
2759 2758
2758 2758
2758 2409
2758 2759
2758 2758
2759 2757
2757 2757
2757 2759
2757 2757
2410 2760
2760 2760
2760 2410
2760 2760
2411 2761
2761 2761
2761 2411
2761 2761
2412 2762
2762 2762
2762 2412
2762 2762
2412 2763
2413 2763
2416 2763
2414 2763
2415 2763
2763 2763
2763 2412
2763 2413
2763 2414
2763 2415
2763 2416
2763 2763
2413 2764
2414 2764
2764 2764
2764 2413
2764 2414
2764 2764
2414 2765
2415 2765
2765 2765
2765 2414
2765 2415
2765 2765
2416 2766
2766 2766
2766 2416
2766 2766
2767 2767
2767 2767
2768 2769
2769 2769
2769 2768
2769 2769
2769 2768
2768 2768
2768 2769
2768 2768
2422 2771
2417 2771
2711 2771
2418 2771
2419 2771
2420 2771
2770 2771
2421 2771
2531 2771
2771 2771
2771 2421
2771 2420
2771 2419
2771 2418
2771 2417
2771 2422
2771 2531
2771 2711
2771 2770
2771 2771
2624 2773
2701 2773
2703 2773
2772 2773
2430 2773
2428 2773
2427 2773
2425 2773
2424 2773
2663 2773
2623 2773
2429 2773
2613 2773
2423 2773
2773 2773
2773 2423
2773 2424
2773 2425
2773 2427
2773 2428
2773 2429
2773 2430
2773 2624
2773 2623
2773 2613
2773 2663
2773 2703
2773 2701
2773 2772
2773 2773
2434 2702
2774 2702
2772 2702
2704 2702
2703 2702
2426 2702
2433 2702
2432 2702
2431 2702
2613 2702
2702 2702
2702 2431
2702 2432
2702 2433
2702 2426
2702 2434
2702 2613
2702 2704
2702 2703
2702 2772
2702 2774
2702 2702
2773 2703
2438 2703
2437 2703
2702 2703
2436 2703
2704 2703
2615 2703
2772 2703
2435 2703
2426 2703
2703 2703
2703 2426
2703 2435
2703 2436
2703 2437
2703 2438
2703 2615
2703 2704
2703 2773
2703 2702
2703 2772
2703 2703
2704 2701
2773 2701
2701 2701
2701 2704
2701 2773
2701 2701
2434 2775
2775 2775
2775 2434
2775 2775
2440 2776
2439 2776
2441 2776
2776 2776
2776 2440
2776 2439
2776 2441
2776 2776
2443 2777
2442 2777
2777 2777
2777 2442
2777 2443
2777 2777
2778 2778
2778 2778
2779 2779
2779 2779
2445 2781
2449 2781
2711 2781
2452 2781
2780 2781
2451 2781
2447 2781
2528 2781
2450 2781
2781 2781
2781 2449
2781 2445
2781 2450
2781 2447
2781 2451
2781 2452
2781 2528
2781 2780
2781 2711
2781 2781
2781 2780
2452 2780
2453 2780
2780 2780
2780 2452
2780 2453
2780 2781
2780 2780
2460 2782
2459 2782
2458 2782
2457 2782
2455 2782
2454 2782
2461 2782
2456 2782
2782 2782
2782 2454
2782 2455
2782 2456
2782 2457
2782 2458
2782 2459
2782 2460
2782 2461
2782 2782
2462 2783
2463 2783
2783 2783
2783 2462
2783 2463
2783 2783
2464 2784
2690 2784
2784 2784
2784 2464
2784 2690
2784 2784
2465 2785
2785 2785
2785 2465
2785 2785
2466 2786
2467 2786
2786 2786
2786 2467
2786 2466
2786 2786
2468 2787
2469 2787
2787 2787
2787 2468
2787 2469
2787 2787
2471 2788
2470 2788
2788 2788
2788 2471
2788 2470
2788 2788
2472 2789
2789 2789
2789 2472
2789 2789
2790 2792
2480 2792
2791 2792
2792 2792
2792 2480
2792 2791
2792 2790
2792 2792
2473 2794
2793 2794
2474 2794
2794 2794
2794 2473
2794 2474
2794 2793
2794 2794
2475 2795
2795 2795
2795 2475
2795 2795
2605 2796
2478 2796
2606 2796
2476 2796
2604 2796
2477 2796
2796 2796
2796 2476
2796 2477
2796 2478
2796 2606
2796 2605
2796 2604
2796 2796
2479 2791
2792 2791
2480 2791
2481 2791
2791 2791
2791 2479
2791 2480
2791 2481
2791 2792
2791 2791
2679 2797
2482 2797
2797 2797
2797 2482
2797 2679
2797 2797
2482 2798
2483 2798
2798 2798
2798 2482
2798 2483
2798 2798
2799 2799
2799 2799
2484 2800
2800 2800
2800 2484
2800 2800
2485 2801
2486 2801
2801 2801
2801 2485
2801 2486
2801 2801
2663 2802
2802 2802
2802 2663
2802 2802
2803 2803
2803 2803
2631 2804
2491 2804
2488 2804
2487 2804
2618 2804
2490 2804
2492 2804
2489 2804
2804 2804
2804 2488
2804 2487
2804 2490
2804 2489
2804 2491
2804 2492
2804 2618
2804 2631
2804 2804
2493 2805
2494 2805
2805 2805
2805 2493
2805 2494
2805 2805
2806 2807
2807 2807
2807 2806
2807 2807
2807 2806
2806 2806
2806 2807
2806 2806
2808 2696
2697 2696
2755 2696
2495 2696
2696 2696
2696 2495
2696 2697
2696 2755
2696 2808
2696 2696
2497 2809
2496 2809
2809 2809
2809 2496
2809 2497
2809 2809
2810 2811
2811 2811
2811 2810
2811 2811
2498 2810
2811 2810
2810 2810
2810 2498
2810 2811
2810 2810
2812 2813
2813 2813
2813 2812
2813 2813
2499 2814
2814 2814
2814 2499
2814 2814
2500 2815
2815 2815
2815 2500
2815 2815
2816 2816
2816 2816
2501 2752
2369 2752
2705 2752
2502 2752
2375 2752
2751 2752
2507 2752
2733 2752
2353 2752
2752 2752
2752 2353
2752 2501
2752 2375
2752 2502
2752 2369
2752 2507
2752 2733
2752 2751
2752 2705
2752 2752
2535 2709
2712 2709
2729 2709
2713 2709
2706 2709
2446 2709
2444 2709
2503 2709
2448 2709
2709 2709
2709 2446
2709 2444
2709 2448
2709 2503
2709 2535
2709 2713
2709 2729
2709 2712
2709 2706
2709 2709
2733 2751
2705 2751
2512 2751
2509 2751
2361 2751
2505 2751
2752 2751
2369 2751
2751 2751
2751 2361
2751 2369
2751 2505
2751 2509
2751 2512
2751 2733
2751 2752
2751 2705
2751 2751
2817 2819
2818 2819
2535 2819
2819 2819
2819 2535
2819 2817
2819 2818
2819 2819
2535 2750
2733 2750
2750 2750
2750 2535
2750 2733
2750 2750
2506 2820
2744 2820
2820 2820
2820 2506
2820 2744
2820 2820
2744 2705
2539 2705
2547 2705
2545 2705
2745 2705
2541 2705
2711 2705
2740 2705
2737 2705
2708 2705
2511 2705
2512 2705
2389 2705
2751 2705
2513 2705
2509 2705
2508 2705
2514 2705
2376 2705
2504 2705
2510 2705
2507 2705
2381 2705
2752 2705
2382 2705
2705 2705
2705 2382
2705 2381
2705 2507
2705 2504
2705 2376
2705 2508
2705 2509
2705 2389
2705 2510
2705 2511
2705 2512
2705 2513
2705 2514
2705 2539
2705 2541
2705 2545
2705 2547
2705 2708
2705 2737
2705 2740
2705 2752
2705 2751
2705 2711
2705 2745
2705 2744
2705 2705
2518 2821
2711 2821
2379 2821
2527 2821
2517 2821
2528 2821
2821 2821
2821 2379
2821 2517
2821 2518
2821 2528
2821 2527
2821 2711
2821 2821
2822 2817
2818 2817
2744 2817
2819 2817
2817 2817
2817 2819
2817 2744
2817 2822
2817 2818
2817 2817
2823 2824
2519 2824
2520 2824
2824 2824
2824 2520
2824 2519
2824 2823
2824 2824
2824 2823
2823 2823
2823 2824
2823 2823
2532 2711
2533 2711
2713 2711
2745 2711
2526 2711
2528 2711
2522 2711
2705 2711
2771 2711
2706 2711
2527 2711
2781 2711
2525 2711
2821 2711
2523 2711
2531 2711
2530 2711
2711 2711
2711 2522
2711 2523
2711 2525
2711 2528
2711 2526
2711 2527
2711 2530
2711 2531
2711 2532
2711 2533
2711 2713
2711 2706
2711 2771
2711 2781
2711 2705
2711 2821
2711 2745
2711 2711
2534 2745
2550 2745
2536 2745
2705 2745
2537 2745
2521 2745
2539 2745
2538 2745
2710 2745
2825 2745
2535 2745
2711 2745
2524 2745
2540 2745
2541 2745
2745 2745
2745 2534
2745 2536
2745 2537
2745 2521
2745 2539
2745 2540
2745 2538
2745 2541
2745 2524
2745 2550
2745 2535
2745 2710
2745 2705
2745 2711
2745 2825
2745 2745
2826 2744
2535 2744
2818 2744
2825 2744
2705 2744
2820 2744
2817 2744
2710 2744
2543 2744
2544 2744
2545 2744
2744 2744
2744 2543
2744 2544
2744 2545
2744 2535
2744 2710
2744 2820
2744 2705
2744 2817
2744 2826
2744 2825
2744 2818
2744 2744
2744 2826
2548 2826
2547 2826
2546 2826
2826 2826
2826 2547
2826 2546
2826 2548
2826 2744
2826 2826
2549 2825
2745 2825
2550 2825
2744 2825
2825 2825
2825 2550
2825 2549
2825 2745
2825 2744
2825 2825
2551 2827
2554 2827
2818 2827
2553 2827
2827 2827
2827 2551
2827 2553
2827 2554
2827 2818
2827 2827
2559 2828
2556 2828
2555 2828
2542 2828
2558 2828
2828 2828
2828 2558
2828 2542
2828 2555
2828 2556
2828 2559
2828 2828
2535 2822
2817 2822
2822 2822
2822 2535
2822 2817
2822 2822
2829 2829
2829 2829
2830 2830
2830 2830
2565 2831
2564 2831
2563 2831
2566 2831
2562 2831
2831 2831
2831 2562
2831 2563
2831 2564
2831 2565
2831 2566
2831 2831
2567 2832
2832 2832
2832 2567
2832 2832
2561 2833
2833 2833
2833 2561
2833 2833
2834 2834
2834 2834
2835 2835
2835 2835
2516 2836
2569 2836
2568 2836
2570 2836
2515 2836
2836 2836
2836 2515
2836 2568
2836 2569
2836 2570
2836 2516
2836 2836
2574 2837
2572 2837
2573 2837
2571 2837
2575 2837
2837 2837
2837 2572
2837 2573
2837 2571
2837 2574
2837 2575
2837 2837
2577 2770
2771 2770
2576 2770
2770 2770
2770 2576
2770 2577
2770 2771
2770 2770
2578 2736
2737 2736
2579 2736
2736 2736
2736 2578
2736 2579
2736 2737
2736 2736
2516 2838
2580 2838
2838 2838
2838 2516
2838 2580
2838 2838
2839 2839
2839 2839
2581 2840
2840 2840
2840 2581
2840 2840
2560 2841
2841 2841
2841 2560
2841 2841
2842 2842
2842 2842
2843 2843
2843 2843
2844 2844
2844 2844
2845 2845
2845 2845
2708 2707
2846 2707
2593 2707
2592 2707
2588 2707
2591 2707
2529 2707
2557 2707
2589 2707
2587 2707
2583 2707
2559 2707
2585 2707
2582 2707
2590 2707
2707 2707
2707 2559
2707 2587
2707 2583
2707 2582
2707 2585
2707 2590
2707 2589
2707 2557
2707 2529
2707 2591
2707 2588
2707 2592
2707 2593
2707 2708
2707 2846
2707 2707
2594 2847
2846 2847
2586 2847
2584 2847
2847 2847
2847 2584
2847 2586
2847 2594
2847 2846
2847 2847
2595 2846
2847 2846
2707 2846
2846 2846
2846 2595
2846 2707
2846 2847
2846 2846
2596 2848
2848 2848
2848 2596
2848 2848
2597 2849
2849 2849
2849 2597
2849 2849
2850 2850
2850 2850
2851 2851
2851 2851
2852 2852
2852 2852
2598 2853
2853 2853
2853 2598
2853 2853
2599 2854
2854 2854
2854 2599
2854 2854
2552 2818
2600 2818
2602 2818
2827 2818
2601 2818
2817 2818
2744 2818
2819 2818
2818 2818
2818 2601
2818 2600
2818 2552
2818 2602
2818 2819
2818 2817
2818 2744
2818 2827
2818 2818
2606 2855
2603 2855
2605 2855
2604 2855
2855 2855
2855 2606
2855 2605
2855 2604
2855 2603
2855 2855
2607 2790
2792 2790
2790 2790
2790 2607
2790 2792
2790 2790
2856 2856
2856 2856
2857 2858
2858 2858
2858 2857
2858 2858
2613 2772
2646 2772
2615 2772
2616 2772
2624 2772
2685 2772
2702 2772
2617 2772
2614 2772
2612 2772
2611 2772
2773 2772
2609 2772
2703 2772
2772 2772
2772 2609
2772 2611
2772 2612
2772 2614
2772 2615
2772 2616
2772 2617
2772 2624
2772 2613
2772 2646
2772 2685
2772 2773
2772 2702
2772 2703
2772 2772
2618 2859
2859 2859
2859 2618
2859 2859
2860 2860
2860 2860
2861 2861
2861 2861
2862 2862
2862 2862
2863 2864
2864 2864
2864 2863
2864 2864
2864 2863
2863 2863
2863 2864
2863 2863
2865 2793
2794 2793
2793 2793
2793 2794
2793 2865
2793 2793
2793 2865
2865 2865
2865 2793
2865 2865
2866 2866
2866 2866
2867 2867
2867 2867
2868 2868
2868 2868
2858 2857
2857 2857
2857 2858
2857 2857
2869 2869
2869 2869
2621 2870
2620 2870
2625 2870
2626 2870
2629 2870
2628 2870
2622 2870
2624 2870
2627 2870
2870 2870
2870 2620
2870 2621
2870 2622
2870 2624
2870 2625
2870 2626
2870 2627
2870 2628
2870 2629
2870 2870
2696 2808
2631 2808
2634 2808
2636 2808
2630 2808
2638 2808
2633 2808
2637 2808
2632 2808
2808 2808
2808 2631
2808 2634
2808 2632
2808 2636
2808 2630
2808 2638
2808 2633
2808 2637
2808 2696
2808 2808
2871 2873
2639 2873
2872 2873
2641 2873
2608 2873
2635 2873
2642 2873
2873 2873
2873 2641
2873 2608
2873 2642
2873 2635
2873 2639
2873 2871
2873 2872
2873 2873
2813 2812
2644 2812
2643 2812
2623 2812
2812 2812
2812 2644
2812 2643
2812 2623
2812 2813
2812 2812
2874 2875
2645 2875
2648 2875
2647 2875
2875 2875
2875 2647
2875 2648
2875 2645
2875 2874
2875 2875
2876 2878
2877 2878
2878 2878
2878 2877
2878 2876
2878 2878
2640 2871
2639 2871
2873 2871
2871 2871
2871 2639
2871 2640
2871 2873
2871 2871
2649 2879
2650 2879
2879 2879
2879 2649
2879 2650
2879 2879
2646 2874
2875 2874
2645 2874
2874 2874
2874 2645
2874 2646
2874 2875
2874 2874
2653 2880
2652 2880
2880 2880
2880 2652
2880 2653
2880 2880
2881 2882
2882 2882
2882 2881
2882 2882
2702 2774
2619 2774
2774 2774
2774 2619
2774 2702
2774 2774
2613 2883
2883 2883
2883 2613
2883 2883
2884 2884
2884 2884
2873 2872
2872 2872
2872 2873
2872 2872
2646 2885
2885 2885
2885 2646
2885 2885
2882 2881
2881 2881
2881 2882
2881 2881
2656 2886
2886 2886
2886 2656
2886 2886
2887 2887
2887 2887
2878 2877
2877 2877
2877 2878
2877 2877
2878 2876
2876 2876
2876 2878
2876 2876
