0 2
1 3
2 1
3 0
4 6
5 5
6 4
7 7
8 8
9 9
10 10
11 11
12 12
13 13
14 14
15 15
16 16
17 17
18 18
19 19
20 20
21 21
22 22
23 23
24 25
25 26
26 24
27 27
28 28
29 29
30 30
31 31
32 32
33 33
34 35
35 36
36 34
37 39
38 38
39 37
40 40
41 41
42 42
43 43
44 46
45 45
46 44
47 47
48 48
49 49
50 50
51 51
52 52
53 53
54 54
55 55
56 57
57 59
58 56
59 61
60 60
61 58
62 62
63 63
64 64
65 65
66 67
67 68
68 66
69 69
70 71
71 72
72 70
73 73
74 74
75 75
76 77
77 78
78 76
79 79
80 80
81 81
82 84
83 83
84 82
85 85
86 86
87 87
88 88
89 90
90 91
91 89
92 92
93 96
94 94
95 95
96 93
97 97
98 98
99 99
100 100
101 101
102 102
103 105
104 104
105 103
106 106
107 108
108 109
109 107
110 110
111 112
112 111
113 114
114 113
115 115
116 116
117 118
118 119
119 117
120 120
121 122
122 121
123 124
124 123
125 126
126 125
127 128
128 127
129 130
130 129
131 131
132 133
133 132
134 134
135 136
136 135
137 137
138 139
139 138
140 141
141 140
142 143
143 144
144 142
145 145
146 147
147 146
148 150
149 149
150 148
151 151
152 152
153 153
154 155
155 156
156 154
157 157
158 159
159 158
160 160
161 162
162 161
163 164
164 163
165 166
166 165
167 168
168 167
169 170
170 169
171 172
172 171
173 174
174 173
175 176
176 175
177 178
178 177
179 180
180 179
181 182
182 181
183 183
184 184
185 186
186 185
187 188
188 187
189 190
190 189
191 192
192 191
193 194
194 193
195 196
196 195
197 198
198 197
199 200
200 199
201 202
202 201
203 204
204 205
205 203
206 206
207 207
208 209
209 208
210 211
211 210
212 212
213 214
214 213
215 216
216 215
217 218
218 217
219 220
220 219
221 221
222 223
223 222
224 224
225 227
226 226
227 225
228 228
229 229
230 230
231 232
232 233
233 231
234 235
235 234
236 236
237 238
238 237
239 240
240 239
241 242
242 241
243 244
244 243
245 245
246 247
247 246
248 249
249 248
250 251
251 250
252 253
253 252
254 255
255 254
256 256
257 258
258 257
259 260
260 259
261 261
262 262
263 264
264 263
265 265
266 266
267 268
268 267
269 270
270 269
271 272
272 271
273 274
274 273
275 276
276 275
277 278
278 277
279 280
280 279
281 282
282 281
283 284
284 283
285 286
286 285
287 288
288 287
289 289
290 291
291 290
292 293
293 292
294 296
295 294
296 295
297 297
298 301
299 298
300 299
301 300
302 302
303 303
304 304
305 305
306 306
307 308
308 307
309 309
310 311
311 310
312 313
313 312
314 315
315 314
316 316
317 318
318 317
319 320
320 319
321 322
322 321
323 324
324 323
325 326
326 325
327 328
328 327
329 330
330 329
331 331
332 333
333 332
334 334
335 336
336 335
337 338
338 337
339 339
340 341
341 340
342 343
343 342
344 345
345 344
346 347
347 346
348 351
349 350
350 348
351 352
352 349
353 353
354 356
355 354
356 355
357 357
358 359
359 358
360 361
361 360
362 363
363 362
364 364
365 365
366 367
367 366
368 369
369 368
370 371
371 370
372 372
373 375
374 373
375 374
376 376
377 378
378 377
379 379
380 381
381 380
382 383
383 382
384 385
385 384
386 387
387 386
388 388
389 390
390 389
391 392
392 391
393 394
394 393
395 396
396 395
397 399
398 397
399 398
400 400
401 401
402 403
403 402
404 405
405 404
406 407
407 406
408 409
409 408
410 411
411 410
412 413
413 412
414 415
415 414
416 417
417 416
418 419
419 418
420 421
421 420
422 422
423 424
424 423
425 427
426 426
427 425
428 428
429 431
430 430
431 429
432 432
433 434
434 433
435 436
436 435
437 437
438 439
439 438
440 441
441 440
442 443
443 442
444 445
445 446
446 444
447 447
448 449
449 448
450 450
451 452
452 451
453 454
454 453
455 456
456 455
457 458
458 457
459 459
460 461
461 462
462 460
463 463
464 465
465 464
466 466
467 468
468 467
469 470
470 469
471 472
472 471
473 473
474 475
475 474
476 477
477 476
478 478
479 480
480 479
481 481
482 483
483 482
484 484
485 485
486 486
487 488
488 487
489 490
490 489
491 492
492 491
493 494
494 493
495 497
496 495
497 496
498 498
499 499
500 501
501 500
502 503
503 502
504 505
505 504
506 507
507 506
508 508
509 510
510 509
511 512
512 511
513 513
514 515
515 514
516 517
517 516
518 518
519 520
520 519
521 522
522 521
523 524
524 523
525 526
526 525
527 530
528 527
529 528
530 529
531 531
532 533
533 532
534 535
535 534
536 537
537 536
538 540
539 539
540 538
541 541
542 543
543 542
544 545
545 544
546 547
547 546
548 548
549 550
550 549
551 552
552 551
553 554
554 553
555 556
556 555
557 557
558 559
559 558
560 561
561 560
562 563
563 562
564 565
565 564
566 566
567 567
568 569
569 568
570 571
571 570
572 573
573 572
574 574
575 576
576 575
577 578
578 579
579 577
580 580
581 582
582 581
583 584
584 583
585 586
586 585
587 587
588 589
589 588
590 591
591 590
592 593
593 592
594 594
595 595
596 597
597 596
598 599
599 598
600 601
601 600
602 603
603 605
604 602
605 606
606 607
607 604
608 608
609 609
610 610
611 611
612 613
613 612
614 615
615 614
616 617
617 616
618 618
619 620
620 619
621 621
622 624
623 622
624 623
625 626
626 625
627 629
628 627
629 628
630 630
631 632
632 631
633 633
634 636
635 634
636 635
637 637
638 639
639 638
640 640
641 642
642 641
643 644
644 643
645 646
646 645
647 651
648 647
649 652
650 648
651 653
652 649
653 654
654 650
655 656
656 657
657 658
658 655
659 659
660 660
661 662
662 661
663 663
664 665
665 664
666 667
667 666
668 668
669 670
670 669
671 672
672 671
673 676
674 673
675 674
676 675
677 677
678 679
679 678
680 681
681 680
682 683
683 682
684 685
685 684
686 687
687 686
688 688
689 691
690 689
691 692
692 690
693 693
694 694
695 695
696 697
697 696
698 699
699 698
700 701
701 700
702 702
703 704
704 706
705 703
706 705
707 707
708 709
709 708
710 711
711 710
712 713
713 712
714 715
715 714
716 718
717 716
718 717
719 719
720 722
721 720
722 721
723 723
724 725
725 724
726 727
727 726
728 729
729 728
730 730
731 732
732 731
733 734
734 733
735 736
736 735
737 737
738 739
739 738
740 740
741 742
742 741
743 744
744 745
745 743
746 750
747 747
748 746
749 748
750 749
751 751
752 755
753 752
754 756
755 753
756 757
757 754
758 759
759 758
760 760
761 762
762 761
763 764
764 763
765 766
766 765
767 768
768 767
769 769
770 773
771 770
772 771
773 774
774 772
775 775
776 776
777 777
778 778
779 780
780 779
781 782
782 781
783 783
784 786
785 784
786 785
787 787
788 789
789 788
790 791
791 790
792 793
793 792
794 795
795 794
796 797
797 796
798 799
799 798
800 800
801 802
802 801
803 804
804 803
805 806
806 805
807 808
808 807
809 810
810 809
811 812
812 811
813 814
814 813
815 816
816 815
817 818
818 817
819 819
820 821
821 820
822 822
823 824
824 823
825 826
826 825
827 828
828 827
829 830
830 829
831 831
832 833
833 832
834 845
835 835
836 834
837 836
838 837
839 838
840 839
841 840
842 846
843 841
844 847
845 842
846 848
847 843
848 844
849 849
850 850
851 851
852 853
853 852
854 855
855 854
856 857
857 856
858 859
859 858
860 861
861 860
862 862
863 866
864 865
865 864
866 863
867 869
868 867
869 868
870 870
871 872
872 871
873 874
874 873
875 876
876 875
877 879
878 877
879 881
880 880
881 878
882 882
883 884
884 883
885 885
886 886
887 892
888 891
889 887
890 888
891 893
892 889
893 890
894 894
895 895
896 896
897 897
898 899
899 898
900 901
901 900
902 902
903 904
904 903
905 907
906 910
907 906
908 905
909 908
910 909
911 911
912 913
913 912
914 914
915 916
916 915
917 918
918 917
919 920
920 919
921 922
922 921
923 924
924 923
925 926
926 925
927 927
928 929
929 928
930 931
931 930
932 933
933 932
934 935
935 934
936 936
937 937
938 939
939 938
940 942
941 940
942 941
943 943
944 945
945 944
946 947
947 946
948 949
949 948
950 950
951 951
952 954
953 955
954 953
955 952
956 956
957 958
958 957
959 960
960 959
961 962
962 961
963 964
964 963
965 966
966 965
967 968
968 967
969 970
970 969
971 972
972 971
973 974
974 973
975 976
976 975
977 978
978 977
979 980
980 979
981 982
982 981
983 984
984 983
985 986
986 985
987 987
988 989
989 988
990 991
991 990
992 993
993 992
994 995
995 994
996 996
997 998
998 997
999 999
1000 1001
1001 1000
1002 1002
1003 1005
1004 1003
1005 1006
1006 1004
1007 1007
1008 1009
1009 1008
1010 1010
1011 1013
1012 1011
1013 1012
1014 1014
1015 1017
1016 1015
1017 1016
1018 1018
1019 1020
1020 1019
1021 1022
1022 1021
1023 1024
1024 1023
1025 1025
1026 1027
1027 1026
1028 1029
1029 1030
1030 1028
1031 1031
1032 1033
1033 1032
1034 1035
1035 1034
1036 1038
1037 1036
1038 1037
1039 1039
1040 1041
1041 1040
1042 1043
1043 1042
1044 1044
1045 1046
1046 1045
1047 1048
1048 1047
1049 1049
1050 1051
1051 1050
1052 1052
1053 1053
1054 1055
1055 1054
1056 1057
1057 1056
1058 1059
1059 1058
1060 1061
1061 1060
1062 1063
1063 1062
1064 1065
1065 1064
1066 1067
1067 1066
1068 1069
1069 1068
1070 1071
1071 1070
1072 1074
1073 1072
1074 1075
1075 1073
1076 1076
1077 1077
1078 1081
1079 1079
1080 1080
1081 1078
1082 1082
1083 1083
1084 1085
1085 1084
1086 1087
1087 1086
1088 1088
1089 1089
1090 1090
1091 1092
1092 1091
1093 1094
1094 1093
1095 1096
1096 1095
1097 1098
1098 1097
1099 1102
1100 1099
1101 1100
1102 1101
1103 1103
1104 1105
1105 1104
1106 1107
1107 1106
1108 1108
1109 1110
1110 1109
1111 1112
1112 1111
1113 1114
1114 1113
1115 1116
1116 1115
1117 1118
1118 1117
1119 1120
1120 1119
1121 1122
1122 1121
1123 1124
1124 1123
1125 1128
1126 1125
1127 1126
1128 1127
1129 1129
1130 1130
1131 1132
1132 1131
1133 1134
1134 1133
1135 1137
1136 1135
1137 1136
1138 1138
1139 1139
1140 1141
1141 1140
1142 1143
1143 1142
1144 1145
1145 1144
1146 1147
1147 1146
1148 1149
1149 1148
1150 1153
1151 1150
1152 1154
1153 1151
1154 1152
1155 1155
1156 1156
1157 1159
1158 1158
1159 1157
1160 1160
1161 1163
1162 1161
1163 1162
1164 1164
1165 1166
1166 1165
1167 1168
1168 1167
1169 1170
1170 1169
1171 1172
1172 1171
1173 1173
1174 1175
1175 1174
1176 1177
1177 1176
1178 1179
1179 1178
1180 1181
1181 1180
1182 1183
1183 1182
1184 1185
1185 1184
1186 1186
1187 1187
1188 1190
1189 1193
1190 1188
1191 1195
1192 1189
1193 1191
1194 1196
1195 1192
1196 1194
1197 1197
1198 1198
1199 1199
1200 1200
1201 1202
1202 1201
1203 1204
1204 1203
1205 1207
1206 1205
1207 1209
1208 1206
1209 1214
1210 1215
1211 1208
1212 1217
1213 1218
1214 1210
1215 1211
1216 1219
1217 1212
1218 1220
1219 1213
1220 1225
1221 1216
1222 1228
1223 1230
1224 1231
1225 1221
1226 1235
1227 1222
1228 1237
1229 1223
1230 1224
1231 1227
1232 1226
1233 1238
1234 1241
1235 1249
1236 1254
1237 1229
1238 1260
1239 1264
1240 1232
1241 1265
1242 1233
1243 1273
1244 1234
1245 1277
1246 1278
1247 1236
1248 1284
1249 1286
1250 1239
1251 1287
1252 1240
1253 1289
1254 1242
1255 1290
1256 1243
1257 1294
1258 1244
1259 1295
1260 1246
1261 1245
1262 1247
1263 1301
1264 1248
1265 1303
1266 1305
1267 1250
1268 1306
1269 1251
1270 1309
1271 1252
1272 1253
1273 1311
1274 1313
1275 1255
1276 1256
1277 1317
1278 1257
1279 1258
1280 1318
1281 1259
1282 1321
1283 1261
1284 1262
1285 1323
1286 1263
1287 1324
1288 1330
1289 1331
1290 1266
1291 1346
1292 1267
1293 1268
1294 1342
1295 1347
1296 1269
1297 1350
1298 1270
1299 1353
1300 1271
1301 1355
1302 1272
1303 1358
1304 1359
1305 1274
1306 1367
1307 1275
1308 1329
1309 1368
1310 1276
1311 1370
1312 1279
1313 1372
1314 1280
1315 1282
1316 1374
1317 1281
1318 1376
1319 1283
1320 1378
1321 1285
1322 1381
1323 1288
1324 1382
1325 1396
1326 1397
1327 1400
1328 1291
1329 1408
1330 1292
1331 1410
1332 1293
1333 1412
1334 1415
1335 1297
1336 1296
1337 1427
1338 1298
1339 1430
1340 1299
1341 1432
1342 1300
1343 1434
1344 1436
1345 1302
1346 1304
1347 1442
1348 1307
1349 1445
1350 1444
1351 1449
1352 1308
1353 1458
1354 1312
1355 1310
1356 1459
1357 1461
1358 1314
1359 1315
1360 1463
1361 1316
1362 1465
1363 1466
1364 1472
1365 1319
1366 1320
1367 1473
1368 1439
1369 1322
1370 1476
1371 1478
1372 1477
1373 1326
1374 1325
1375 1362
1376 1327
1377 1479
1378 1328
1379 1480
1380 1482
1381 1332
1382 1485
1383 1348
1384 1486
1385 1333
1386 1489
1387 1490
1388 1488
1389 1345
1390 1487
1391 1334
1392 1491
1393 1336
1394 1335
1395 1337
1396 1339
1397 1343
1398 1492
1399 1338
1400 1340
1401 1341
1402 1493
1403 1344
1404 1494
1405 1495
1406 1496
1407 1349
1408 1351
1409 1497
1410 1498
1411 1352
1412 1506
1413 1509
1414 1354
1415 1511
1416 1356
1417 1512
1418 1357
1419 1360
1420 1522
1421 1361
1422 1529
1423 1364
1424 1363
1425 1365
1426 1366
1427 1530
1428 1452
1429 1451
1430 1532
1431 1534
1432 1369
1433 1425
1434 1540
1435 1541
1436 1371
1437 1545
1438 1373
1439 1546
1440 1550
1441 1375
1442 1553
1443 1555
1444 1377
1445 1565
1446 1379
1447 1566
1448 1380
1449 1568
1450 1383
1451 1384
1452 1387
1453 1388
1454 1386
1455 1571
1456 1385
1457 1389
1458 1391
1459 1572
1460 1390
1461 1573
1462 1392
1463 1574
1464 1393
1465 1394
1466 1575
1467 1395
1468 1577
1469 1398
1470 1399
1471 1579
1472 1580
1473 1401
1474 1583
1475 1402
1476 1584
1477 1403
1478 1404
1479 1405
1480 1406
1481 1407
1482 1585
1483 1409
1484 1588
1485 1411
1486 1590
1487 1413
1488 1414
1489 1592
1490 1416
1491 1417
1492 1418
1493 1593
1494 1419
1495 1420
1496 1594
1497 1421
1498 1423
1499 1422
1500 1531
1501 1424
1502 1426
1503 1428
1504 1595
1505 1429
1506 1431
1507 1597
1508 1599
1509 1598
1510 1433
1511 1601
1512 1600
1513 1435
1514 1602
1515 1603
1516 1437
1517 1438
1518 1440
1519 1441
1520 1604
1521 1606
1522 1443
1523 1446
1524 1447
1525 1610
1526 1613
1527 1448
1528 1618
1529 1542
1530 1621
1531 1450
1532 1543
1533 1453
1534 1622
1535 1454
1536 1626
1537 1455
1538 1627
1539 1457
1540 1456
1541 1636
1542 1460
1543 1639
1544 1462
1545 1464
1546 1646
1547 1652
1548 1655
1549 1656
1550 1467
1551 1660
1552 1468
1553 1661
1554 1469
1555 1663
1556 1470
1557 1471
1558 1474
1559 1475
1560 1481
1561 1484
1562 1483
1563 1500
1564 1499
1565 1501
1566 1502
1567 1503
1568 1504
1569 1505
1570 1507
1571 1508
1572 1510
1573 1513
1574 1515
1575 1514
1576 1516
1577 1517
1578 1518
1579 1519
1580 1520
1581 1521
1582 1523
1583 1524
1584 1525
1585 1526
1586 1527
1587 1528
1588 1536
1589 1535
1590 1533
1591 1537
1592 1538
1593 1611
1594 1539
1595 1544
1596 1547
1597 1548
1598 1549
1599 1551
1600 1552
1601 1554
1602 1556
1603 1557
1604 1558
1605 1559
1606 1560
1607 1561
1608 1562
1609 1564
1610 1563
1611 1567
1612 1625
1613 1569
1614 1570
1615 1576
1616 1578
1617 1581
1618 1582
1619 1586
1620 1587
1621 1589
1622 1591
1623 1596
1624 1605
1625 1607
1626 1609
1627 1608
1628 1612
1629 1614
1630 1615
1631 1617
1632 1616
1633 1619
1634 1620
1635 1623
1636 1624
1637 1628
1638 1629
1639 1630
1640 1631
1641 1633
1642 1632
1643 1634
1644 1635
1645 1658
1646 1637
1647 1638
1648 1640
1649 1641
1650 1642
1651 1643
1652 1644
1653 1645
1654 1647
1655 1648
1656 1649
1657 1650
1658 1651
1659 1653
1660 1654
1661 1657
1662 1659
1663 1662
