2658 2889
2888 2889
2889 2889
2889 2658
2889 2888
2889 2889
2884 2890
2888 2890
2890 2890
2890 2884
2890 2888
2890 2890
2888 2891
2891 2891
2891 2888
2891 2891
2888 2892
2892 2892
2892 2888
2892 2892
2888 2893
2893 2893
2893 2888
2893 2893
2888 2894
2894 2894
2894 2888
2894 2894
2888 2895
2895 2895
2895 2888
2895 2895
2888 2896
2896 2896
2896 2888
2896 2896
2888 2897
2897 2897
2897 2888
2897 2897
2888 2898
2898 2898
2898 2888
2898 2898
2888 2899
2899 2899
2899 2888
2899 2899
2888 2900
2900 2900
2900 2888
2900 2900
2888 2901
2901 2901
2901 2888
2901 2901
2888 2902
2902 2902
2902 2888
2902 2902
2888 2903
2903 2903
2903 2888
2903 2903
2888 2904
2904 2904
2904 2888
2904 2904
2888 2905
2905 2905
2905 2888
2905 2905
2661 2907
2659 2907
2662 2907
2906 2907
2660 2907
2907 2907
2907 2661
2907 2659
2907 2662
2907 2660
2907 2906
2907 2907
2906 2909
2665 2909
2664 2909
2908 2909
2909 2909
2909 2664
2909 2665
2909 2908
2909 2906
2909 2909
2906 2912
2910 2912
2911 2912
2912 2912
2912 2910
2912 2911
2912 2906
2912 2912
2666 2913
2906 2913
2913 2913
2913 2666
2913 2906
2913 2913
2654 2915
2914 2915
2667 2915
2915 2915
2915 2654
2915 2667
2915 2914
2915 2915
2914 2916
2879 2916
2916 2916
2916 2879
2916 2914
2916 2916
2698 2908
2695 2908
2917 2908
2909 2908
2672 2908
2668 2908
2670 2908
2651 2908
2671 2908
2673 2908
2918 2908
2908 2908
2908 2668
2908 2670
2908 2651
2908 2671
2908 2672
2908 2673
2908 2695
2908 2698
2908 2909
2908 2918
2908 2917
2908 2908
2919 2918
2678 2918
2917 2918
2646 2918
2663 2918
2920 2918
2674 2918
2675 2918
2676 2918
2677 2918
2908 2918
2918 2918
2918 2646
2918 2663
2918 2674
2918 2675
2918 2676
2918 2677
2918 2678
2918 2908
2918 2920
2918 2919
2918 2917
2918 2918
2921 2924
2922 2924
2923 2924
2679 2924
2686 2924
2924 2924
2924 2679
2924 2686
2924 2923
2924 2922
2924 2921
2924 2924
2924 2923
2922 2923
2686 2923
2921 2923
2925 2923
2923 2923
2923 2686
2923 2924
2923 2922
2923 2925
2923 2921
2923 2923
2681 2926
2680 2926
2888 2926
2921 2926
2926 2926
2926 2680
2926 2681
2926 2888
2926 2921
2926 2926
2921 2927
2888 2927
2927 2927
2927 2888
2927 2921
2927 2927
2888 2928
2921 2928
2928 2928
2928 2888
2928 2921
2928 2928
2669 2929
2921 2929
2929 2929
2929 2669
2929 2921
2929 2929
2682 2932
2930 2932
2684 2932
2683 2932
2931 2932
2932 2932
2932 2683
2932 2684
2932 2682
2932 2930
2932 2931
2932 2932
2931 2933
2655 2933
2685 2933
2933 2933
2933 2685
2933 2655
2933 2931
2933 2933
2931 2934
2687 2934
2934 2934
2934 2687
2934 2931
2934 2934
2931 2935
2888 2935
2935 2935
2935 2888
2935 2931
2935 2935
2923 2922
2924 2922
2686 2922
2936 2922
2922 2922
2922 2686
2922 2924
2922 2923
2922 2936
2922 2922
2923 2925
2936 2925
2925 2925
2925 2923
2925 2936
2925 2925
2937 2938
2610 2938
2688 2938
2938 2938
2938 2610
2938 2688
2938 2937
2938 2938
2937 2939
2939 2939
2939 2937
2939 2939
2921 2930
2940 2930
2931 2930
2941 2930
2932 2930
2930 2930
2930 2932
2930 2940
2930 2921
2930 2931
2930 2941
2930 2930
2930 2940
2941 2940
2882 2940
2940 2940
2940 2882
2940 2930
2940 2941
2940 2940
2691 2943
2689 2943
2694 2943
2690 2943
2784 2943
2942 2943
2692 2943
2693 2943
2943 2943
2943 2690
2943 2691
2943 2692
2943 2693
2943 2689
2943 2694
2943 2784
2943 2942
2943 2943
2942 2944
2697 2944
2698 2944
2699 2944
2700 2944
2695 2944
2944 2944
2944 2695
2944 2697
2944 2698
2944 2699
2944 2700
2944 2942
2944 2944
2945 2947
2946 2947
2947 2947
2947 2946
2947 2945
2947 2947
2948 2950
2702 2950
2921 2950
2888 2950
2949 2950
2704 2950
2773 2950
2772 2950
2950 2950
2950 2704
2950 2773
2950 2702
2950 2772
2950 2949
2950 2888
2950 2921
2950 2948
2950 2950
2948 2951
2951 2951
2951 2948
2951 2951
2952 2953
2953 2953
2953 2952
2953 2953
2715 2957
2713 2957
2722 2957
2954 2957
2708 2957
2955 2957
2743 2957
2714 2957
2717 2957
2706 2957
2718 2957
2721 2957
2956 2957
2716 2957
2957 2957
2957 2708
2957 2713
2957 2714
2957 2715
2957 2716
2957 2717
2957 2718
2957 2721
2957 2722
2957 2706
2957 2743
2957 2955
2957 2954
2957 2956
2957 2957
2722 2955
2719 2955
2723 2955
2725 2955
2958 2955
2726 2955
2733 2955
2727 2955
2721 2955
2957 2955
2956 2955
2724 2955
2955 2955
2955 2721
2955 2722
2955 2719
2955 2723
2955 2725
2955 2726
2955 2724
2955 2727
2955 2733
2955 2957
2955 2958
2955 2956
2955 2955
2733 2954
2956 2954
2750 2954
2732 2954
2728 2954
2729 2954
2730 2954
2734 2954
2731 2954
2957 2954
2954 2954
2954 2728
2954 2729
2954 2730
2954 2732
2954 2734
2954 2731
2954 2733
2954 2750
2954 2957
2954 2956
2954 2954
2740 2959
2956 2959
2737 2959
2712 2959
2739 2959
2738 2959
2705 2959
2959 2959
2959 2737
2959 2712
2959 2739
2959 2738
2959 2740
2959 2705
2959 2956
2959 2959
2741 2960
2720 2960
2743 2960
2742 2960
2706 2960
2956 2960
2960 2960
2960 2706
2960 2743
2960 2741
2960 2720
2960 2742
2960 2956
2960 2960
2710 2961
2746 2961
2735 2961
2705 2961
2956 2961
2961 2961
2961 2735
2961 2710
2961 2746
2961 2705
2961 2956
2961 2961
2956 2963
2962 2963
2748 2963
2749 2963
2747 2963
2963 2963
2963 2747
2963 2749
2963 2748
2963 2962
2963 2956
2963 2963
2753 2964
2956 2964
2733 2964
2964 2964
2964 2733
2964 2753
2964 2956
2964 2964
2956 2967
2965 2967
2966 2967
2967 2967
2967 2966
2967 2965
2967 2956
2967 2967
2754 2968
2956 2968
2968 2968
2968 2754
2968 2956
2968 2968
2956 2966
2967 2966
2966 2966
2966 2967
2966 2956
2966 2966
2956 2965
2967 2965
2965 2965
2965 2967
2965 2956
2965 2965
2955 2958
2956 2958
2958 2958
2958 2955
2958 2956
2958 2958
2963 2962
2956 2962
2962 2962
2962 2963
2962 2956
2962 2962
2969 2971
2970 2971
2971 2971
2971 2970
2971 2969
2971 2971
2972 2910
2912 2910
2910 2910
2910 2912
2910 2972
2910 2910
2912 2911
2972 2911
2911 2911
2911 2912
2911 2972
2911 2911
2973 2976
2974 2976
2975 2976
2976 2976
2976 2974
2976 2973
2976 2975
2976 2976
2976 2974
2977 2974
2974 2974
2974 2976
2974 2977
2974 2974
2978 2979
2756 2979
2696 2979
2755 2979
2979 2979
2979 2755
2979 2756
2979 2696
2979 2978
2979 2979
2829 2982
2758 2982
2757 2982
2980 2982
2981 2982
2759 2982
2982 2982
2982 2759
2982 2758
2982 2757
2982 2829
2982 2981
2982 2980
2982 2982
2983 2985
2760 2985
2981 2985
2980 2985
2984 2985
2985 2985
2985 2760
2985 2984
2985 2983
2985 2981
2985 2980
2985 2985
2980 2986
2761 2986
2762 2986
2767 2986
2830 2986
2986 2986
2986 2761
2986 2762
2986 2767
2986 2830
2986 2980
2986 2986
2985 2984
2983 2984
2980 2984
2981 2984
2984 2984
2984 2985
2984 2983
2984 2981
2984 2980
2984 2984
2765 2987
2980 2987
2764 2987
2763 2987
2987 2987
2987 2763
2987 2764
2987 2765
2987 2980
2987 2987
2980 2988
2766 2988
2767 2988
2988 2988
2988 2766
2988 2767
2988 2980
2988 2988
2984 2983
2980 2983
2985 2983
2983 2983
2983 2985
2983 2984
2983 2980
2983 2983
2980 2991
2989 2991
2990 2991
2991 2991
2991 2989
2991 2990
2991 2980
2991 2991
2992 2989
2991 2989
2989 2989
2989 2991
2989 2992
2989 2989
2991 2990
2992 2990
2990 2990
2990 2991
2990 2992
2990 2990
2993 2994
2768 2994
2769 2994
2994 2994
2994 2769
2994 2768
2994 2993
2994 2994
2995 2997
2771 2997
2996 2997
2997 2997
2997 2771
2997 2995
2997 2996
2997 2997
2996 2998
2998 2998
2998 2996
2998 2998
2701 2920
2883 2920
2812 2920
2703 2920
2773 2920
2918 2920
2702 2920
2999 2920
2920 2920
2920 2773
2920 2702
2920 2703
2920 2701
2920 2812
2920 2883
2920 2918
2920 2999
2920 2920
2775 3000
2999 3000
3000 3000
3000 2775
3000 2999
3000 3000
3001 3002
2972 3002
3002 3002
3002 2972
3002 3001
3002 3002
3003 3004
2776 3004
3004 3004
3004 2776
3004 3003
3004 3004
3005 3006
2777 3006
3006 3006
3006 2777
3006 3005
3006 3006
3007 3008
2778 3008
3008 3008
3008 2778
3008 3007
3008 3008
2779 3010
3009 3010
3010 3010
3010 2779
3010 3009
3010 3010
3011 3013
2781 3013
2780 3013
3012 3013
3013 3013
3013 2781
3013 2780
3013 3012
3013 3011
3013 3013
3011 3014
2782 3014
2783 3014
3014 3014
3014 2782
3014 2783
3014 3011
3014 3014
3013 3012
3011 3012
3012 3012
3012 3013
3012 3011
3012 3012
3011 3015
3015 3015
3015 3011
3015 3015
3011 3016
3016 3016
3016 3011
3016 3016
3017 3018
3018 3018
3018 3017
3018 3018
3017 3019
3019 3019
3019 3017
3019 3019
3017 3020
3020 3020
3020 3017
3020 3020
3017 3021
3021 3021
3021 3017
3021 3021
2784 3023
3022 3023
3023 3023
3023 2784
3023 3022
3023 3023
3022 3024
3024 3024
3024 3022
3024 3024
3025 3027
3026 3027
3027 3027
3027 3025
3027 3026
3027 3027
3028 3029
3029 3029
3029 3028
3029 3029
3030 3031
2785 3031
3031 3031
3031 2785
3031 3030
3031 3031
2786 3033
2787 3033
3032 3033
3033 3033
3033 2786
3033 2787
3033 3032
3033 3033
3034 3036
3032 3036
3035 3036
3036 3036
3036 3034
3036 3032
3036 3035
3036 3036
3034 3037
3035 3037
3032 3037
3037 3037
3037 3034
3037 3032
3037 3035
3037 3037
2788 3039
3038 3039
2789 3039
3028 3039
2811 3039
3039 3039
3039 2788
3039 2789
3039 2811
3039 3028
3039 3038
3039 3039
2792 3041
2794 3041
3040 3041
2791 3041
3041 3041
3041 2792
3041 2794
3041 2791
3041 3040
3041 3041
3040 3043
2795 3043
3042 3043
3043 3043
3043 2795
3043 3042
3043 3040
3043 3043
2791 3044
2796 3044
3040 3044
3044 3044
3044 2796
3044 2791
3044 3040
3044 3044
3040 3045
3045 3045
3045 3040
3045 3045
3046 3048
3047 3048
3048 3048
3048 3047
3048 3046
3048 3048
3046 3047
3048 3047
3047 3047
3047 3048
3047 3046
3047 3047
2797 3050
3049 3050
2798 3050
3050 3050
3050 2797
3050 2798
3050 3049
3050 3050
2950 2949
3051 2949
2800 2949
2799 2949
2949 2949
2949 2799
2949 2800
2949 2950
2949 3051
2949 2949
2801 3052
2802 3052
3051 3052
2803 3052
3052 3052
3052 2801
3052 2802
3052 2803
3052 3051
3052 3052
2804 3053
2812 3053
2805 3053
3051 3053
3053 3053
3053 2804
3053 2805
3053 2812
3053 3051
3053 3053
3028 3054
3051 3054
3034 3054
3054 3054
3054 3034
3054 3028
3054 3051
3054 3054
3055 3057
3056 3057
3051 3057
3057 3057
3057 3055
3057 3056
3057 3051
3057 3057
2806 3058
2807 3058
3051 3058
3058 3058
3058 2807
3058 2806
3058 3051
3058 3058
3051 3059
2696 3059
3059 3059
3059 2696
3059 3051
3059 3059
3051 3060
3060 3060
3060 3051
3060 3060
3051 3061
3061 3061
3061 3051
3061 3061
3051 3062
3062 3062
3062 3051
3062 3062
3063 3064
3064 3064
3064 3063
3064 3064
2813 3066
3065 3066
2811 3066
2809 3066
2810 3066
3066 3066
3066 2809
3066 2811
3066 2810
3066 2813
3066 3065
3066 3066
2814 3068
2815 3068
3067 3068
3068 3068
3068 2814
3068 2815
3068 3067
3068 3068
3067 3069
3069 3069
3069 3067
3069 3069
3070 3071
2816 3071
3071 3071
3071 2816
3071 3070
3071 3071
2827 3074
3072 3074
2822 3074
2825 3074
2826 3074
2752 3074
2750 3074
2709 3074
2711 3074
2751 3074
2817 3074
2818 3074
2823 3074
2819 3074
2705 3074
2820 3074
2824 3074
3073 3074
3074 3074
3074 2752
3074 2709
3074 2751
3074 2819
3074 2750
3074 2820
3074 2705
3074 2817
3074 2824
3074 2823
3074 2711
3074 2826
3074 2825
3074 2827
3074 2822
3074 2818
3074 3072
3074 3073
3074 3074
2817 3075
3072 3075
2826 3075
2821 3075
2824 3075
2825 3075
3073 3075
2823 3075
2827 3075
2705 3075
3075 3075
3075 2705
3075 2821
3075 2817
3075 2824
3075 2823
3075 2826
3075 2825
3075 2827
3075 3072
3075 3073
3075 3075
3072 3077
2827 3077
2828 3077
2826 3077
2825 3077
3076 3077
2711 3077
2745 3077
2822 3077
2744 3077
3077 3077
3077 2711
3077 2745
3077 2744
3077 2826
3077 2825
3077 2827
3077 2828
3077 2822
3077 3072
3077 3076
3077 3077
3078 2981
2985 2981
2830 2981
2982 2981
2984 2981
2829 2981
2981 2981
2981 2829
2981 2830
2981 2982
2981 2985
2981 2984
2981 3078
2981 2981
3078 3080
3079 3080
3080 3080
3080 3079
3080 3078
3080 3080
3078 3079
3080 3079
3079 3079
3079 3080
3079 3078
3079 3079
3081 3082
2834 3082
2835 3082
2833 3082
2832 3082
2831 3082
3082 3082
3082 2831
3082 2832
3082 2833
3082 2834
3082 2835
3082 3081
3082 3082
3083 3084
3084 3084
3084 3083
3084 3084
3085 3025
3027 3025
3025 3025
3025 3027
3025 3085
3025 3025
3085 3086
3086 3086
3086 3085
3086 3086
2836 3088
2837 3088
3087 3088
2838 3088
2770 3088
2736 3088
2839 3088
3088 3088
3088 2836
3088 2837
3088 2770
3088 2736
3088 2838
3088 2839
3088 3087
3088 3088
2840 3089
3087 3089
3089 3089
3089 2840
3089 3087
3089 3089
3087 3090
3090 3090
3090 3087
3090 3090
2844 3093
2845 3093
2707 3093
3072 3093
3091 3093
2843 3093
2848 3093
2841 3093
2842 3093
3092 3093
3093 3093
3093 2841
3093 2842
3093 2843
3093 2844
3093 2845
3093 2707
3093 2848
3093 3092
3093 3072
3093 3091
3093 3093
2850 3092
2846 3092
2851 3092
3091 3092
2848 3092
2847 3092
2849 3092
2707 3092
3093 3092
2852 3092
3092 3092
3092 2707
3092 2847
3092 2846
3092 2848
3092 2849
3092 2850
3092 2851
3092 2852
3092 3093
3092 3091
3092 3092
2853 3094
3091 3094
3094 3094
3094 2853
3094 3091
3094 3094
3095 3096
2854 3096
3096 3096
3096 2854
3096 3095
3096 3096
3075 3072
3097 3072
3091 3072
3074 3072
3077 3072
2818 3072
3093 3072
3072 3072
3072 2818
3072 3074
3072 3075
3072 3077
3072 3093
3072 3091
3072 3097
3072 3072
3098 3104
3099 3104
3100 3104
2793 3104
2865 3104
2857 3104
3101 3104
3102 3104
2855 3104
3103 3104
2878 3104
3104 3104
3104 2855
3104 2793
3104 2865
3104 2857
3104 2878
3104 3101
3104 3100
3104 3103
3104 3098
3104 3102
3104 3099
3104 3104
3099 3101
3103 3101
2790 3101
3105 3101
3104 3101
2856 3101
3100 3101
3106 3101
3101 3101
3101 2790
3101 2856
3101 3104
3101 3100
3101 3103
3101 3106
3101 3105
3101 3099
3101 3101
3099 3100
3104 3100
2857 3100
3102 3100
3106 3100
2858 3100
3101 3100
3100 3100
3100 2858
3100 2857
3100 3104
3100 3101
3100 3106
3100 3102
3100 3099
3100 3100
3102 3103
3106 3103
3104 3103
2857 3103
3101 3103
3099 3103
3103 3103
3103 2857
3103 3104
3103 3101
3103 3106
3103 3102
3103 3099
3103 3103
3099 3106
2857 3106
3103 3106
2858 3106
3100 3106
3101 3106
3106 3106
3106 2858
3106 2857
3106 3101
3106 3100
3106 3103
3106 3099
3106 3106
3099 3107
2861 3107
2772 3107
2862 3107
2860 3107
2859 3107
3107 3107
3107 2772
3107 2859
3107 2860
3107 2861
3107 2862
3107 3099
3107 3107
3108 3098
3104 3098
3099 3098
2863 3098
2864 3098
3098 3098
3098 2864
3098 2863
3098 3104
3098 3108
3098 3099
3098 3098
3102 3109
3099 3109
2865 3109
2793 3109
3109 3109
3109 2793
3109 2865
3109 3102
3109 3099
3109 3109
2888 3110
2887 3110
3099 3110
3110 3110
3110 2887
3110 2888
3110 3099
3110 3110
3105 3108
3098 3108
3099 3108
3108 3108
3108 3098
3108 3105
3108 3099
3108 3108
2866 3111
3099 3111
2867 3111
3111 3111
3111 2866
3111 2867
3111 3099
3111 3111
3099 3113
2868 3113
3112 3113
3113 3113
3113 2868
3113 3112
3113 3099
3113 3113
3099 3105
3101 3105
3108 3105
3105 3105
3105 3101
3105 3108
3105 3099
3105 3105
2857 3114
3099 3114
3114 3114
3114 2857
3114 3099
3114 3114
3099 3115
2869 3115
3115 3115
3115 2869
3115 3099
3115 3115
3099 3116
2869 3116
3116 3116
3116 2869
3116 3099
3116 3116
3113 3112
3099 3112
3112 3112
3112 3113
3112 3099
3112 3112
3099 3117
3117 3117
3117 3099
3117 3117
2881 2888
2878 2888
2875 2888
2897 2888
2812 2888
3118 2888
2873 2888
2898 2888
2871 2888
2899 2888
3119 2888
2950 2888
2887 2888
2919 2888
2935 2888
2928 2888
2906 2888
2808 2888
2879 2888
2896 2888
2895 2888
2870 2888
2885 2888
2877 2888
2872 2888
2876 2888
2884 2888
2883 2888
2978 2888
2927 2888
2889 2888
3120 2888
2890 2888
2882 2888
2891 2888
2880 2888
2892 2888
2874 2888
2893 2888
2894 2888
2774 2888
2926 2888
2886 2888
2902 2888
2901 2888
2900 2888
3110 2888
2903 2888
2904 2888
2905 2888
2888 2888
2888 2870
2888 2808
2888 2873
2888 2812
2888 2875
2888 2878
2888 2871
2888 2879
2888 2874
2888 2880
2888 2882
2888 2774
2888 2883
2888 2884
2888 2872
2888 2885
2888 2881
2888 2886
2888 2887
2888 2877
2888 2876
2888 2889
2888 2890
2888 2891
2888 2892
2888 2893
2888 2894
2888 2895
2888 2896
2888 2897
2888 2898
2888 2899
2888 2900
2888 2901
2888 2902
2888 2903
2888 2904
2888 2905
2888 2926
2888 2927
2888 2928
2888 2935
2888 2950
2888 3110
2888 2906
2888 2919
2888 3118
2888 2978
2888 3120
2888 3119
2888 2888
2913 2906
2907 2906
2909 2906
3120 2906
2912 2906
3119 2906
2888 2906
2906 2906
2906 2907
2906 2909
2906 2912
2906 2913
2906 2888
2906 3120
2906 3119
2906 2906
3119 2914
2915 2914
2916 2914
2914 2914
2914 2915
2914 2916
2914 3119
2914 2914
3119 2919
2918 2919
2888 2919
2919 2919
2919 2918
2919 2888
2919 3119
2919 2919
3119 3121
3121 3121
3121 3119
3121 3121
3119 3122
3122 3122
3122 3119
3122 3122
2976 2973
3123 2973
2972 2973
3124 2973
2973 2973
2973 2976
2973 2972
2973 3124
2973 3123
2973 2973
2908 2917
3123 2917
2918 2917
2917 2917
2917 2908
2917 2918
2917 3123
2917 2917
3120 2921
2950 2921
2924 2921
3119 2921
2923 2921
2926 2921
2927 2921
2928 2921
2929 2921
2930 2921
3125 2921
2921 2921
2921 2924
2921 2923
2921 2926
2921 2927
2921 2928
2921 2929
2921 2930
2921 2950
2921 3120
2921 3119
2921 3125
2921 2921
3125 2931
2933 2931
2932 2931
2935 2931
2930 2931
2934 2931
2931 2931
2931 2932
2931 2933
2931 2934
2931 2935
2931 2930
2931 3125
2931 2931
2922 2936
2925 2936
3125 2936
2936 2936
2936 2922
2936 2925
2936 3125
2936 2936
3125 2937
2938 2937
2939 2937
2937 2937
2937 2938
2937 2939
2937 3125
2937 2937
3126 2941
2930 2941
2940 2941
2941 2941
2941 2930
2941 2940
2941 3126
2941 2941
3127 2942
2943 2942
2944 2942
2942 2942
2942 2943
2942 2944
2942 3127
2942 2942
3127 2946
2947 2946
2946 2946
2946 2947
2946 3127
2946 2946
2947 2945
3127 2945
2945 2945
2945 2947
2945 3127
2945 2945
2971 2970
3128 2970
2970 2970
2970 2971
2970 3128
2970 2970
3128 3129
3129 3129
3129 3128
3129 3129
3130 3131
3131 3131
3131 3130
3131 3131
3132 3118
2992 3118
3133 3118
2888 3118
3118 3118
3118 2888
3118 2992
3118 3132
3118 3133
3118 3118
2950 2948
2951 2948
3133 2948
2948 2948
2948 2950
2948 2951
2948 3133
2948 2948
3134 3136
3135 3136
3130 3136
3136 3136
3136 3130
3136 3134
3136 3135
3136 3136
2953 2952
3137 2952
3126 2952
2952 2952
2952 2953
2952 3126
2952 3137
2952 2952
2967 2956
3138 2956
2968 2956
2960 2956
2955 2956
2964 2956
2954 2956
2959 2956
2963 2956
2962 2956
2957 2956
2958 2956
2965 2956
2961 2956
2966 2956
2956 2956
2956 2957
2956 2955
2956 2954
2956 2959
2956 2960
2956 2961
2956 2963
2956 2964
2956 2967
2956 2968
2956 2966
2956 2965
2956 2958
2956 2962
2956 3138
2956 2956
2971 2969
3139 2969
2969 2969
2969 2971
2969 3139
2969 2969
2973 2972
2910 2972
3140 2972
3141 2972
3002 2972
2911 2972
2972 2972
2972 2910
2972 2911
2972 3002
2972 2973
2972 3141
2972 3140
2972 2972
2997 2995
3142 2995
3001 2995
3140 2995
2995 2995
2995 2997
2995 3142
2995 3001
2995 3140
2995 2995
3140 3143
3123 3143
3124 3143
2975 3143
3143 3143
3143 2975
3143 3124
3143 3123
3143 3140
3143 3143
3140 2975
2976 2975
3143 2975
2975 2975
2975 2976
2975 3143
2975 3140
2975 2975
2973 3124
3140 3124
3143 3124
3124 3124
3124 2973
3124 3143
3124 3140
3124 3124
2972 3141
3140 3141
3141 3141
3141 2972
3141 3140
3141 3141
3140 3144
3144 3144
3144 3140
3144 3144
3140 3145
3145 3145
3145 3140
3145 3145
3140 3146
3146 3146
3146 3140
3146 3146
3140 3147
3147 3147
3147 3140
3147 3147
3140 3148
3148 3148
3148 3140
3148 3148
3140 3142
3149 3142
2995 3142
3142 3142
3142 2995
3142 3140
3142 3149
3142 3142
2974 2977
3140 2977
3149 2977
2977 2977
2977 2974
2977 3140
2977 3149
2977 2977
2979 2978
3149 2978
2888 2978
2978 2978
2978 2979
2978 2888
2978 3149
2978 2978
3149 3042
3043 3042
3042 3042
3042 3043
3042 3149
3042 3042
3149 3150
3150 3150
3150 3149
3150 3150
2906 3120
3151 3120
3152 3120
3119 3120
2921 3120
2888 3120
3120 3120
3120 2888
3120 2906
3120 2921
3120 3119
3120 3152
3120 3151
3120 3120
3153 3155
3154 3155
3155 3155
3155 3153
3155 3154
3155 3155
2982 2980
2985 2980
3156 2980
2984 2980
2988 2980
2983 2980
2991 2980
2986 2980
2987 2980
2980 2980
2980 2982
2980 2985
2980 2986
2980 2984
2980 2987
2980 2988
2980 2983
2980 2991
2980 3156
2980 2980
3156 2992
3118 2992
3132 2992
2989 2992
2990 2992
2992 2992
2992 2989
2992 2990
2992 3118
2992 3132
2992 3156
2992 2992
2992 3132
3118 3132
3133 3132
3156 3132
3132 3132
3132 3118
3132 2992
3132 3133
3132 3156
3132 3132
3156 2993
2994 2993
2993 2993
2993 2994
2993 3156
2993 2993
3156 3157
3157 3157
3157 3156
3157 3157
3156 3158
3158 3158
3158 3156
3158 3158
3159 3102
3109 3102
3160 3102
3104 3102
3100 3102
3103 3102
3102 3102
3102 3104
3102 3100
3102 3103
3102 3109
3102 3160
3102 3159
3102 3102
2998 2996
2997 2996
3161 2996
3140 2996
2996 2996
2996 2997
2996 2998
2996 3140
2996 3161
2996 2996
2920 2999
3000 2999
3161 2999
2999 2999
2999 2920
2999 3000
2999 3161
2999 2999
3161 3001
3002 3001
2995 3001
3001 3001
3001 3002
3001 2995
3001 3161
3001 3001
3161 3003
3004 3003
3003 3003
3003 3004
3003 3161
3003 3003
3162 3005
3006 3005
3163 3005
3005 3005
3005 3006
3005 3163
3005 3162
3005 3005
3164 3007
3162 3007
3008 3007
3007 3007
3007 3008
3007 3164
3007 3162
3007 3007
3162 3009
3010 3009
3009 3009
3009 3010
3009 3162
3009 3009
3007 3164
3162 3164
3164 3164
3164 3007
3164 3162
3164 3164
3162 3163
3005 3163
3163 3163
3163 3005
3163 3162
3163 3163
3016 3011
3013 3011
3012 3011
3014 3011
3165 3011
3015 3011
3011 3011
3011 3013
3011 3014
3011 3012
3011 3015
3011 3016
3011 3165
3011 3011
3018 3017
3165 3017
3019 3017
3020 3017
3021 3017
3017 3017
3017 3018
3017 3019
3017 3020
3017 3021
3017 3165
3017 3017
3024 3022
3023 3022
3165 3022
3022 3022
3022 3023
3022 3024
3022 3165
3022 3022
3165 3166
3166 3166
3166 3165
3166 3166
3167 3055
3057 3055
3055 3055
3055 3057
3055 3167
3055 3055
3057 3056
3167 3056
3056 3056
3056 3057
3056 3167
3056 3056
3168 3169
3169 3169
3169 3168
3169 3169
3170 3171
3171 3171
3171 3170
3171 3171
3027 3026
3172 3026
3026 3026
3026 3027
3026 3172
3026 3026
3173 3034
3028 3034
3174 3034
3054 3034
3037 3034
3036 3034
3034 3034
3034 3036
3034 3037
3034 3054
3034 3028
3034 3174
3034 3173
3034 3034
3173 3028
3034 3028
3039 3028
3029 3028
3054 3028
3028 3028
3028 3029
3028 3039
3028 3054
3028 3034
3028 3173
3028 3028
3031 3030
3173 3030
3030 3030
3030 3031
3030 3173
3030 3030
3036 3032
3033 3032
3175 3032
3176 3032
3037 3032
3032 3032
3032 3033
3032 3036
3032 3037
3032 3176
3032 3175
3032 3032
3037 3035
3036 3035
3175 3035
3035 3035
3035 3036
3035 3037
3035 3175
3035 3035
3039 3038
3175 3038
3038 3038
3038 3039
3038 3175
3038 3038
3177 3178
3175 3178
3178 3178
3178 3175
3178 3177
3178 3178
3179 3174
3034 3174
3175 3174
3177 3174
3174 3174
3174 3034
3174 3175
3174 3177
3174 3179
3174 3174
3179 3180
3180 3180
3180 3179
3180 3180
3181 3040
3182 3040
3041 3040
3043 3040
3044 3040
3045 3040
3040 3040
3040 3041
3040 3043
3040 3044
3040 3045
3040 3182
3040 3181
3040 3040
3182 3183
3181 3183
3183 3183
3183 3182
3183 3181
3183 3183
3184 3185
3185 3185
3185 3184
3185 3185
3048 3046
3047 3046
3186 3046
3046 3046
3046 3048
3046 3047
3046 3186
3046 3046
3050 3049
3186 3049
3049 3049
3049 3050
3049 3186
3049 3049
3187 3188
3188 3188
3188 3187
3188 3188
3189 3190
3190 3190
3190 3189
3190 3190
3189 3191
3191 3191
3191 3189
3191 3191
3052 3051
3059 3051
3192 3051
3060 3051
2949 3051
3057 3051
3061 3051
3053 3051
3054 3051
3062 3051
3058 3051
3051 3051
3051 2949
3051 3052
3051 3053
3051 3054
3051 3057
3051 3058
3051 3059
3051 3060
3051 3061
3051 3062
3051 3192
3051 3051
3192 3063
3064 3063
3063 3063
3063 3064
3063 3192
3063 3063
3193 3194
3194 3194
3194 3193
3194 3194
3193 3195
3195 3195
3195 3193
3195 3195
3193 3196
3196 3196
3196 3193
3196 3196
3197 3065
3066 3065
3065 3065
3065 3066
3065 3197
3065 3065
3198 3067
3068 3067
3069 3067
3067 3067
3067 3068
3067 3069
3067 3198
3067 3067
3199 3200
3200 3200
3200 3199
3200 3200
3201 3070
3202 3070
3071 3070
3070 3070
3070 3071
3070 3202
3070 3201
3070 3070
3070 3202
3201 3202
3202 3202
3202 3070
3202 3201
3202 3202
3201 3203
3203 3203
3203 3201
3203 3203
3204 3205
3205 3205
3205 3204
3205 3205
3204 3206
3206 3206
3206 3204
3206 3206
3207 3208
3073 3208
3208 3208
3208 3073
3208 3207
3208 3208
3207 3209
3209 3209
3209 3207
3209 3209
3165 3073
3208 3073
3207 3073
3210 3073
3074 3073
3075 3073
3073 3073
3073 3074
3073 3075
3073 3208
3073 3165
3073 3207
3073 3210
3073 3073
3077 3076
3210 3076
3076 3076
3076 3077
3076 3210
3076 3076
3080 3078
3211 3078
2981 3078
3079 3078
3078 3078
3078 2981
3078 3080
3078 3079
3078 3211
3078 3078
3082 3081
3211 3081
3081 3081
3081 3082
3081 3211
3081 3081
3212 3213
3213 3213
3213 3212
3213 3213
3214 3083
3084 3083
3083 3083
3083 3084
3083 3214
3083 3083
3086 3085
3025 3085
3215 3085
3085 3085
3085 3025
3085 3086
3085 3215
3085 3085
3216 3087
3088 3087
3089 3087
3090 3087
3087 3087
3087 3088
3087 3089
3087 3090
3087 3216
3087 3087
3072 3091
3217 3091
3093 3091
3094 3091
3092 3091
3091 3091
3091 3093
3091 3092
3091 3094
3091 3072
3091 3217
3091 3091
3097 3095
3217 3095
3096 3095
3095 3095
3095 3096
3095 3097
3095 3217
3095 3095
3095 3097
3072 3097
3217 3097
3097 3097
3097 3072
3097 3095
3097 3217
3097 3097
3126 3099
3115 3099
3101 3099
3114 3099
3112 3099
3105 3099
3117 3099
3113 3099
3111 3099
3104 3099
3108 3099
3109 3099
3098 3099
3107 3099
3106 3099
3103 3099
3100 3099
3110 3099
3137 3099
3116 3099
3159 3099
3218 3099
3099 3099
3099 3104
3099 3101
3099 3100
3099 3103
3099 3106
3099 3107
3099 3098
3099 3109
3099 3110
3099 3108
3099 3111
3099 3113
3099 3105
3099 3114
3099 3115
3099 3116
3099 3112
3099 3117
3099 3126
3099 3137
3099 3159
3099 3218
3099 3099
3128 3119
3121 3119
2919 3119
2921 3119
2914 3119
3135 3119
2906 3119
2888 3119
3122 3119
3152 3119
3218 3119
3151 3119
3120 3119
3130 3119
3134 3119
3119 3119
3119 2888
3119 2906
3119 2914
3119 2919
3119 3121
3119 3122
3119 2921
3119 3120
3119 3128
3119 3152
3119 3130
3119 3134
3119 3135
3119 3151
3119 3218
3119 3119
3218 3123
3143 3123
3140 3123
3149 3123
2917 3123
2973 3123
3123 3123
3123 2973
3123 2917
3123 3143
3123 3140
3123 3149
3123 3218
3123 3123
2921 3125
2931 3125
2936 3125
3218 3125
2937 3125
3125 3125
3125 2921
3125 2931
3125 2936
3125 2937
3125 3218
3125 3125
2941 3126
3218 3126
2952 3126
3099 3126
3126 3126
3126 2941
3126 2952
3126 3099
3126 3218
3126 3126
3218 3127
2946 3127
2945 3127
2942 3127
3127 3127
3127 2942
3127 2946
3127 2945
3127 3218
3127 3127
3218 3128
2970 3128
3129 3128
3119 3128
3128 3128
3128 2970
3128 3129
3128 3119
3128 3218
3128 3128
3151 3152
3120 3152
3119 3152
3218 3152
3152 3152
3152 3120
3152 3119
3152 3151
3152 3218
3152 3152
3131 3130
3119 3130
3218 3130
3136 3130
3130 3130
3130 3131
3130 3136
3130 3119
3130 3218
3130 3130
3132 3133
3118 3133
2948 3133
3218 3133
3133 3133
3133 3118
3133 2948
3133 3132
3133 3218
3133 3133
3136 3134
3218 3134
3119 3134
3134 3134
3134 3136
3134 3119
3134 3218
3134 3134
3218 3135
3136 3135
3119 3135
3135 3135
3135 3136
3135 3119
3135 3218
3135 3135
3099 3137
3218 3137
2952 3137
3137 3137
3137 2952
3137 3099
3137 3218
3137 3137
3218 3160
3102 3160
3160 3160
3160 3102
3160 3218
3160 3160
2956 3138
3218 3138
3138 3138
3138 2956
3138 3218
3138 3138
2969 3139
3218 3139
3139 3139
3139 2969
3139 3218
3139 3139
3218 3219
3219 3219
3219 3218
3219 3219
3218 3220
3220 3220
3220 3218
3220 3220
3221 3140
3145 3140
2995 3140
2996 3140
3143 3140
2977 3140
3142 3140
3123 3140
3147 3140
3148 3140
3144 3140
3141 3140
3124 3140
2975 3140
2972 3140
3146 3140
3140 3140
3140 2972
3140 2995
3140 3143
3140 2975
3140 3124
3140 3141
3140 3144
3140 3145
3140 3146
3140 3147
3140 3148
3140 3142
3140 2977
3140 2996
3140 3123
3140 3221
3140 3140
3142 3149
3221 3149
3123 3149
2977 3149
3150 3149
2978 3149
3042 3149
3149 3149
3149 3142
3149 2977
3149 2978
3149 3042
3149 3150
3149 3123
3149 3221
3149 3149
3120 3151
3152 3151
3119 3151
3218 3151
3221 3151
3151 3151
3151 3120
3151 3119
3151 3152
3151 3218
3151 3221
3151 3151
3221 3153
3155 3153
3153 3153
3153 3155
3153 3221
3153 3153
3221 3154
3155 3154
3154 3154
3154 3155
3154 3221
3154 3154
3158 3156
3157 3156
3132 3156
2993 3156
2980 3156
3222 3156
2992 3156
3156 3156
3156 2980
3156 2992
3156 3132
3156 2993
3156 3157
3156 3158
3156 3222
3156 3156
3099 3159
3102 3159
3222 3159
3159 3159
3159 3102
3159 3099
3159 3222
3159 3159
3222 3223
3223 3223
3223 3222
3223 3223
3224 3161
3218 3161
3003 3161
3001 3161
2999 3161
2996 3161
3225 3161
3161 3161
3161 2996
3161 2999
3161 3001
3161 3003
3161 3225
3161 3218
3161 3224
3161 3161
3161 3225
3224 3225
3225 3225
3225 3161
3225 3224
3225 3225
3163 3162
3005 3162
3007 3162
3009 3162
3164 3162
3226 3162
3162 3162
3162 3005
3162 3007
3162 3009
3162 3164
3162 3163
3162 3226
3162 3162
3011 3165
3022 3165
3073 3165
3227 3165
3017 3165
3166 3165
3165 3165
3165 3011
3165 3017
3165 3022
3165 3166
3165 3073
3165 3227
3165 3165
3055 3167
3227 3167
3056 3167
3167 3167
3167 3055
3167 3056
3167 3227
3167 3167
3227 3168
3169 3168
3168 3168
3168 3169
3168 3227
3168 3168
3227 3228
3192 3228
3228 3228
3228 3192
3228 3227
3228 3228
3171 3170
3227 3170
3170 3170
3170 3171
3170 3227
3170 3170
3227 3229
3229 3229
3229 3227
3229 3229
3230 3172
3231 3172
3026 3172
3172 3172
3172 3026
3172 3231
3172 3230
3172 3172
3230 3231
3172 3231
3231 3231
3231 3172
3231 3230
3231 3231
3032 3176
3232 3176
3176 3176
3176 3032
3176 3232
3176 3176
3028 3173
3233 3173
3034 3173
3030 3173
3173 3173
3173 3034
3173 3028
3173 3030
3173 3233
3173 3173
3233 3175
3189 3175
3234 3175
3032 3175
3035 3175
3038 3175
3178 3175
3174 3175
3177 3175
3175 3175
3175 3032
3175 3035
3175 3038
3175 3178
3175 3174
3175 3177
3175 3189
3175 3233
3175 3234
3175 3175
3174 3177
3175 3177
3234 3177
3178 3177
3177 3177
3177 3178
3177 3174
3177 3175
3177 3234
3177 3177
3180 3179
3234 3179
3233 3179
3174 3179
3179 3179
3179 3174
3179 3180
3179 3233
3179 3234
3179 3179
3183 3182
3234 3182
3040 3182
3182 3182
3182 3040
3182 3183
3182 3234
3182 3182
3040 3181
3183 3181
3234 3181
3181 3181
3181 3040
3181 3183
3181 3234
3181 3181
3234 3235
3235 3235
3235 3234
3235 3235
3185 3184
3236 3184
3227 3184
3184 3184
3184 3185
3184 3227
3184 3236
3184 3184
3237 3238
3238 3238
3238 3237
3238 3238
3049 3186
3239 3186
3240 3186
3046 3186
3186 3186
3186 3046
3186 3049
3186 3239
3186 3240
3186 3186
3188 3187
3241 3187
3187 3187
3187 3188
3187 3241
3187 3187
3175 3189
3190 3189
3237 3189
3191 3189
3242 3189
3189 3189
3189 3190
3189 3191
3189 3175
3189 3237
3189 3242
3189 3189
3233 3192
3051 3192
3242 3192
3228 3192
3063 3192
3192 3192
3192 3051
3192 3063
3192 3228
3192 3233
3192 3242
3192 3192
3242 3243
3243 3243
3243 3242
3243 3243
3194 3193
3195 3193
3196 3193
3244 3193
3193 3193
3193 3194
3193 3195
3193 3196
3193 3244
3193 3193
3245 3246
3246 3246
3246 3245
3246 3246
3065 3197
3247 3197
3197 3197
3197 3065
3197 3247
3197 3197
3067 3198
3248 3198
3198 3198
3198 3067
3198 3248
3198 3198
3249 3250
3250 3250
3250 3249
3250 3250
3251 3252
3252 3252
3252 3251
3252 3252
3200 3199
3253 3199
3199 3199
3199 3200
3199 3253
3199 3199
3202 3201
3203 3201
3070 3201
3254 3201
3201 3201
3201 3070
3201 3202
3201 3203
3201 3254
3201 3201
3227 3204
3206 3204
3255 3204
3256 3204
3205 3204
3204 3204
3204 3205
3204 3206
3204 3256
3204 3227
3204 3255
3204 3204
3209 3207
3073 3207
3208 3207
3255 3207
3207 3207
3207 3208
3207 3209
3207 3073
3207 3255
3207 3207
3076 3210
3255 3210
3073 3210
3210 3210
3210 3073
3210 3076
3210 3255
3210 3210
3255 3211
3078 3211
3081 3211
3211 3211
3211 3078
3211 3081
3211 3255
3211 3211
3255 3212
3213 3212
3212 3212
3212 3213
3212 3255
3212 3212
3255 3214
3083 3214
3214 3214
3214 3083
3214 3255
3214 3214
3255 3215
3085 3215
3215 3215
3215 3085
3215 3255
3215 3215
3227 3257
3255 3257
3257 3257
3257 3227
3257 3255
3257 3257
3204 3256
3255 3256
3256 3256
3256 3204
3256 3255
3256 3256
3255 3258
3258 3258
3258 3255
3258 3258
3255 3259
3259 3259
3259 3255
3259 3259
3255 3260
3260 3260
3260 3255
3260 3260
3255 3261
3261 3261
3261 3255
3261 3261
3255 3262
3262 3262
3262 3255
3262 3262
3255 3263
3263 3263
3263 3255
3263 3263
3255 3264
3264 3264
3264 3255
3264 3264
3087 3216
3265 3216
3216 3216
3216 3087
3216 3265
3216 3216
3265 3266
3266 3266
3266 3265
3266 3266
3265 3267
3267 3267
3267 3265
3267 3267
3091 3217
3268 3217
3097 3217
3095 3217
3265 3217
3217 3217
3217 3091
3217 3095
3217 3097
3217 3265
3217 3268
3217 3217
3268 3269
3265 3269
3269 3269
3269 3265
3269 3268
3269 3269
3268 3270
3265 3270
3270 3270
3270 3265
3270 3268
3270 3270
3271 3272
3272 3272
3272 3271
3272 3272
3222 3218
3220 3218
3134 3218
3127 3218
3126 3218
3125 3218
3123 3218
3119 3218
3151 3218
3099 3218
3130 3218
3161 3218
3133 3218
3152 3218
3135 3218
3137 3218
3160 3218
3128 3218
3273 3218
3219 3218
3139 3218
3138 3218
3274 3218
3218 3218
3218 3099
3218 3119
3218 3123
3218 3125
3218 3126
3218 3127
3218 3128
3218 3152
3218 3130
3218 3133
3218 3134
3218 3135
3218 3137
3218 3160
3218 3138
3218 3139
3218 3219
3218 3220
3218 3151
3218 3161
3218 3222
3218 3274
3218 3273
3218 3218
3149 3221
3273 3221
3140 3221
3151 3221
3274 3221
3153 3221
3154 3221
3221 3221
3221 3140
3221 3149
3221 3151
3221 3153
3221 3154
3221 3274
3221 3273
3221 3221
3156 3222
3274 3222
3159 3222
3218 3222
3223 3222
3273 3222
3222 3222
3222 3156
3222 3159
3222 3223
3222 3218
3222 3274
3222 3273
3222 3222
3274 3224
3161 3224
3225 3224
3273 3224
3224 3224
3224 3161
3224 3225
3224 3274
3224 3273
3224 3224
3162 3226
3274 3226
3273 3226
3226 3226
3226 3162
3226 3274
3226 3273
3226 3226
3275 3276
3276 3276
3276 3275
3276 3276
3277 3227
3278 3227
3239 3227
3165 3227
3167 3227
3168 3227
3228 3227
3170 3227
3229 3227
3184 3227
3204 3227
3257 3227
3240 3227
3233 3227
3227 3227
3227 3165
3227 3167
3227 3168
3227 3228
3227 3170
3227 3229
3227 3184
3227 3204
3227 3257
3227 3277
3227 3233
3227 3239
3227 3240
3227 3278
3227 3227
3278 3230
3172 3230
3231 3230
3230 3230
3230 3172
3230 3231
3230 3278
3230 3230
3227 3277
3278 3277
3277 3277
3277 3227
3277 3278
3277 3277
3176 3232
3278 3232
3232 3232
3232 3176
3232 3278
3232 3232
3236 3233
3192 3233
3237 3233
3239 3233
3279 3233
3234 3233
3251 3233
3179 3233
3240 3233
3227 3233
3173 3233
3175 3233
3233 3233
3233 3173
3233 3175
3233 3179
3233 3192
3233 3227
3233 3234
3233 3239
3233 3236
3233 3237
3233 3240
3233 3251
3233 3279
3233 3233
3175 3234
3177 3234
3235 3234
3279 3234
3182 3234
3179 3234
3233 3234
3181 3234
3234 3234
3234 3175
3234 3177
3234 3179
3234 3182
3234 3181
3234 3235
3234 3233
3234 3279
3234 3234
3186 3239
3240 3239
3227 3239
3233 3239
3279 3239
3239 3239
3239 3186
3239 3227
3239 3233
3239 3240
3239 3279
3239 3239
3279 3236
3233 3236
3251 3236
3184 3236
3237 3236
3236 3236
3236 3184
3236 3233
3236 3237
3236 3251
3236 3279
3236 3236
3279 3237
3236 3237
3233 3237
3189 3237
3238 3237
3237 3237
3237 3238
3237 3189
3237 3233
3237 3236
3237 3279
3237 3237
3279 3240
3227 3240
3233 3240
3186 3240
3239 3240
3240 3240
3240 3186
3240 3227
3240 3233
3240 3239
3240 3279
3240 3240
3279 3241
3187 3241
3241 3241
3241 3187
3241 3279
3241 3241
3192 3242
3243 3242
3189 3242
3280 3242
3242 3242
3242 3189
3242 3192
3242 3243
3242 3280
3242 3242
3193 3244
3280 3244
3244 3244
3244 3193
3244 3280
3244 3244
3247 3245
3281 3245
3246 3245
3245 3245
3245 3246
3245 3247
3245 3281
3245 3245
3245 3247
3197 3247
3281 3247
3248 3247
3247 3247
3247 3197
3247 3245
3247 3248
3247 3281
3247 3247
3198 3248
3247 3248
3281 3248
3248 3248
3248 3198
3248 3247
3248 3281
3248 3248
3250 3249
3281 3249
3249 3249
3249 3250
3249 3281
3249 3249
3252 3251
3279 3251
3282 3251
3236 3251
3233 3251
3251 3251
3251 3252
3251 3233
3251 3236
3251 3279
3251 3282
3251 3251
3199 3253
3283 3253
3253 3253
3253 3199
3253 3283
3253 3253
3201 3254
3283 3254
3254 3254
3254 3201
3254 3283
3254 3254
3283 3284
3284 3284
3284 3283
3284 3284
3285 3255
3204 3255
3260 3255
3210 3255
3207 3255
3212 3255
3259 3255
3261 3255
3258 3255
3211 3255
3256 3255
3262 3255
3257 3255
3264 3255
3215 3255
3214 3255
3263 3255
3255 3255
3255 3204
3255 3207
3255 3210
3255 3211
3255 3212
3255 3214
3255 3215
3255 3257
3255 3256
3255 3258
3255 3259
3255 3260
3255 3261
3255 3262
3255 3263
3255 3264
3255 3285
3255 3255
3216 3265
3266 3265
3267 3265
3217 3265
3269 3265
3270 3265
3285 3265
3265 3265
3265 3216
3265 3266
3265 3267
3265 3217
3265 3269
3265 3270
3265 3285
3265 3265
3269 3268
3285 3268
3217 3268
3270 3268
3268 3268
3268 3217
3268 3269
3268 3270
3268 3285
3268 3268
3272 3271
3285 3271
3271 3271
3271 3272
3271 3285
3271 3271
3285 3286
3286 3286
3286 3285
3286 3286
3285 3287
3287 3287
3287 3285
3287 3287
3218 3274
3221 3274
3288 3274
3222 3274
3224 3274
3226 3274
3274 3274
3274 3218
3274 3221
3274 3222
3274 3224
3274 3226
3274 3288
3274 3274
3288 3273
3226 3273
3222 3273
3221 3273
3218 3273
3224 3273
3273 3273
3273 3218
3273 3221
3273 3222
3273 3224
3273 3226
3273 3288
3273 3273
3276 3275
3289 3275
3275 3275
3275 3276
3275 3289
3275 3275
3290 3278
3230 3278
3227 3278
3277 3278
3232 3278
3278 3278
3278 3227
3278 3230
3278 3277
3278 3232
3278 3290
3278 3278
3251 3279
3241 3279
3291 3279
3237 3279
3240 3279
3239 3279
3234 3279
3233 3279
3236 3279
3292 3279
3279 3279
3279 3233
3279 3234
3279 3239
3279 3236
3279 3237
3279 3240
3279 3241
3279 3251
3279 3291
3279 3292
3279 3279
3242 3280
3244 3280
3291 3280
3282 3280
3283 3280
3292 3280
3280 3280
3280 3242
3280 3244
3280 3282
3280 3283
3280 3291
3280 3292
3280 3280
3247 3281
3249 3281
3248 3281
3245 3281
3292 3281
3291 3281
3281 3281
3281 3245
3281 3247
3281 3248
3281 3249
3281 3291
3281 3292
3281 3281
3251 3282
3292 3282
3291 3282
3280 3282
3283 3282
3282 3282
3282 3251
3282 3280
3282 3283
3282 3291
3282 3292
3282 3282
3292 3293
3291 3293
3293 3293
3293 3291
3293 3292
3293 3293
3294 3283
3280 3283
3282 3283
3253 3283
3254 3283
3284 3283
3283 3283
3283 3253
3283 3254
3283 3284
3283 3280
3283 3282
3283 3294
3283 3283
3295 3296
3296 3296
3296 3295
3296 3296
3255 3285
3297 3285
3265 3285
3268 3285
3271 3285
3286 3285
3287 3285
3285 3285
3285 3255
3285 3265
3285 3268
3285 3271
3285 3286
3285 3287
3285 3297
3285 3285
3297 3288
3274 3288
3273 3288
3288 3288
3288 3274
3288 3273
3288 3297
3288 3288
3297 3289
3275 3289
3289 3289
3289 3275
3289 3297
3289 3289
3298 3290
3278 3290
3290 3290
3290 3278
3290 3298
3290 3290
3294 3291
3279 3291
3280 3291
3281 3291
3282 3291
3299 3291
3300 3291
3293 3291
3291 3291
3291 3279
3291 3280
3291 3281
3291 3282
3291 3293
3291 3294
3291 3299
3291 3300
3291 3291
3282 3292
3293 3292
3300 3292
3280 3292
3279 3292
3294 3292
3299 3292
3281 3292
3292 3292
3292 3279
3292 3280
3292 3281
3292 3282
3292 3293
3292 3294
3292 3299
3292 3300
3292 3292
3292 3294
3300 3294
3283 3294
3291 3294
3294 3294
3294 3283
3294 3291
3294 3292
3294 3300
3294 3294
3300 3299
3292 3299
3291 3299
3299 3299
3299 3291
3299 3292
3299 3300
3299 3299
3296 3295
3300 3295
3295 3295
3295 3296
3295 3300
3295 3295
3301 3297
3285 3297
3289 3297
3288 3297
3297 3297
3297 3285
3297 3288
3297 3289
3297 3301
3297 3297
3301 3298
3290 3298
3298 3298
3298 3290
3298 3301
3298 3298
3301 3302
3302 3302
3302 3301
3302 3302
3303 3304
3304 3304
3304 3303
3304 3304
3294 3300
3305 3300
3299 3300
3291 3300
3292 3300
3295 3300
3300 3300
3300 3291
3300 3292
3300 3294
3300 3299
3300 3295
3300 3305
3300 3300
3302 3301
3298 3301
3297 3301
3306 3301
3301 3301
3301 3297
3301 3298
3301 3302
3301 3306
3301 3301
3306 3303
3304 3303
3303 3303
3303 3304
3303 3306
3303 3303
3300 3305
3306 3305
3305 3305
3305 3300
3305 3306
3305 3305
3307 3306
3303 3306
3301 3306
3305 3306
3306 3306
3306 3301
3306 3303
3306 3305
3306 3307
3306 3306
3308 3307
3309 3307
3310 3307
3306 3307
3307 3307
3307 3306
3307 3310
3307 3309
3307 3308
3307 3307
3307 3310
3308 3310
3310 3310
3310 3307
3310 3308
3310 3310
3307 3309
3308 3309
3309 3309
3309 3307
3309 3308
3309 3309
3307 3308
3311 3308
3309 3308
3310 3308
3308 3308
3308 3307
3308 3310
3308 3309
3308 3311
3308 3308
3311 3312
3312 3312
3312 3311
3312 3312
3311 3313
3313 3313
3313 3311
3313 3313
3308 3311
3312 3311
3313 3311
3314 3311
3311 3311
3311 3308
3311 3312
3311 3313
3311 3314
3311 3311
3314 3315
3315 3315
3315 3314
3315 3315
3311 3314
3315 3314
3316 3314
3314 3314
3314 3311
3314 3315
3314 3316
3314 3314
3314 3316
3316 3316
3316 3314
3316 3316
3317 3317
3317 3317
