0 0
0 0
1 2
2 2
2 1
2 2
2 1
3 1
1 1
1 2
1 3
1 1
4 4
4 4
5 5
5 5
6 6
6 6
7 8
8 8
8 7
8 8
9 10
10 10
10 9
10 10
11 13
12 13
13 13
13 12
13 11
13 13
14 14
14 14
15 16
16 16
16 15
16 16
17 17
17 17
18 18
18 18
19 19
19 19
20 21
21 21
21 20
21 21
22 22
22 22
23 23
23 23
24 25
25 25
25 24
25 25
26 27
27 27
27 26
27 27
28 28
28 28
29 29
29 29
30 30
30 30
31 32
32 32
32 31
32 32
33 33
33 33
25 24
34 24
24 24
24 25
24 34
24 24
35 35
35 35
36 39
37 39
38 39
39 39
39 38
39 36
39 37
39 39
40 40
40 40
41 41
41 41
42 42
42 42
43 43
43 43
44 44
44 44
45 47
46 47
47 47
47 45
47 46
47 47
48 49
49 49
49 48
49 49
50 50
50 50
51 51
51 51
52 52
52 52
53 54
54 54
54 53
54 54
55 56
56 56
56 55
56 56
32 31
31 31
31 32
31 31
57 58
58 58
58 57
58 58
59 60
60 60
60 59
60 60
61 62
62 62
62 61
62 62
63 64
64 64
64 63
64 64
65 65
65 65
66 66
66 66
67 67
67 67
68 69
69 69
69 68
69 69
70 70
70 70
71 71
71 71
72 72
72 72
73 74
74 74
74 73
74 74
75 75
75 75
76 76
76 76
77 78
78 78
78 77
78 78
53 81
79 81
80 81
81 81
81 79
81 53
81 80
81 81
82 84
83 84
84 84
84 82
84 83
84 84
85 85
85 85
86 86
86 86
87 88
88 88
88 87
88 88
54 53
81 53
53 53
53 54
53 81
53 53
89 89
89 89
90 91
91 91
91 90
91 91
92 92
92 92
93 93
93 93
94 95
95 95
95 94
95 95
96 96
96 96
97 99
98 99
99 99
99 98
99 97
99 99
100 101
101 101
101 100
101 101
102 102
102 102
103 104
104 104
104 103
104 104
105 106
106 106
106 105
106 106
107 107
107 107
108 109
109 109
109 108
109 109
110 110
110 110
111 112
112 112
112 111
112 112
113 114
114 114
114 113
114 114
115 115
115 115
116 116
116 116
117 117
117 117
118 119
119 119
119 118
119 119
120 123
121 123
122 123
123 123
123 120
123 122
123 121
123 123
124 124
124 124
125 125
125 125
112 111
126 111
111 111
111 112
111 126
111 111
127 127
127 127
55 128
128 128
128 55
128 128
62 61
61 61
61 62
61 61
114 113
129 113
130 113
131 113
132 113
133 113
113 113
113 114
113 129
113 133
113 130
113 131
113 132
113 113
134 135
135 135
135 134
135 135
136 138
137 138
138 138
138 136
138 137
138 138
139 140
140 140
140 139
140 140
141 141
141 141
142 142
142 142
143 144
144 144
144 143
144 144
145 147
146 147
147 147
147 145
147 146
147 147
148 148
148 148
149 149
149 149
150 150
150 150
39 36
37 36
38 36
36 36
36 39
36 38
36 37
36 36
151 151
151 151
12 152
152 152
152 12
152 152
153 154
154 154
154 153
154 154
26 157
155 157
156 157
157 157
157 26
157 156
157 155
157 157
77 158
158 158
158 77
158 158
88 87
87 87
87 88
87 87
159 159
159 159
160 161
161 161
161 160
161 161
162 162
162 162
154 153
163 153
164 153
165 153
166 153
167 153
168 153
155 153
169 153
170 153
171 153
172 153
153 153
153 154
153 167
153 155
153 163
153 168
153 171
153 169
153 165
153 172
153 164
153 170
153 166
153 153
173 173
173 173
174 174
174 174
155 176
175 176
176 176
176 175
176 155
176 176
98 177
177 177
177 98
177 177
178 178
178 178
179 179
179 179
180 180
180 180
181 182
182 182
182 181
182 182
183 187
184 187
185 187
186 187
187 187
187 184
187 185
187 183
187 186
187 187
188 189
189 189
189 188
189 189
190 192
191 192
192 192
192 191
192 190
192 192
193 193
193 193
39 37
36 37
37 37
37 39
37 36
37 37
39 38
36 38
38 38
38 39
38 36
38 38
153 163
155 163
163 163
163 153
163 155
163 163
194 195
195 195
195 194
195 195
167 196
155 196
196 196
196 167
196 155
196 196
197 197
197 197
198 201
199 201
200 201
201 201
201 198
201 200
201 199
201 201
103 202
202 202
202 103
202 202
113 129
129 129
129 113
129 129
203 203
203 203
188 205
204 205
205 205
205 188
205 204
205 205
153 164
206 164
207 164
164 164
164 153
164 207
164 206
164 164
208 209
209 209
209 208
209 209
210 211
211 211
211 210
211 211
212 212
212 212
211 210
210 210
210 211
210 210
167 213
155 213
213 213
213 167
213 155
213 213
27 26
157 26
155 26
26 26
26 27
26 157
26 155
26 26
214 214
214 214
215 215
215 215
146 217
216 217
217 217
217 216
217 146
217 217
218 219
219 219
219 218
219 219
220 222
221 222
222 222
222 220
222 221
222 222
222 220
221 220
223 220
220 220
220 222
220 221
220 223
220 220
224 224
224 224
225 225
225 225
226 228
227 228
228 228
228 227
228 226
228 228
229 229
229 229
230 231
231 231
231 230
231 231
232 232
232 232
64 63
63 63
63 64
63 63
153 165
167 165
155 165
171 165
165 165
165 153
165 167
165 171
165 155
165 165
233 235
234 235
235 235
235 234
235 233
235 235
138 136
137 136
136 136
136 138
136 137
136 136
138 137
136 137
137 137
137 138
137 136
137 137
236 236
236 236
21 20
237 20
20 20
20 21
20 237
20 20
237 238
238 238
238 237
238 238
239 240
240 240
240 239
240 240
241 241
241 241
113 130
80 130
130 130
130 113
130 80
130 130
69 68
68 68
68 69
68 68
79 243
242 243
243 243
243 79
243 242
243 243
244 244
244 244
245 246
246 246
246 245
246 246
247 248
248 248
248 247
248 248
248 247
247 247
247 248
247 247
249 249
249 249
250 250
250 250
251 251
251 251
252 254
253 254
254 254
254 252
254 253
254 254
255 255
255 255
256 256
256 256
60 59
59 59
59 60
59 59
153 166
257 166
166 166
166 153
166 257
166 166
258 258
258 258
259 259
259 259
260 261
257 261
261 261
261 257
261 260
261 261
20 237
238 237
237 237
237 20
237 238
237 237
262 262
262 262
263 264
264 264
264 263
264 264
264 263
263 263
263 264
263 263
265 266
266 266
266 265
266 266
267 268
268 268
268 267
268 268
269 269
269 269
270 270
270 270
271 271
271 271
272 272
272 272
273 274
274 274
274 273
274 274
275 276
276 276
276 275
276 276
277 277
277 277
103 278
194 278
278 278
278 103
278 194
278 278
279 280
280 280
280 279
280 280
144 143
143 143
143 144
143 143
55 282
281 282
282 282
282 55
282 281
282 282
261 260
257 260
260 260
260 261
260 257
260 260
283 283
283 283
284 285
285 285
285 284
285 285
286 286
286 286
24 34
267 34
34 34
34 24
34 267
34 34
287 288
288 288
288 287
288 288
289 289
289 289
132 290
290 290
290 132
290 290
291 291
291 291
106 105
105 105
105 106
105 105
292 292
292 292
10 9
9 9
9 10
9 9
293 293
293 293
81 79
243 79
79 79
79 81
79 243
79 79
243 242
294 242
242 242
242 243
242 294
242 242
295 295
295 295
222 221
220 221
221 221
221 222
221 220
221 221
296 296
296 296
297 297
297 297
298 298
298 298
299 300
300 300
300 299
300 300
301 302
302 302
302 301
302 302
57 303
303 303
303 57
303 303
304 305
305 305
305 304
305 305
306 306
306 306
307 307
307 307
308 308
308 308
309 309
309 309
310 310
310 310
311 311
311 311
312 313
313 313
313 312
313 313
314 315
315 315
315 314
315 315
316 316
316 316
317 317
317 317
166 257
261 257
260 257
318 257
319 257
257 257
257 166
257 261
257 260
257 319
257 318
257 257
257 318
318 318
318 257
318 318
201 198
198 198
198 201
198 198
320 320
320 320
321 321
321 321
153 167
196 167
213 167
165 167
155 167
167 167
167 153
167 196
167 213
167 165
167 155
167 167
322 322
322 322
323 323
323 323
95 94
94 94
94 95
94 94
254 252
253 252
252 252
252 254
252 253
252 252
324 324
324 324
45 325
325 325
325 45
325 325
300 299
279 299
299 299
299 300
299 279
299 299
326 326
326 326
327 327
327 327
328 328
328 328
329 329
329 329
330 330
330 330
331 331
331 331
332 332
332 332
333 334
57 334
334 334
334 57
334 333
334 334
335 335
335 335
334 333
57 333
333 333
333 334
333 57
333 333
57 336
336 336
336 57
336 336
187 183
183 183
183 187
183 183
337 337
337 337
119 118
118 118
118 119
118 118
135 134
134 134
134 135
134 134
182 181
181 181
181 182
181 181
338 339
339 339
339 338
339 339
340 340
340 340
341 341
341 341
234 342
342 342
342 234
342 342
343 344
344 344
344 343
344 344
345 345
345 345
346 346
346 346
347 347
347 347
348 348
348 348
13 11
349 11
350 11
11 11
11 13
11 349
11 350
11 11
45 351
351 351
351 45
351 351
246 245
245 245
245 246
245 245
352 352
352 352
353 354
354 354
354 353
354 354
355 355
355 355
356 356
356 356
357 357
357 357
240 239
239 239
239 240
239 239
358 358
358 358
47 45
325 45
351 45
359 45
360 45
45 45
45 47
45 325
45 351
45 359
45 360
45 45
361 361
361 361
13 12
152 12
12 12
12 13
12 152
12 12
99 97
97 97
97 99
97 97
362 362
362 362
111 126
126 126
126 111
126 126
360 363
363 363
363 360
363 363
49 48
281 48
48 48
48 49
48 281
48 48
364 364
364 364
365 365
365 365
153 168
168 168
168 153
168 168
366 367
367 367
367 366
367 367
368 368
368 368
369 369
369 369
370 370
370 370
155 371
371 371
371 155
371 371
372 372
372 372
373 373
373 373
268 267
34 267
267 267
267 268
267 34
267 267
374 374
374 374
375 375
375 375
113 131
132 131
131 131
131 113
131 132
131 131
376 376
376 376
155 378
377 378
378 378
378 155
378 377
378 378
379 379
379 379
45 359
359 359
359 45
359 359
380 380
380 380
157 155
153 155
176 155
163 155
196 155
213 155
26 155
165 155
167 155
371 155
378 155
381 155
382 155
377 155
383 155
170 155
207 155
15 155
175 155
172 155
155 155
155 157
155 153
155 176
155 163
155 196
155 213
155 26
155 165
155 167
155 371
155 378
155 382
155 377
155 383
155 15
155 207
155 175
155 172
155 381
155 170
155 155
384 384
384 384
155 381
377 381
381 381
381 155
381 377
381 381
385 386
386 386
386 385
386 386
231 230
387 230
230 230
230 231
230 387
230 230
388 389
389 389
389 388
389 389
390 390
390 390
391 391
391 391
392 392
392 392
393 394
121 394
394 394
394 393
394 121
394 394
219 218
218 218
218 219
218 218
395 395
395 395
153 169
169 169
169 153
169 169
396 396
396 396
397 398
398 398
398 397
398 398
11 349
349 349
349 11
349 349
315 314
314 314
314 315
314 314
81 80
130 80
133 80
80 80
80 81
80 130
80 133
80 80
399 399
399 399
400 400
400 400
235 233
233 233
233 235
233 233
401 401
401 401
367 366
366 366
366 367
366 366
155 382
382 382
382 155
382 382
140 139
139 139
139 140
139 139
402 402
402 402
1 3
3 3
3 1
3 3
403 403
403 403
147 145
145 145
145 147
145 145
404 404
404 404
405 405
405 405
406 406
406 406
407 407
407 407
408 408
408 408
409 409
409 409
410 410
410 410
411 411
411 411
389 388
388 388
388 389
388 388
412 413
103 413
413 413
413 103
413 412
413 413
414 414
414 414
415 415
415 415
123 120
393 120
121 120
216 120
120 120
120 123
120 216
120 393
120 121
120 120
398 397
397 397
397 398
397 397
416 418
417 418
418 418
418 417
418 416
418 418
378 377
155 377
381 377
208 377
377 377
377 378
377 155
377 381
377 208
377 377
419 419
419 419
230 387
387 387
387 230
387 387
288 287
287 287
287 288
287 287
420 420
420 420
421 421
421 421
242 294
133 294
294 294
294 242
294 133
294 294
422 422
422 422
423 423
423 423
412 424
424 424
424 412
424 424
425 425
425 425
426 426
426 426
427 427
427 427
428 428
428 428
235 234
342 234
234 234
234 235
234 342
234 234
339 338
338 338
338 339
338 338
429 429
429 429
430 430
430 430
431 432
432 432
432 431
432 432
433 434
434 434
434 433
434 434
201 199
199 199
199 201
199 199
435 435
435 435
436 436
436 436
8 7
7 7
7 8
7 7
354 353
437 353
353 353
353 354
353 437
353 353
438 438
438 438
305 304
304 304
304 305
304 304
439 439
439 439
228 226
226 226
226 228
226 226
189 188
205 188
188 188
188 189
188 205
188 188
440 441
441 441
441 440
441 441
228 227
227 227
227 228
227 227
276 275
275 275
275 276
275 275
386 385
385 385
385 386
385 385
442 442
442 442
434 433
433 433
433 434
433 433
443 443
443 443
257 319
172 319
319 319
319 257
319 172
319 319
187 184
184 184
184 187
184 184
413 412
424 412
412 412
412 413
412 424
412 412
444 444
444 444
101 100
445 100
100 100
100 101
100 445
100 100
201 200
200 200
200 201
200 200
446 446
446 446
447 447
447 447
448 448
448 448
449 449
449 449
450 450
450 450
451 451
451 451
164 206
206 206
206 164
206 206
452 452
452 452
78 77
158 77
77 77
77 78
77 158
77 77
57 453
453 453
453 57
453 453
454 455
455 455
455 454
455 455
456 456
456 456
457 457
457 457
209 208
377 208
458 208
208 208
208 209
208 377
208 458
208 208
459 460
460 460
460 459
460 460
394 393
120 393
216 393
393 393
393 394
393 120
393 216
393 393
460 459
459 459
459 460
459 459
461 461
461 461
462 462
462 462
84 82
82 82
82 84
82 82
353 437
437 437
437 353
437 437
463 463
463 463
113 132
290 132
131 132
216 132
132 132
132 113
132 290
132 131
132 216
132 132
172 464
464 464
464 172
464 464
155 383
383 383
383 155
383 383
11 350
350 350
350 11
350 350
418 416
416 416
416 418
416 416
285 284
284 284
284 285
284 284
465 465
465 465
466 466
466 466
123 121
394 121
120 121
216 121
122 121
121 121
121 123
121 394
121 120
121 216
121 122
121 121
467 468
468 468
468 467
468 468
469 469
469 469
153 170
155 170
175 170
170 170
170 153
170 155
170 175
170 170
470 470
470 470
432 431
431 431
431 432
431 431
56 55
128 55
282 55
471 55
55 55
55 56
55 128
55 282
55 471
55 55
472 472
472 472
473 473
473 473
474 474
474 474
467 475
475 475
475 467
475 475
476 476
476 476
477 478
478 478
478 477
478 478
468 467
475 467
190 467
133 467
467 467
467 468
467 475
467 133
467 190
467 467
133 479
479 479
479 133
479 479
480 480
480 480
481 481
481 481
103 482
482 482
482 103
482 482
104 103
202 103
278 103
413 103
482 103
186 103
103 103
103 104
103 202
103 278
103 413
103 482
103 186
103 103
282 281
48 281
281 281
281 282
281 48
281 281
483 483
483 483
484 486
485 486
486 486
486 484
486 485
486 486
487 487
487 487
187 185
185 185
185 187
185 185
84 83
83 83
83 84
83 83
343 488
488 488
488 343
488 488
109 108
108 108
108 109
108 108
489 489
489 489
490 490
490 490
164 207
155 207
207 207
207 164
207 155
207 207
491 491
491 491
187 186
103 186
186 186
186 187
186 103
186 186
492 492
492 492
147 146
217 146
216 146
146 146
146 147
146 217
146 216
146 146
74 73
73 73
73 74
73 73
195 194
278 194
194 194
194 195
194 278
194 194
153 171
165 171
171 171
171 153
171 165
171 171
493 493
493 493
494 494
494 494
495 495
495 495
496 496
496 496
455 454
454 454
454 455
454 454
418 417
417 417
417 418
417 417
497 497
497 497
498 498
498 498
499 499
499 499
500 500
500 500
501 501
501 501
502 502
502 502
344 343
488 343
343 343
343 344
343 488
343 343
280 279
299 279
279 279
279 280
279 299
279 279
503 503
503 503
504 504
504 504
16 15
155 15
15 15
15 16
15 155
15 15
441 440
440 440
440 441
440 440
191 505
505 505
505 191
505 505
205 204
204 204
204 205
204 204
506 506
506 506
507 507
507 507
302 301
301 301
301 302
301 301
192 190
467 190
190 190
190 192
190 467
190 190
157 156
156 156
156 157
156 156
91 90
90 90
90 91
90 90
478 477
477 477
477 478
477 477
176 175
155 175
170 175
175 175
175 176
175 155
175 170
175 175
486 484
484 484
484 486
484 484
508 508
508 508
509 509
509 509
274 273
273 273
273 274
273 273
510 510
510 510
100 445
445 445
445 100
445 445
511 511
511 511
512 512
512 512
513 513
513 513
514 514
514 514
113 133
80 133
294 133
467 133
479 133
133 133
133 113
133 80
133 294
133 467
133 479
133 133
515 515
515 515
516 516
516 516
517 517
517 517
45 360
363 360
360 360
360 45
360 363
360 360
518 518
518 518
519 519
519 519
208 458
458 458
458 208
458 458
520 520
520 520
58 57
303 57
334 57
333 57
336 57
453 57
57 57
57 58
57 303
57 334
57 333
57 336
57 453
57 57
521 521
521 521
522 522
522 522
523 523
523 523
524 524
524 524
254 253
252 253
253 253
253 254
253 252
253 253
525 525
525 525
192 191
505 191
191 191
191 192
191 505
191 191
486 485
485 485
485 486
485 485
526 526
526 526
527 527
527 527
47 46
46 46
46 47
46 46
153 172
155 172
319 172
464 172
172 172
172 153
172 155
172 319
172 464
172 172
266 265
265 265
265 266
265 265
528 528
528 528
529 529
529 529
55 471
471 471
471 55
471 471
530 530
530 530
217 216
120 216
393 216
132 216
121 216
146 216
216 216
216 217
216 120
216 393
216 132
216 121
216 146
216 216
531 531
531 531
123 122
121 122
122 122
122 123
122 121
122 122
532 532
532 532
533 533
533 533
534 534
534 534
535 535
535 535
536 536
536 536
537 537
537 537
313 312
312 312
312 313
312 312
538 538
538 538
539 539
539 539
220 223
223 223
223 220
223 223
540 540
540 540
541 541
541 541
99 98
177 98
98 98
98 99
98 177
98 98
161 160
160 160
160 161
160 160
