0 633
1 1862
2 0
3 2
4 652
5 654
6 1
7 332
8 1454
9 1666
10 3
11 1016
12 1256
13 1761
14 4
15 1629
16 1659
17 5
18 373
19 1042
20 1416
21 1602
22 6
23 208
24 7
25 269
26 281
27 8
28 723
29 9
30 476
31 10
32 1655
33 1839
34 11
35 1001
36 1318
37 12
38 1701
39 1810
40 13
41 158
42 14
43 1090
44 1093
45 1271
46 15
47 970
48 1632
49 16
50 24
51 927
52 1315
53 1316
54 17
55 139
56 1560
57 1786
58 18
59 19
60 1072
61 20
62 1043
63 21
64 39
65 1234
66 1702
67 1703
68 22
69 23
70 201
71 598
72 1636
73 1301
74 1344
75 25
76 99
77 122
78 123
79 26
80 606
81 27
82 1687
83 28
84 963
85 29
86 697
87 738
88 1358
89 30
90 1594
91 31
92 279
93 518
94 1850
95 32
96 286
97 588
98 698
99 911
100 1051
101 33
102 34
103 895
104 1296
105 35
106 1146
107 1505
108 1552
109 1640
110 1781
111 36
112 60
113 1190
114 37
115 429
116 862
117 863
118 1160
119 38
120 1349
121 1522
122 1532
123 1634
124 507
125 866
126 1364
127 40
128 175
129 596
130 644
131 41
132 87
133 1372
134 42
135 152
136 1530
137 1653
138 43
139 1582
140 44
141 733
142 1219
143 45
144 1604
145 46
146 163
147 1579
148 47
149 714
150 1031
151 1662
152 48
153 49
154 1441
155 50
156 457
157 710
158 1392
159 51
160 1139
161 1467
162 52
163 1103
164 1739
165 53
166 401
167 767
168 54
169 210
170 323
171 651
172 771
173 787
174 815
175 1079
176 1156
177 55
178 412
179 447
180 1616
181 1849
182 56
183 57
184 1715
185 58
186 105
187 580
188 609
189 615
190 1067
191 1287
192 1627
193 1725
194 59
195 1527
196 1080
197 1309
198 61
199 485
200 62
201 1322
202 63
203 1209
204 1737
205 64
206 239
207 543
208 619
209 1293
210 1628
211 65
212 66
213 282
214 540
215 67
216 391
217 68
218 604
219 1013
220 1351
221 69
222 441
223 70
224 206
225 71
226 72
227 449
228 558
229 797
230 876
231 1035
232 1136
233 1189
234 1214
235 1723
236 1745
237 1751
238 73
239 544
240 586
241 1118
242 1517
243 74
244 84
245 583
246 75
247 88
248 76
249 659
250 1803
251 77
252 1329
253 1418
254 78
255 603
256 79
257 257
258 1117
259 80
260 347
261 423
262 527
263 81
264 1138
265 82
266 1520
267 83
268 284
269 1065
270 85
271 1336
272 86
273 842
274 130
275 162
276 300
277 415
278 498
279 696
280 737
281 743
282 841
283 851
284 1174
285 1288
286 1394
287 1494
288 1658
289 1677
290 1713
291 1732
292 1741
293 1847
294 1882
295 258
296 884
297 1087
298 1094
299 1157
300 1401
301 1585
302 89
303 155
304 156
305 817
306 90
307 330
308 1046
309 91
310 898
311 1836
312 92
313 550
314 950
315 1495
316 93
317 195
318 675
319 934
320 1649
321 94
322 334
323 456
324 693
325 734
326 736
327 861
328 1303
329 1535
330 1580
331 1838
332 95
333 96
334 661
335 1353
336 97
337 1521
338 98
339 100
340 1589
341 101
342 109
343 1251
344 1448
345 1561
346 1623
347 1871
348 1878
349 102
350 306
351 484
352 608
353 1775
354 1790
355 103
356 864
357 104
358 1721
359 106
360 541
361 971
362 1113
363 1650
364 107
365 1647
366 108
367 124
368 133
369 153
370 176
371 236
372 289
373 318
374 426
375 459
376 519
377 563
378 610
379 1045
380 1337
381 1346
382 1624
383 1661
384 1769
385 1772
386 1779
387 1785
388 1787
389 1789
390 1805
391 567
392 1161
393 1262
394 1599
395 110
396 758
397 1169
398 1762
399 111
400 487
401 112
402 747
403 1884
404 113
405 114
406 973
407 115
408 1076
409 1501
410 116
411 259
412 117
413 255
414 388
415 446
416 454
417 554
418 581
419 1029
420 1343
421 1507
422 1538
423 1690
424 1851
425 118
426 379
427 646
428 1537
429 1549
430 119
431 483
432 514
433 816
434 1842
435 120
436 589
437 802
438 980
439 1158
440 121
441 1367
442 1622
443 458
444 125
445 1551
446 126
447 127
448 233
449 370
450 392
451 128
452 701
453 129
454 834
455 131
456 479
457 904
458 1022
459 132
460 399
461 452
462 1670
463 1777
464 1784
465 406
466 134
467 137
468 135
469 831
470 136
471 1776
472 138
473 660
474 910
475 1780
476 582
477 623
478 140
479 740
480 1002
481 141
482 525
483 142
484 316
485 143
486 145
487 213
488 1593
489 144
490 537
491 1165
492 897
493 1468
494 146
495 1519
496 147
497 378
498 381
499 602
500 148
501 149
502 310
503 914
504 150
505 151
506 326
507 364
508 819
509 1238
510 1339
511 1444
512 1568
513 1752
514 1753
515 1754
516 154
517 1689
518 1736
519 1763
520 1870
521 157
522 180
523 159
524 277
525 553
526 745
527 160
528 161
529 1268
530 1667
531 211
532 164
533 1473
534 165
535 271
536 166
537 168
538 1056
539 167
540 169
541 170
542 775
543 790
544 1548
545 171
546 240
547 512
548 756
549 1692
550 172
551 687
552 1033
553 1586
554 173
555 629
556 1742
557 174
558 955
559 231
560 726
561 1639
562 177
563 833
564 178
565 197
566 179
567 791
568 1020
569 1807
570 1359
571 1464
572 1683
573 181
574 183
575 997
576 182
577 1837
578 520
579 184
580 297
581 185
582 1228
583 1319
584 1536
585 1672
586 186
587 1208
588 187
589 1727
590 188
591 564
592 1509
593 189
594 491
595 190
596 382
597 1791
598 191
599 192
600 193
601 473
602 1050
603 1451
604 194
605 442
606 196
607 1255
608 198
609 420
610 1869
611 199
612 1439
613 200
614 570
615 353
616 1173
617 1250
618 1345
619 202
620 854
621 857
622 1115
623 203
624 204
625 205
626 207
627 209
628 1614
629 1626
630 1671
631 356
632 1290
633 212
634 214
635 215
636 1542
637 216
638 243
639 217
640 482
641 781
642 792
643 1348
644 1382
645 218
646 1413
647 219
648 376
649 913
650 220
651 221
652 821
653 222
654 744
655 1154
656 223
657 224
658 225
659 226
660 534
661 883
662 227
663 322
664 848
665 228
666 1053
667 1405
668 1894
669 229
670 549
671 577
672 1095
673 1217
674 230
675 232
676 387
677 551
678 1868
679 869
680 1864
681 234
682 235
683 1572
684 237
685 1828
686 238
687 887
688 1069
689 1220
690 1274
691 1376
692 1759
693 1472
694 241
695 838
696 1131
697 242
698 565
699 1610
700 244
701 782
702 1162
703 245
704 936
705 246
706 247
707 1264
708 1531
709 248
710 621
711 249
712 250
713 253
714 812
715 1300
716 251
717 711
718 252
719 1211
720 254
721 1266
722 256
723 964
724 1388
725 1153
726 1240
727 365
728 260
729 873
730 1479
731 261
732 262
733 732
734 263
735 472
736 844
737 1826
738 264
739 265
740 578
741 809
742 266
743 670
744 267
745 1740
746 268
747 321
748 418
749 1195
750 1215
751 270
752 638
753 272
754 374
755 846
756 273
757 748
758 749
759 274
760 805
761 275
762 1463
763 1695
764 276
765 1185
766 278
767 304
768 502
769 666
770 280
771 746
772 1000
773 1347
774 1559
775 283
776 285
777 287
778 618
779 288
780 1722
781 328
782 1765
783 290
784 291
785 292
786 293
787 294
788 1176
789 1177
790 295
791 296
792 899
793 607
794 1325
795 298
796 1484
797 299
798 634
799 301
800 350
801 719
802 1253
803 302
804 303
805 1172
806 1857
807 305
808 308
809 329
810 417
811 542
812 573
813 655
814 656
815 958
816 1009
817 1193
818 1245
819 1483
820 1490
821 1584
822 1651
823 1656
824 1705
825 1770
826 1771
827 1782
828 1797
829 1798
830 1799
831 1802
832 1804
833 1856
834 991
835 307
836 383
837 309
838 352
839 875
840 892
841 990
842 1241
843 1272
844 1331
845 1581
846 1815
847 343
848 690
849 1132
850 1865
851 311
852 312
853 313
854 314
855 408
856 315
857 766
858 845
859 920
860 1073
861 1297
862 1821
863 317
864 1205
865 319
866 348
867 1597
868 320
869 1083
870 1450
871 827
872 324
873 1848
874 325
875 928
876 327
877 951
878 331
879 665
880 1694
881 333
882 335
883 336
884 1499
885 337
886 338
887 813
888 339
889 584
890 340
891 613
892 1389
893 1546
894 341
895 1512
896 342
897 389
898 344
899 345
900 999
901 346
902 1643
903 419
904 465
905 349
906 1778
907 351
908 1294
909 354
910 1668
911 355
912 1259
913 657
914 357
915 358
916 1620
917 359
918 1409
919 1824
920 360
921 361
922 362
923 1003
924 363
925 1306
926 1606
927 1756
928 1583
929 366
930 367
931 428
932 996
933 1194
934 1366
935 1545
936 368
937 385
938 369
939 1408
940 1414
941 1415
942 720
943 1354
944 1553
945 371
946 626
947 1710
948 1834
949 372
950 1025
951 413
952 1101
953 375
954 672
955 678
956 1265
957 377
958 477
959 930
960 380
961 1203
962 1704
963 384
964 386
965 704
966 905
967 1077
968 1743
969 1108
970 390
971 493
972 1619
973 1825
974 739
975 393
976 849
977 1063
978 1064
979 394
980 640
981 1147
982 395
983 396
984 879
985 1096
986 397
987 730
988 398
989 1089
990 400
991 776
992 402
993 464
994 806
995 1037
996 1383
997 403
998 1170
999 1476
1000 404
1001 1275
1002 405
1003 505
1004 409
1005 695
1006 1681
1007 1682
1008 407
1009 1841
1010 676
1011 1179
1012 410
1013 1488
1014 1577
1015 411
1016 414
1017 593
1018 818
1019 966
1020 1644
1021 1843
1022 416
1023 421
1024 545
1025 422
1026 436
1027 424
1028 425
1029 1528
1030 427
1031 1257
1032 523
1033 705
1034 794
1035 1493
1036 1618
1037 1669
1038 1889
1039 430
1040 431
1041 1442
1042 432
1043 433
1044 1524
1045 1693
1046 434
1047 486
1048 435
1049 668
1050 878
1051 885
1052 1039
1053 1332
1054 718
1055 437
1056 438
1057 1642
1058 439
1059 725
1060 440
1061 671
1062 1455
1063 627
1064 1010
1065 443
1066 488
1067 515
1068 828
1069 444
1070 909
1071 1434
1072 445
1073 903
1074 448
1075 1280
1076 1569
1077 450
1078 935
1079 451
1080 1258
1081 1806
1082 453
1083 1664
1084 455
1085 667
1086 1201
1087 1122
1088 1276
1089 1555
1090 460
1091 461
1092 1048
1093 462
1094 463
1095 1758
1096 896
1097 1403
1098 1305
1099 1738
1100 466
1101 1708
1102 467
1103 647
1104 1311
1105 1313
1106 468
1107 620
1108 469
1109 1097
1110 470
1111 471
1112 559
1113 1182
1114 1183
1115 1575
1116 1181
1117 474
1118 475
1119 1140
1120 1800
1121 478
1122 1880
1123 1426
1124 480
1125 823
1126 481
1127 1812
1128 1814
1129 1699
1130 839
1131 859
1132 1773
1133 489
1134 826
1135 1879
1136 490
1137 688
1138 956
1139 1533
1140 492
1141 1244
1142 494
1143 1327
1144 1328
1145 495
1146 992
1147 496
1148 497
1149 1652
1150 499
1151 500
1152 501
1153 576
1154 503
1155 504
1156 843
1157 1180
1158 1304
1159 1352
1160 506
1161 1363
1162 508
1163 509
1164 1171
1165 510
1166 511
1167 513
1168 1314
1169 1102
1170 516
1171 952
1172 517
1173 1373
1174 836
1175 1574
1176 521
1177 522
1178 949
1179 552
1180 979
1181 524
1182 1540
1183 1007
1184 1216
1185 526
1186 803
1187 528
1188 1417
1189 1419
1190 529
1191 530
1192 531
1193 1863
1194 532
1195 533
1196 933
1197 535
1198 536
1199 1698
1200 1286
1201 538
1202 539
1203 1360
1204 984
1205 1608
1206 546
1207 547
1208 1523
1209 548
1210 1497
1211 1127
1212 685
1213 555
1214 556
1215 557
1216 1706
1217 774
1218 560
1219 561
1220 1735
1221 562
1222 1038
1223 1361
1224 1398
1225 566
1226 631
1227 760
1228 1513
1229 1116
1230 1223
1231 568
1232 569
1233 1570
1234 571
1235 572
1236 643
1237 574
1238 575
1239 870
1240 906
1241 1129
1242 1518
1243 1105
1244 994
1245 1134
1246 1808
1247 579
1248 1792
1249 585
1250 1218
1251 1224
1252 1032
1253 587
1254 590
1255 642
1256 1017
1257 1078
1258 1423
1259 591
1260 592
1261 1474
1262 663
1263 594
1264 595
1265 1104
1266 597
1267 637
1268 968
1269 1100
1270 1107
1271 1299
1272 1573
1273 1823
1274 1875
1275 599
1276 600
1277 601
1278 716
1279 795
1280 1248
1281 1873
1282 605
1283 1213
1284 1041
1285 611
1286 612
1287 888
1288 1475
1289 614
1290 616
1291 617
1292 938
1293 923
1294 886
1295 622
1296 1232
1297 624
1298 1024
1299 625
1300 1764
1301 628
1302 630
1303 1430
1304 632
1305 1866
1306 635
1307 636
1308 1641
1309 783
1310 808
1311 893
1312 924
1313 900
1314 639
1315 765
1316 894
1317 1598
1318 641
1319 1167
1320 728
1321 891
1322 1267
1323 1895
1324 645
1325 648
1326 1457
1327 649
1328 1486
1329 1557
1330 1685
1331 650
1332 1231
1333 653
1334 867
1335 871
1336 1229
1337 1254
1338 1729
1339 658
1340 807
1341 830
1342 1028
1343 1881
1344 1883
1345 1885
1346 932
1347 662
1348 664
1349 729
1350 1086
1351 1124
1352 669
1353 673
1354 674
1355 954
1356 677
1357 1395
1358 679
1359 680
1360 1445
1361 1446
1362 681
1363 682
1364 683
1365 1282
1366 684
1367 686
1368 1292
1369 1317
1370 689
1371 691
1372 692
1373 763
1374 1478
1375 694
1376 948
1377 1012
1378 1015
1379 699
1380 1691
1381 700
1382 735
1383 777
1384 779
1385 822
1386 993
1387 1368
1388 1637
1389 702
1390 801
1391 703
1392 969
1393 1412
1394 706
1395 707
1396 708
1397 709
1398 1285
1399 850
1400 712
1401 1044
1402 713
1403 1385
1404 715
1405 717
1406 1034
1407 721
1408 1273
1409 1567
1410 1874
1411 722
1412 724
1413 1137
1414 1386
1415 727
1416 1070
1417 1159
1418 1221
1419 901
1420 1279
1421 731
1422 759
1423 1062
1424 1192
1425 1817
1426 1818
1427 751
1428 1006
1429 1237
1430 1543
1431 1631
1432 1269
1433 1630
1434 1011
1435 1088
1436 741
1437 742
1438 1239
1439 1145
1440 1374
1441 1550
1442 1617
1443 1333
1444 750
1445 1204
1446 957
1447 752
1448 753
1449 754
1450 1277
1451 755
1452 1469
1453 1284
1454 757
1455 985
1456 1443
1457 761
1458 762
1459 1635
1460 796
1461 1612
1462 764
1463 1566
1464 1724
1465 768
1466 769
1467 770
1468 908
1469 772
1470 773
1471 1370
1472 778
1473 1592
1474 780
1475 1061
1476 1143
1477 960
1478 784
1479 785
1480 947
1481 786
1482 788
1483 789
1484 1558
1485 793
1486 1590
1487 1645
1488 800
1489 1833
1490 1381
1491 1793
1492 1794
1493 1795
1494 798
1495 961
1496 799
1497 820
1498 889
1499 1470
1500 1307
1501 804
1502 1226
1503 1068
1504 810
1505 855
1506 811
1507 814
1508 1831
1509 824
1510 825
1511 1816
1512 829
1513 1638
1514 1733
1515 832
1516 1130
1517 1678
1518 1121
1519 1654
1520 835
1521 1422
1522 837
1523 868
1524 965
1525 840
1526 847
1527 852
1528 853
1529 1390
1530 856
1531 1246
1532 858
1533 1030
1534 1199
1535 1427
1536 860
1537 1397
1538 865
1539 1049
1540 1252
1541 988
1542 1341
1543 1526
1544 1844
1545 1440
1546 1119
1547 1340
1548 872
1549 874
1550 877
1551 880
1552 1155
1553 881
1554 882
1555 1400
1556 1556
1557 1830
1558 1832
1559 890
1560 1674
1561 1845
1562 1187
1563 1152
1564 1410
1565 1835
1566 1055
1567 1858
1568 902
1569 1312
1570 907
1571 1534
1572 912
1573 915
1574 1026
1575 916
1576 917
1577 1098
1578 918
1579 919
1580 1893
1581 921
1582 1406
1583 922
1584 1222
1585 925
1586 926
1587 1326
1588 929
1589 1433
1590 931
1591 937
1592 939
1593 1829
1594 940
1595 941
1596 942
1597 1196
1598 943
1599 944
1600 945
1601 946
1602 953
1603 1112
1604 1482
1605 1757
1606 959
1607 1728
1608 1665
1609 1809
1610 962
1611 1141
1612 967
1613 1603
1614 972
1615 1142
1616 1496
1617 974
1618 975
1619 998
1620 1431
1621 976
1622 1281
1623 977
1624 978
1625 1503
1626 981
1627 1091
1628 1458
1629 982
1630 983
1631 1149
1632 986
1633 1175
1634 987
1635 989
1636 1054
1637 995
1638 1135
1639 1489
1640 1004
1641 1541
1642 1005
1643 1302
1644 1008
1645 1120
1646 1625
1647 1675
1648 1840
1649 1846
1650 1014
1651 1425
1652 1452
1653 1481
1654 1788
1655 1018
1656 1019
1657 1021
1658 1168
1659 1023
1660 1027
1661 1801
1662 1036
1663 1040
1664 1243
1665 1466
1666 1047
1667 1125
1668 1198
1669 1571
1670 1510
1671 1588
1672 1432
1673 1081
1674 1230
1675 1320
1676 1342
1677 1380
1678 1052
1679 1099
1680 1605
1681 1057
1682 1058
1683 1600
1684 1059
1685 1060
1686 1066
1687 1071
1688 1676
1689 1074
1690 1075
1691 1082
1692 1084
1693 1421
1694 1085
1695 1106
1696 1092
1697 1369
1698 1633
1699 1477
1700 1607
1701 1242
1702 1207
1703 1123
1704 1480
1705 1718
1706 1748
1707 1760
1708 1886
1709 1887
1710 1888
1711 1109
1712 1110
1713 1111
1714 1717
1715 1114
1716 1529
1717 1235
1718 1462
1719 1663
1720 1697
1721 1126
1722 1128
1723 1133
1724 1500
1725 1144
1726 1506
1727 1747
1728 1148
1729 1150
1730 1151
1731 1714
1732 1402
1733 1163
1734 1164
1735 1166
1736 1719
1737 1720
1738 1731
1739 1734
1740 1295
1741 1355
1742 1855
1743 1178
1744 1184
1745 1460
1746 1186
1747 1188
1748 1387
1749 1191
1750 1621
1751 1197
1752 1716
1753 1502
1754 1200
1755 1428
1756 1202
1757 1330
1758 1206
1759 1648
1760 1210
1761 1212
1762 1291
1763 1525
1764 1587
1765 1660
1766 1225
1767 1227
1768 1308
1769 1384
1770 1749
1771 1233
1772 1236
1773 1679
1774 1247
1775 1249
1776 1260
1777 1261
1778 1407
1779 1263
1780 1270
1781 1278
1782 1746
1783 1283
1784 1289
1785 1298
1786 1338
1787 1310
1788 1491
1789 1321
1790 1323
1791 1324
1792 1576
1793 1334
1794 1335
1795 1350
1796 1362
1797 1613
1798 1356
1799 1357
1800 1471
1801 1492
1802 1516
1803 1562
1804 1565
1805 1646
1806 1709
1807 1711
1808 1712
1809 1726
1810 1730
1811 1744
1812 1750
1813 1755
1814 1766
1815 1365
1816 1393
1817 1371
1818 1375
1819 1377
1820 1544
1821 1378
1822 1379
1823 1391
1824 1399
1825 1396
1826 1404
1827 1508
1828 1827
1829 1411
1830 1420
1831 1813
1832 1424
1833 1429
1834 1435
1835 1436
1836 1688
1837 1437
1838 1438
1839 1700
1840 1707
1841 1447
1842 1449
1843 1453
1844 1456
1845 1459
1846 1461
1847 1611
1848 1465
1849 1498
1850 1485
1851 1487
1852 1504
1853 1511
1854 1514
1855 1515
1856 1539
1857 1547
1858 1657
1859 1554
1860 1563
1861 1564
1862 1578
1863 1892
1864 1819
1865 1591
1866 1595
1867 1596
1868 1601
1869 1609
1870 1615
1871 1767
1872 1768
1873 1774
1874 1783
1875 1673
1876 1680
1877 1684
1878 1686
1879 1696
1880 1820
1881 1852
1882 1853
1883 1854
1884 1859
1885 1860
1886 1861
1887 1867
1888 1872
1889 1876
1890 1877
1891 1796
1892 1811
1893 1822
1894 1890
1895 1891
