0 0
1 2
2 1
3 3
4 4
5 5
6 6
7 208
8 7
9 269
10 8
11 9
12 10
13 11
14 12
15 13
16 158
17 14
18 15
19 16
20 24
21 17
22 139
23 18
24 19
25 20
26 21
27 39
28 22
29 23
30 201
31 25
32 99
33 122
34 123
35 26
36 27
37 28
38 29
39 30
40 31
41 32
42 33
43 34
44 35
45 36
46 60
47 37
48 38
49 40
50 175
51 41
52 87
53 42
54 152
55 43
56 44
57 45
58 46
59 163
60 47
61 48
62 49
63 50
64 51
65 52
66 53
67 54
68 210
69 55
70 56
71 57
72 58
73 105
74 59
75 61
76 62
77 63
78 64
79 239
80 65
81 66
82 67
83 68
84 69
85 70
86 206
87 71
88 72
89 73
90 74
91 84
92 75
93 88
94 76
95 77
96 78
97 79
98 257
99 80
100 81
101 82
102 83
103 85
104 86
105 130
106 162
107 258
108 89
109 155
110 156
111 90
112 91
113 92
114 93
115 195
116 94
117 95
118 96
119 97
120 98
121 100
122 101
123 109
124 102
125 103
126 104
127 106
128 107
129 108
130 124
131 133
132 153
133 176
134 236
135 110
136 111
137 112
138 113
139 114
140 115
141 116
142 259
143 117
144 255
145 118
146 119
147 120
148 121
149 125
150 126
151 127
152 233
153 128
154 129
155 131
156 132
157 134
158 137
159 135
160 136
161 138
162 140
163 141
164 142
165 143
166 145
167 213
168 144
169 146
170 147
171 148
172 149
173 150
174 151
175 154
176 157
177 180
178 159
179 160
180 161
181 211
182 164
183 165
184 166
185 168
186 167
187 169
188 170
189 171
190 240
191 172
192 173
193 174
194 231
195 177
196 178
197 197
198 179
199 181
200 183
201 182
202 184
203 185
204 186
205 187
206 188
207 189
208 190
209 191
210 192
211 193
212 194
213 196
214 198
215 199
216 200
217 202
218 203
219 204
220 205
221 207
222 209
223 212
224 214
225 215
226 216
227 243
228 217
229 218
230 219
231 220
232 221
233 222
234 223
235 224
236 225
237 226
238 227
239 228
240 229
241 230
242 232
243 234
244 235
245 237
246 238
247 241
248 242
249 244
250 245
251 246
252 247
253 248
254 249
255 250
256 253
257 251
258 252
259 254
260 256
261 260
262 261
263 262
264 263
265 264
266 265
267 266
268 267
269 268
270 270
