0 0
2 1
1 2
332 3
3 4
4 5
5 6
373 7
6 8
208 9
7 10
269 11
281 12
8 13
9 14
476 15
10 16
11 17
12 18
13 19
158 20
14 21
15 22
16 23
24 24
17 25
139 26
18 27
19 28
20 29
21 30
39 31
22 32
23 33
201 34
25 35
99 36
122 37
123 38
26 39
27 40
28 41
29 42
30 43
31 44
279 45
518 46
32 47
286 48
33 49
34 50
35 51
36 52
60 53
37 54
429 55
38 56
507 57
40 58
175 59
41 60
87 61
42 62
152 63
43 64
44 65
45 66
46 67
163 68
47 69
48 70
49 71
50 72
457 73
51 74
52 75
53 76
401 77
54 78
210 79
323 80
55 81
412 82
447 83
56 84
57 85
58 86
105 87
59 88
61 89
485 90
62 91
63 92
64 93
239 94
65 95
66 96
282 97
540 98
67 99
391 100
68 101
69 102
441 103
70 104
206 105
71 106
72 107
449 108
73 109
74 110
84 111
75 112
88 113
76 114
77 115
78 116
79 117
257 118
80 119
347 120
423 121
527 122
81 123
82 124
83 125
284 126
85 127
86 128
130 129
162 130
300 131
415 132
498 133
258 134
89 135
155 136
156 137
90 138
330 139
91 140
92 141
93 142
195 143
94 144
334 145
456 146
95 147
96 148
97 149
98 150
100 151
101 152
109 153
102 154
306 155
484 156
103 157
104 158
106 159
541 160
107 161
108 162
124 163
133 164
153 165
176 166
236 167
289 168
318 169
426 170
459 171
519 172
110 173
111 174
487 175
112 176
113 177
114 178
115 179
116 180
259 181
117 182
255 183
388 184
446 185
454 186
118 187
379 188
119 189
483 190
514 191
120 192
121 193
458 194
125 195
126 196
127 197
233 198
370 199
392 200
128 201
129 202
131 203
479 204
132 205
399 206
452 207
406 208
134 209
137 210
135 211
136 212
138 213
140 214
141 215
525 216
142 217
316 218
143 219
145 220
213 221
144 222
537 223
146 224
147 225
378 226
381 227
148 228
149 229
310 230
150 231
151 232
326 233
364 234
154 235
157 236
180 237
159 238
277 239
160 240
161 241
211 242
164 243
165 244
271 245
166 246
168 247
167 248
169 249
170 250
171 251
240 252
512 253
172 254
173 255
174 256
231 257
177 258
178 259
197 260
179 261
181 262
183 263
182 264
520 265
184 266
297 267
185 268
186 269
187 270
188 271
189 272
491 273
190 274
382 275
191 276
192 277
193 278
473 279
194 280
442 281
196 282
198 283
420 284
199 285
200 286
353 287
202 288
203 289
204 290
205 291
207 292
209 293
356 294
212 295
214 296
215 297
216 298
243 299
217 300
482 301
218 302
219 303
376 304
220 305
221 306
222 307
223 308
224 309
225 310
226 311
534 312
227 313
322 314
228 315
229 316
230 317
232 318
387 319
234 320
235 321
237 322
238 323
241 324
242 325
244 326
245 327
246 328
247 329
248 330
249 331
250 332
253 333
251 334
252 335
254 336
256 337
365 338
260 339
261 340
262 341
263 342
472 343
264 344
265 345
266 346
267 347
268 348
321 349
418 350
270 351
272 352
374 353
273 354
274 355
275 356
276 357
278 358
304 359
502 360
280 361
283 362
285 363
287 364
288 365
328 366
290 367
291 368
292 369
293 370
294 371
295 372
296 373
298 374
299 375
301 376
350 377
302 378
303 379
305 380
308 381
329 382
417 383
307 384
383 385
309 386
352 387
343 388
311 389
312 390
313 391
314 392
408 393
315 394
317 395
319 396
348 397
320 398
324 399
325 400
327 401
331 402
333 403
335 404
336 405
337 406
338 407
339 408
340 409
341 410
342 411
389 412
344 413
345 414
346 415
419 416
465 417
349 418
351 419
354 420
355 421
357 422
358 423
359 424
360 425
361 426
362 427
363 428
366 429
367 430
428 431
368 432
385 433
369 434
371 435
372 436
413 437
375 438
377 439
477 440
380 441
384 442
386 443
390 444
493 445
393 446
394 447
395 448
396 449
397 450
398 451
400 452
402 453
464 454
403 455
404 456
405 457
505 458
409 459
407 460
410 461
411 462
414 463
416 464
421 465
422 466
436 467
424 468
425 469
427 470
523 471
430 472
431 473
432 474
433 475
434 476
486 477
435 478
437 479
438 480
439 481
440 482
443 483
488 484
515 485
444 486
445 487
448 488
450 489
451 490
453 491
455 492
460 493
461 494
462 495
463 496
466 497
467 498
468 499
469 500
470 501
471 502
474 503
475 504
478 505
480 506
481 507
489 508
490 509
492 510
494 511
495 512
496 513
497 514
499 515
500 516
501 517
503 518
504 519
506 520
508 521
509 522
510 523
511 524
513 525
516 526
517 527
521 528
522 529
524 530
526 531
528 532
529 533
530 534
531 535
532 536
533 537
535 538
536 539
538 540
539 541
