0 0
2 1
1 2
3 3
4 4
5 5
6 6
208 7
7 8
269 9
8 10
9 11
10 12
11 13
12 14
13 15
158 16
14 17
15 18
16 19
24 20
17 21
139 22
18 23
19 24
20 25
21 26
39 27
22 28
23 29
201 30
25 31
99 32
122 33
123 34
26 35
27 36
28 37
29 38
30 39
31 40
32 41
33 42
34 43
35 44
36 45
60 46
37 47
38 48
40 49
175 50
41 51
87 52
42 53
152 54
43 55
44 56
45 57
46 58
163 59
47 60
48 61
49 62
50 63
51 64
52 65
53 66
54 67
210 68
55 69
56 70
57 71
58 72
105 73
59 74
61 75
62 76
63 77
64 78
239 79
65 80
66 81
67 82
68 83
69 84
70 85
206 86
71 87
72 88
73 89
74 90
84 91
75 92
88 93
76 94
77 95
78 96
79 97
257 98
80 99
81 100
82 101
83 102
85 103
86 104
130 105
162 106
258 107
89 108
155 109
156 110
90 111
91 112
92 113
93 114
195 115
94 116
95 117
96 118
97 119
98 120
100 121
101 122
109 123
102 124
103 125
104 126
106 127
107 128
108 129
124 130
133 131
153 132
176 133
236 134
110 135
111 136
112 137
113 138
114 139
115 140
116 141
259 142
117 143
255 144
118 145
119 146
120 147
121 148
125 149
126 150
127 151
233 152
128 153
129 154
131 155
132 156
134 157
137 158
135 159
136 160
138 161
140 162
141 163
142 164
143 165
145 166
213 167
144 168
146 169
147 170
148 171
149 172
150 173
151 174
154 175
157 176
180 177
159 178
160 179
161 180
211 181
164 182
165 183
166 184
168 185
167 186
169 187
170 188
171 189
240 190
172 191
173 192
174 193
231 194
177 195
178 196
197 197
179 198
181 199
183 200
182 201
184 202
185 203
186 204
187 205
188 206
189 207
190 208
191 209
192 210
193 211
194 212
196 213
198 214
199 215
200 216
202 217
203 218
204 219
205 220
207 221
209 222
212 223
214 224
215 225
216 226
243 227
217 228
218 229
219 230
220 231
221 232
222 233
223 234
224 235
225 236
226 237
227 238
228 239
229 240
230 241
232 242
234 243
235 244
237 245
238 246
241 247
242 248
244 249
245 250
246 251
247 252
248 253
249 254
250 255
253 256
251 257
252 258
254 259
256 260
260 261
261 262
262 263
263 264
264 265
265 266
266 267
267 268
268 269
270 270
