259 2193
1580 2193
2193 2193
2193 259
2193 1580
2193 2193
259 2194
915 2194
2194 2194
2194 259
2194 915
2194 2194
255 2195
256 2195
1110 2195
2073 2195
2195 2195
2195 255
2195 256
2195 1110
2195 2073
2195 2195
1106 2197
1105 2197
1798 2197
2196 2197
2197 2197
2197 1106
2197 1105
2197 1798
2197 2196
2197 2197
1948 2198
1947 2198
2198 2198
2198 1948
2198 1947
2198 2198
115 2199
1151 2199
1947 2199
2199 2199
2199 115
2199 1151
2199 1947
2199 2199
115 2200
1948 2200
1947 2200
2200 2200
2200 115
2200 1948
2200 1947
2200 2200
916 2202
1324 2202
2201 2202
2202 2202
2202 916
2202 1324
2202 2201
2202 2202
1486 2203
2203 2203
2203 1486
2203 2203
281 2204
1506 2204
1649 2204
2204 2204
2204 281
2204 1506
2204 1649
2204 2204
275 2205
274 2205
2205 2205
2205 275
2205 274
2205 2205
213 2206
2206 2206
2206 213
2206 2206
1085 2208
119 2208
1395 2208
2207 2208
2208 2208
2208 1085
2208 119
2208 1395
2208 2207
2208 2208
120 2209
792 2209
119 2209
2209 2209
2209 120
2209 792
2209 119
2209 2209
120 2210
841 2210
2207 2210
2210 2210
2210 120
2210 841
2210 2207
2210 2210
120 2211
118 2211
1729 2211
2207 2211
2211 2211
2211 120
2211 118
2211 1729
2211 2207
2211 2211
792 2207
118 2207
1085 2207
1729 2207
2208 2207
2210 2207
2211 2207
2207 2207
2207 792
2207 118
2207 1085
2207 1729
2207 2208
2207 2210
2207 2211
2207 2207
260 2212
98 2212
428 2212
2021 2212
2162 2212
2212 2212
2212 260
2212 98
2212 428
2212 2021
2212 2162
2212 2212
1414 2213
1459 2213
2213 2213
2213 1414
2213 1459
2213 2213
867 2214
152 2214
1837 2214
2214 2214
2214 867
2214 152
2214 1837
2214 2214
1311 2216
302 2216
1063 2216
2215 2216
2216 2216
2216 1311
2216 302
2216 1063
2216 2215
2216 2216
871 2215
1311 2215
1063 2215
1710 2215
2216 2215
2215 2215
2215 871
2215 1311
2215 1063
2215 1710
2215 2216
2215 2215
193 2219
212 2219
2217 2219
2218 2219
2219 2219
2219 193
2219 212
2219 2217
2219 2218
2219 2219
193 2220
191 2220
212 2220
2217 2220
2220 2220
2220 193
2220 191
2220 212
2220 2217
2220 2220
193 2217
191 2217
212 2217
192 2217
2219 2217
2220 2217
2218 2217
2221 2217
2217 2217
2217 193
2217 191
2217 212
2217 192
2217 2219
2217 2220
2217 2221
2217 2218
2217 2217
193 2218
212 2218
192 2218
2219 2218
2217 2218
2218 2218
2218 193
2218 212
2218 192
2218 2219
2218 2217
2218 2218
191 2221
212 2221
2217 2221
2221 2221
2221 191
2221 212
2221 2217
2221 2221
577 2223
626 2223
1113 2223
1398 2223
1633 2223
2222 2223
2223 2223
2223 577
2223 626
2223 1113
2223 1398
2223 1633
2223 2222
2223 2223
576 2222
1400 2222
1490 2222
2223 2222
2222 2222
2222 576
2222 1400
2222 1490
2222 2223
2222 2222
577 2224
990 2224
576 2224
2224 2224
2224 577
2224 990
2224 576
2224 2224
491 2226
62 2226
1003 2226
2225 2226
2226 2226
2226 491
2226 62
2226 1003
2226 2225
2226 2226
2070 2228
2227 2228
2228 2228
2228 2070
2228 2227
2228 2228
665 2229
1381 2229
2070 2229
2229 2229
2229 665
2229 1381
2229 2070
2229 2229
1015 2231
2070 2231
2230 2231
2231 2231
2231 1015
2231 2070
2231 2230
2231 2231
1519 2232
2232 2232
2232 1519
2232 2232
998 2233
783 2233
1950 2233
2233 2233
2233 998
2233 783
2233 1950
2233 2233
389 2235
594 2235
1966 2235
2234 2235
2235 2235
2235 389
2235 594
2235 1966
2235 2234
2235 2235
563 2234
2235 2234
2236 2234
2234 2234
2234 563
2234 2235
2234 2236
2234 2234
51 2236
389 2236
104 2236
822 2236
1083 2236
1703 2236
1702 2236
1966 2236
2234 2236
2237 2236
2238 2236
2236 2236
2236 51
2236 389
2236 104
2236 822
2236 1083
2236 1703
2236 1702
2236 1966
2236 2234
2236 2237
2236 2238
2236 2236
2236 2237
2237 2237
2237 2236
2237 2237
104 2238
65 2238
234 2238
1444 2238
1534 2238
2236 2238
2238 2238
2238 104
2238 65
2238 234
2238 1444
2238 1534
2238 2236
2238 2238
890 2201
1322 2201
1504 2201
1952 2201
2202 2201
2239 2201
2201 2201
2201 890
2201 1322
2201 1504
2201 1952
2201 2202
2201 2239
2201 2201
2201 2239
2239 2239
2239 2201
2239 2239
986 2243
1504 2243
2240 2243
2241 2243
2242 2243
2243 2243
2243 986
2243 1504
2243 2240
2243 2241
2243 2242
2243 2243
18 2240
2243 2240
2240 2240
2240 18
2240 2243
2240 2240
2243 2241
2242 2241
2241 2241
2241 2243
2241 2242
2241 2241
1596 2242
2243 2242
2241 2242
2244 2242
2242 2242
2242 1596
2242 2243
2242 2241
2242 2244
2242 2242
18 2244
1241 2244
1047 2244
623 2244
2242 2244
2244 2244
2244 18
2244 1241
2244 1047
2244 623
2244 2242
2244 2244
674 2246
722 2246
1175 2246
1182 2246
723 2246
1291 2246
1261 2246
209 2246
464 2246
799 2246
1371 2246
1461 2246
1545 2246
2245 2246
2246 2246
2246 674
2246 722
2246 1175
2246 1182
2246 723
2246 1291
2246 1261
2246 209
2246 464
2246 799
2246 1371
2246 1461
2246 1545
2246 2245
2246 2246
725 2245
799 2245
2129 2245
2246 2245
2245 2245
2245 725
2245 799
2245 2129
2245 2246
2245 2245
606 2247
674 2247
209 2247
1338 2247
2247 2247
2247 606
2247 674
2247 209
2247 1338
2247 2247
335 2249
334 2249
2248 2249
2249 2249
2249 335
2249 334
2249 2248
2249 2249
335 2248
334 2248
2249 2248
2248 2248
2248 335
2248 334
2248 2249
2248 2248
1697 2250
2250 2250
2250 1697
2250 2250
84 2251
2251 2251
2251 84
2251 2251
507 2252
2252 2252
2252 507
2252 2252
269 2253
1876 2253
2253 2253
2253 269
2253 1876
2253 2253
1735 2254
2254 2254
2254 1735
2254 2254
484 2255
2255 2255
2255 484
2255 2255
1421 2258
1437 2258
2256 2258
2257 2258
2258 2258
2258 1421
2258 1437
2258 2256
2258 2257
2258 2258
923 2259
1419 2259
1421 2259
2259 2259
2259 923
2259 1419
2259 1421
2259 2259
815 2260
1477 2260
2260 2260
2260 815
2260 1477
2260 2260
1071 2261
1145 2261
2261 2261
2261 1071
2261 1145
2261 2261
251 2262
1071 2262
2262 2262
2262 251
2262 1071
2262 2262
981 2263
2263 2263
2263 981
2263 2263
934 2264
154 2264
1350 2264
2264 2264
2264 934
2264 154
2264 1350
2264 2264
1397 2267
2265 2267
2266 2267
2267 2267
2267 1397
2267 2265
2267 2266
2267 2267
1397 2265
2267 2265
2265 2265
2265 1397
2265 2267
2265 2265
649 2268
648 2268
107 2268
92 2268
1342 2268
2230 2268
2268 2268
2268 649
2268 648
2268 107
2268 92
2268 1342
2268 2230
2268 2268
46 2270
341 2270
342 2270
1416 2270
1621 2270
1896 2270
2269 2270
2270 2270
2270 46
2270 341
2270 342
2270 1416
2270 1621
2270 1896
2270 2269
2270 2270
46 2269
343 2269
1354 2269
1417 2269
2270 2269
2269 2269
2269 46
2269 343
2269 1354
2269 1417
2269 2270
2269 2269
1442 2271
2271 2271
2271 1442
2271 2271
1442 2272
2272 2272
2272 1442
2272 2272
1442 2273
2273 2273
2273 1442
2273 2273
1375 2274
1442 2274
1531 2274
2274 2274
2274 1375
2274 1442
2274 1531
2274 2274
1308 2275
1442 2275
1954 2275
2275 2275
2275 1308
2275 1442
2275 1954
2275 2275
1176 2276
477 2276
1843 2276
2276 2276
2276 1176
2276 477
2276 1843
2276 2276
255 2277
873 2277
2074 2277
2277 2277
2277 255
2277 873
2277 2074
2277 2277
1088 2278
1362 2278
2278 2278
2278 1088
2278 1362
2278 2278
300 2279
538 2279
2279 2279
2279 300
2279 538
2279 2279
537 2280
585 2280
71 2280
535 2280
536 2280
2280 2280
2280 537
2280 585
2280 71
2280 535
2280 536
2280 2280
536 2281
1841 2281
2281 2281
2281 536
2281 1841
2281 2281
329 2282
536 2282
171 2282
1655 2282
2135 2282
2162 2282
2282 2282
2282 329
2282 536
2282 171
2282 1655
2282 2135
2282 2162
2282 2282
959 2283
536 2283
1387 2283
2283 2283
2283 959
2283 536
2283 1387
2283 2283
1900 2285
2284 2285
2285 2285
2285 1900
2285 2284
2285 2285
836 2284
1258 2284
2285 2284
2286 2284
2284 2284
2284 836
2284 1258
2284 2285
2284 2286
2284 2284
1549 2286
1900 2286
2284 2286
2286 2286
2286 1549
2286 1900
2286 2284
2286 2286
293 2288
876 2288
2287 2288
2288 2288
2288 293
2288 876
2288 2287
2288 2288
308 2287
293 2287
2288 2287
2287 2287
2287 308
2287 293
2287 2288
2287 2287
828 2289
692 2289
364 2289
2289 2289
2289 828
2289 692
2289 364
2289 2289
828 2290
907 2290
1300 2290
2290 2290
2290 828
2290 907
2290 1300
2290 2290
739 2230
872 2230
1092 2230
107 2230
738 2230
1680 2230
2231 2230
2268 2230
2227 2230
2230 2230
2230 739
2230 872
2230 1092
2230 107
2230 738
2230 1680
2230 2231
2230 2268
2230 2227
2230 2230
2228 2227
2230 2227
2227 2227
2227 2228
2227 2230
2227 2227
1217 2291
1538 2291
2151 2291
2291 2291
2291 1217
2291 1538
2291 2151
2291 2291
1239 2292
2151 2292
2292 2292
2292 1239
2292 2151
2292 2292
216 2293
378 2293
1303 2293
1655 2293
2151 2293
2293 2293
2293 216
2293 378
2293 1303
2293 1655
2293 2151
2293 2293
662 2225
965 2225
2226 2225
2225 2225
2225 662
2225 965
2225 2226
2225 2225
1792 2296
2294 2296
2295 2296
2296 2296
2296 1792
2296 2294
2296 2295
2296 2296
2296 2294
2294 2294
2294 2296
2294 2294
1791 2295
2296 2295
2295 2295
2295 1791
2295 2296
2295 2295
1230 2297
2297 2297
2297 1230
2297 2297
107 2298
2003 2298
2298 2298
2298 107
2298 2003
2298 2298
107 2299
1691 2299
2299 2299
2299 107
2299 1691
2299 2299
109 2300
107 2300
2300 2300
2300 109
2300 107
2300 2300
703 2301
858 2301
107 2301
2301 2301
2301 703
2301 858
2301 107
2301 2301
649 2303
838 2303
1342 2303
1814 2303
1848 2303
2302 2303
2303 2303
2303 649
2303 838
2303 1342
2303 1814
2303 1848
2303 2302
2303 2303
838 2302
1342 2302
1814 2302
2303 2302
2302 2302
2302 838
2302 1342
2302 1814
2302 2303
2302 2302
491 2304
146 2304
1750 2304
2304 2304
2304 491
2304 146
2304 1750
2304 2304
398 2305
491 2305
925 2305
2305 2305
2305 398
2305 491
2305 925
2305 2305
128 2306
845 2306
964 2306
1270 2306
47 2306
404 2306
1398 2306
1820 2306
2306 2306
2306 128
2306 845
2306 964
2306 1270
2306 47
2306 404
2306 1398
2306 1820
2306 2306
48 2307
1916 2307
2307 2307
2307 48
2307 1916
2307 2307
2052 2308
2308 2308
2308 2052
2308 2308
151 2309
1120 2309
2309 2309
2309 151
2309 1120
2309 2309
566 2310
1708 2310
2310 2310
2310 566
2310 1708
2310 2310
126 2311
1708 2311
2311 2311
2311 126
2311 1708
2311 2311
56 2312
2312 2312
2312 56
2312 2312
322 2313
2313 2313
2313 322
2313 2313
57 2314
1406 2314
1923 2314
2314 2314
2314 57
2314 1406
2314 1923
2314 2314
1679 2315
1779 2315
2315 2315
2315 1679
2315 1779
2315 2315
781 2316
1679 2316
1680 2316
2316 2316
2316 781
2316 1679
2316 1680
2316 2316
1679 2317
1680 2317
2317 2317
2317 1679
2317 1680
2317 2317
1680 2266
2267 2266
2266 2266
2266 1680
2266 2267
2266 2266
1705 2318
2318 2318
2318 1705
2318 2318
698 2319
1360 2319
2319 2319
2319 698
2319 1360
2319 2319
1059 2320
1343 2320
1741 2320
1740 2320
2320 2320
2320 1059
2320 1343
2320 1741
2320 1740
2320 2320
900 2321
1767 2321
1986 2321
2321 2321
2321 900
2321 1767
2321 1986
2321 2321
811 2322
1242 2322
1772 2322
1993 2322
2322 2322
2322 811
2322 1242
2322 1772
2322 1993
2322 2322
1072 2324
1493 2324
1770 2324
2323 2324
2324 2324
2324 1072
2324 1493
2324 1770
2324 2323
2324 2324
2324 2323
2323 2323
2323 2324
2323 2323
356 2326
764 2326
2098 2326
2144 2326
2196 2326
2325 2326
2326 2326
2326 356
2326 764
2326 2098
2326 2144
2326 2196
2326 2325
2326 2326
257 2196
2197 2196
2326 2196
2196 2196
2196 257
2196 2197
2196 2326
2196 2196
2144 2325
2326 2325
2325 2325
2325 2144
2325 2326
2325 2325
1278 2327
1485 2327
1666 2327
2327 2327
2327 1278
2327 1485
2327 1666
2327 2327
13 2328
1277 2328
1589 2328
2328 2328
2328 13
2328 1277
2328 1589
2328 2328
426 2329
1717 2329
2329 2329
2329 426
2329 1717
2329 2329
389 2256
822 2256
1389 2256
1477 2256
1485 2256
1514 2256
1996 2256
2258 2256
2330 2256
2256 2256
2256 389
2256 822
2256 1389
2256 1477
2256 1485
2256 1514
2256 1996
2256 2258
2256 2330
2256 2256
241 2330
1325 2330
1430 2330
2256 2330
2330 2330
2330 241
2330 1325
2330 1430
2330 2256
2330 2330
2258 2257
2257 2257
2257 2258
2257 2257
1556 2331
2331 2331
2331 1556
2331 2331
895 2333
1322 2333
1556 2333
2332 2333
2333 2333
2333 895
2333 1322
2333 1556
2333 2332
2333 2333
1556 2332
2333 2332
2332 2332
2332 1556
2332 2333
2332 2332
1143 2334
2334 2334
2334 1143
2334 2334
709 2335
2335 2335
2335 709
2335 2335
69 2337
2336 2337
2337 2337
2337 69
2337 2336
2337 2337
71 2336
149 2336
2337 2336
2336 2336
2336 71
2336 149
2336 2337
2336 2336
1691 2338
2338 2338
2338 1691
2338 2338
1472 2340
1691 2340
2339 2340
2340 2340
2340 1472
2340 1691
2340 2339
2340 2340
253 2341
187 2341
1691 2341
2341 2341
2341 253
2341 187
2341 1691
2341 2341
892 2342
1691 2342
1996 2342
2342 2342
2342 892
2342 1691
2342 1996
2342 2342
597 2339
1460 2339
1472 2339
1471 2339
1691 2339
2340 2339
2339 2339
2339 597
2339 1460
2339 1472
2339 1471
2339 1691
2339 2340
2339 2339
1318 2343
1419 2343
1533 2343
2343 2343
2343 1318
2343 1419
2343 1533
2343 2343
757 2344
518 2344
754 2344
961 2344
756 2344
962 2344
2344 2344
2344 757
2344 518
2344 754
2344 961
2344 756
2344 962
2344 2344
518 2345
756 2345
962 2345
2345 2345
2345 518
2345 756
2345 962
2345 2345
518 2346
961 2346
962 2346
2346 2346
2346 518
2346 961
2346 962
2346 2346
518 2347
2347 2347
2347 518
2347 2347
251 2348
2348 2348
2348 251
2348 2348
