0 633
1 0
2 2
3 652
4 654
5 1
6 332
7 3
8 1016
9 1256
10 4
11 5
12 373
13 1042
14 6
15 208
16 7
17 269
18 281
19 8
20 723
21 9
22 476
23 10
24 11
25 1001
26 1318
27 12
28 13
29 158
30 14
31 1090
32 1093
33 1271
34 15
35 970
36 16
37 24
38 927
39 1315
40 1316
41 17
42 139
43 18
44 19
45 1072
46 20
47 1043
48 21
49 39
50 1234
51 22
52 23
53 201
54 598
55 1301
56 1344
57 25
58 99
59 122
60 123
61 26
62 606
63 27
64 28
65 963
66 29
67 697
68 738
69 30
70 31
71 279
72 518
73 32
74 286
75 588
76 698
77 911
78 1051
79 33
80 34
81 895
82 1296
83 35
84 1146
85 36
86 60
87 1190
88 37
89 429
90 862
91 863
92 1160
93 38
94 1349
95 507
96 866
97 40
98 175
99 596
100 644
101 41
102 87
103 42
104 152
105 43
106 44
107 733
108 1219
109 45
110 46
111 163
112 47
113 714
114 1031
115 48
116 49
117 50
118 457
119 710
120 51
121 1139
122 52
123 1103
124 53
125 401
126 767
127 54
128 210
129 323
130 651
131 771
132 787
133 815
134 1079
135 1156
136 55
137 412
138 447
139 56
140 57
141 58
142 105
143 580
144 609
145 615
146 1067
147 1287
148 59
149 1080
150 1309
151 61
152 485
153 62
154 1322
155 63
156 1209
157 64
158 239
159 543
160 619
161 1293
162 65
163 66
164 282
165 540
166 67
167 391
168 68
169 604
170 1013
171 1351
172 69
173 441
174 70
175 206
176 71
177 72
178 449
179 558
180 797
181 876
182 1035
183 1136
184 1189
185 1214
186 73
187 544
188 586
189 1118
190 74
191 84
192 583
193 75
194 88
195 76
196 659
197 77
198 1329
199 78
200 603
201 79
202 257
203 1117
204 80
205 347
206 423
207 527
208 81
209 1138
210 82
211 83
212 284
213 1065
214 85
215 1336
216 86
217 842
218 130
219 162
220 300
221 415
222 498
223 696
224 737
225 743
226 841
227 851
228 1174
229 1288
230 258
231 884
232 1087
233 1094
234 1157
235 89
236 155
237 156
238 817
239 90
240 330
241 1046
242 91
243 898
244 92
245 550
246 950
247 93
248 195
249 675
250 934
251 94
252 334
253 456
254 693
255 734
256 736
257 861
258 1303
259 95
260 96
261 661
262 1353
263 97
264 98
265 100
266 101
267 109
268 1251
269 102
270 306
271 484
272 608
273 103
274 864
275 104
276 106
277 541
278 971
279 1113
280 107
281 108
282 124
283 133
284 153
285 176
286 236
287 289
288 318
289 426
290 459
291 519
292 563
293 610
294 1045
295 1337
296 1346
297 567
298 1161
299 1262
300 110
301 758
302 1169
303 111
304 487
305 112
306 747
307 113
308 114
309 973
310 115
311 1076
312 116
313 259
314 117
315 255
316 388
317 446
318 454
319 554
320 581
321 1029
322 1343
323 118
324 379
325 646
326 119
327 483
328 514
329 816
330 120
331 589
332 802
333 980
334 1158
335 121
336 458
337 125
338 126
339 127
340 233
341 370
342 392
343 128
344 701
345 129
346 834
347 131
348 479
349 904
350 1022
351 132
352 399
353 452
354 406
355 134
356 137
357 135
358 831
359 136
360 138
361 660
362 910
363 582
364 623
365 140
366 740
367 1002
368 141
369 525
370 142
371 316
372 143
373 145
374 213
375 144
376 537
377 1165
378 897
379 146
380 147
381 378
382 381
383 602
384 148
385 149
386 310
387 914
388 150
389 151
390 326
391 364
392 819
393 1238
394 1339
395 154
396 157
397 180
398 159
399 277
400 553
401 745
402 160
403 161
404 1268
405 211
406 164
407 165
408 271
409 166
410 168
411 1056
412 167
413 169
414 170
415 775
416 790
417 171
418 240
419 512
420 756
421 172
422 687
423 1033
424 173
425 629
426 174
427 955
428 231
429 726
430 177
431 833
432 178
433 197
434 179
435 791
436 1020
437 181
438 183
439 997
440 182
441 520
442 184
443 297
444 185
445 1228
446 1319
447 186
448 1208
449 187
450 188
451 564
452 189
453 491
454 190
455 382
456 191
457 192
458 193
459 473
460 1050
461 194
462 442
463 196
464 1255
465 198
466 420
467 199
468 200
469 570
470 353
471 1173
472 1250
473 1345
474 202
475 854
476 857
477 1115
478 203
479 204
480 205
481 207
482 209
483 356
484 1290
485 212
486 214
487 215
488 216
489 243
490 217
491 482
492 781
493 792
494 1348
495 218
496 219
497 376
498 913
499 220
500 221
501 821
502 222
503 744
504 1154
505 223
506 224
507 225
508 226
509 534
510 883
511 227
512 322
513 848
514 228
515 1053
516 229
517 549
518 577
519 1095
520 1217
521 230
522 232
523 387
524 551
525 869
526 234
527 235
528 237
529 238
530 887
531 1069
532 1220
533 1274
534 241
535 838
536 1131
537 242
538 565
539 244
540 782
541 1162
542 245
543 936
544 246
545 247
546 1264
547 248
548 621
549 249
550 250
551 253
552 812
553 1300
554 251
555 711
556 252
557 1211
558 254
559 1266
560 256
561 964
562 1153
563 1240
564 365
565 260
566 873
567 261
568 262
569 732
570 263
571 472
572 844
573 264
574 265
575 578
576 809
577 266
578 670
579 267
580 268
581 321
582 418
583 1195
584 1215
585 270
586 638
587 272
588 374
589 846
590 273
591 748
592 749
593 274
594 805
595 275
596 276
597 1185
598 278
599 304
600 502
601 666
602 280
603 746
604 1000
605 1347
606 283
607 285
608 287
609 618
610 288
611 328
612 290
613 291
614 292
615 293
616 294
617 1176
618 1177
619 295
620 296
621 899
622 607
623 1325
624 298
625 299
626 634
627 301
628 350
629 719
630 1253
631 302
632 303
633 1172
634 305
635 308
636 329
637 417
638 542
639 573
640 655
641 656
642 958
643 1009
644 1193
645 1245
646 991
647 307
648 383
649 309
650 352
651 875
652 892
653 990
654 1241
655 1272
656 1331
657 343
658 690
659 1132
660 311
661 312
662 313
663 314
664 408
665 315
666 766
667 845
668 920
669 1073
670 1297
671 317
672 1205
673 319
674 348
675 320
676 1083
677 827
678 324
679 325
680 928
681 327
682 951
683 331
684 665
685 333
686 335
687 336
688 337
689 338
690 813
691 339
692 584
693 340
694 613
695 341
696 342
697 389
698 344
699 345
700 999
701 346
702 419
703 465
704 349
705 351
706 1294
707 354
708 355
709 1259
710 657
711 357
712 358
713 359
714 360
715 361
716 362
717 1003
718 363
719 1306
720 366
721 367
722 428
723 996
724 1194
725 368
726 385
727 369
728 720
729 371
730 626
731 372
732 1025
733 413
734 1101
735 375
736 672
737 678
738 1265
739 377
740 477
741 930
742 380
743 1203
744 384
745 386
746 704
747 905
748 1077
749 1108
750 390
751 493
752 739
753 393
754 849
755 1063
756 1064
757 394
758 640
759 1147
760 395
761 396
762 879
763 1096
764 397
765 730
766 398
767 1089
768 400
769 776
770 402
771 464
772 806
773 1037
774 403
775 1170
776 404
777 1275
778 405
779 505
780 409
781 695
782 407
783 676
784 1179
785 410
786 411
787 414
788 593
789 818
790 966
791 416
792 421
793 545
794 422
795 436
796 424
797 425
798 427
799 1257
800 523
801 705
802 794
803 430
804 431
805 432
806 433
807 434
808 486
809 435
810 668
811 878
812 885
813 1039
814 1332
815 718
816 437
817 438
818 439
819 725
820 440
821 671
822 627
823 1010
824 443
825 488
826 515
827 828
828 444
829 909
830 445
831 903
832 448
833 1280
834 450
835 935
836 451
837 1258
838 453
839 455
840 667
841 1201
842 1122
843 1276
844 460
845 461
846 1048
847 462
848 463
849 896
850 1305
851 466
852 467
853 647
854 1311
855 1313
856 468
857 620
858 469
859 1097
860 470
861 471
862 559
863 1182
864 1183
865 1181
866 474
867 475
868 1140
869 478
870 480
871 823
872 481
873 839
874 859
875 489
876 826
877 490
878 688
879 956
880 492
881 1244
882 494
883 1327
884 1328
885 495
886 992
887 496
888 497
889 499
890 500
891 501
892 576
893 503
894 504
895 843
896 1180
897 1304
898 1352
899 506
900 508
901 509
902 1171
903 510
904 511
905 513
906 1314
907 1102
908 516
909 952
910 517
911 836
912 521
913 522
914 949
915 552
916 979
917 524
918 1007
919 1216
920 526
921 803
922 528
923 529
924 530
925 531
926 532
927 533
928 933
929 535
930 536
931 1286
932 538
933 539
934 984
935 546
936 547
937 548
938 1127
939 685
940 555
941 556
942 557
943 774
944 560
945 561
946 562
947 1038
948 566
949 631
950 760
951 1116
952 1223
953 568
954 569
955 571
956 572
957 643
958 574
959 575
960 870
961 906
962 1129
963 1105
964 994
965 1134
966 579
967 585
968 1218
969 1224
970 1032
971 587
972 590
973 642
974 1017
975 1078
976 591
977 592
978 663
979 594
980 595
981 1104
982 597
983 637
984 968
985 1100
986 1107
987 1299
988 599
989 600
990 601
991 716
992 795
993 1248
994 605
995 1213
996 1041
997 611
998 612
999 888
1000 614
1001 616
1002 617
1003 938
1004 923
1005 886
1006 622
1007 1232
1008 624
1009 1024
1010 625
1011 628
1012 630
1013 632
1014 635
1015 636
1016 783
1017 808
1018 893
1019 924
1020 900
1021 639
1022 765
1023 894
1024 641
1025 1167
1026 728
1027 891
1028 1267
1029 645
1030 648
1031 649
1032 650
1033 1231
1034 653
1035 867
1036 871
1037 1229
1038 1254
1039 658
1040 807
1041 830
1042 1028
1043 932
1044 662
1045 664
1046 729
1047 1086
1048 1124
1049 669
1050 673
1051 674
1052 954
1053 677
1054 679
1055 680
1056 681
1057 682
1058 683
1059 1282
1060 684
1061 686
1062 1292
1063 1317
1064 689
1065 691
1066 692
1067 763
1068 694
1069 948
1070 1012
1071 1015
1072 699
1073 700
1074 735
1075 777
1076 779
1077 822
1078 993
1079 702
1080 801
1081 703
1082 969
1083 706
1084 707
1085 708
1086 709
1087 1285
1088 850
1089 712
1090 1044
1091 713
1092 715
1093 717
1094 1034
1095 721
1096 1273
1097 722
1098 724
1099 1137
1100 727
1101 1070
1102 1159
1103 1221
1104 901
1105 1279
1106 731
1107 759
1108 1062
1109 1192
1110 751
1111 1006
1112 1237
1113 1269
1114 1011
1115 1088
1116 741
1117 742
1118 1239
1119 1145
1120 1333
1121 750
1122 1204
1123 957
1124 752
1125 753
1126 754
1127 1277
1128 755
1129 1284
1130 757
1131 985
1132 761
1133 762
1134 796
1135 764
1136 768
1137 769
1138 770
1139 908
1140 772
1141 773
1142 778
1143 780
1144 1061
1145 1143
1146 960
1147 784
1148 785
1149 947
1150 786
1151 788
1152 789
1153 793
1154 800
1155 798
1156 961
1157 799
1158 820
1159 889
1160 1307
1161 804
1162 1226
1163 1068
1164 810
1165 855
1166 811
1167 814
1168 824
1169 825
1170 829
1171 832
1172 1130
1173 1121
1174 835
1175 837
1176 868
1177 965
1178 840
1179 847
1180 852
1181 853
1182 856
1183 1246
1184 858
1185 1030
1186 1199
1187 860
1188 865
1189 1049
1190 1252
1191 988
1192 1341
1193 1119
1194 1340
1195 872
1196 874
1197 877
1198 880
1199 1155
1200 881
1201 882
1202 890
1203 1187
1204 1152
1205 1055
1206 902
1207 1312
1208 907
1209 912
1210 915
1211 1026
1212 916
1213 917
1214 1098
1215 918
1216 919
1217 921
1218 922
1219 1222
1220 925
1221 926
1222 1326
1223 929
1224 931
1225 937
1226 939
1227 940
1228 941
1229 942
1230 1196
1231 943
1232 944
1233 945
1234 946
1235 953
1236 1112
1237 959
1238 962
1239 1141
1240 967
1241 972
1242 1142
1243 974
1244 975
1245 998
1246 976
1247 1281
1248 977
1249 978
1250 981
1251 1091
1252 982
1253 983
1254 1149
1255 986
1256 1175
1257 987
1258 989
1259 1054
1260 995
1261 1135
1262 1004
1263 1005
1264 1302
1265 1008
1266 1120
1267 1014
1268 1018
1269 1019
1270 1021
1271 1168
1272 1023
1273 1027
1274 1036
1275 1040
1276 1243
1277 1047
1278 1125
1279 1198
1280 1081
1281 1230
1282 1320
1283 1342
1284 1052
1285 1099
1286 1057
1287 1058
1288 1059
1289 1060
1290 1066
1291 1071
1292 1074
1293 1075
1294 1082
1295 1084
1296 1085
1297 1106
1298 1092
1299 1242
1300 1207
1301 1123
1302 1109
1303 1110
1304 1111
1305 1114
1306 1235
1307 1126
1308 1128
1309 1133
1310 1144
1311 1148
1312 1150
1313 1151
1314 1163
1315 1164
1316 1166
1317 1295
1318 1178
1319 1184
1320 1186
1321 1188
1322 1191
1323 1197
1324 1200
1325 1202
1326 1330
1327 1206
1328 1210
1329 1212
1330 1291
1331 1225
1332 1227
1333 1308
1334 1233
1335 1236
1336 1247
1337 1249
1338 1260
1339 1261
1340 1263
1341 1270
1342 1278
1343 1283
1344 1289
1345 1298
1346 1338
1347 1310
1348 1321
1349 1323
1350 1324
1351 1334
1352 1335
1353 1350
1354 1354
1355 1355
1356 1356
1357 1357
1358 1384
1359 1389
1360 1444
1361 1358
1362 1359
1363 1360
1364 1361
1365 1372
1366 1362
1367 1413
1368 1363
1369 1364
1370 1365
1371 1366
1372 1367
1373 1368
1374 1369
1375 1370
1376 1393
1377 1371
1378 1373
1379 1374
1380 1375
1381 1376
1382 1377
1383 1378
1384 1380
1385 1379
1386 1381
1387 1382
1388 1383
1389 1385
1390 1386
1391 1387
1392 1388
1393 1390
1394 1391
1395 1392
1396 1394
1397 1395
1398 1399
1399 1421
1400 1396
1401 1397
1402 1398
1403 1400
1404 1401
1405 1402
1406 1403
1407 1404
1408 1405
1409 1406
1410 1407
1411 1408
1412 1409
1413 1410
1414 1411
1415 1412
1416 1415
1417 1414
1418 1416
1419 1417
1420 1418
1421 1419
1422 1420
1423 1422
1424 1423
1425 1424
1426 1425
1427 1426
1428 1427
1429 1429
1430 1428
1431 1430
1432 1431
1433 1432
1434 1433
1435 1434
1436 1435
1437 1436
1438 1437
1439 1438
1440 1439
1441 1440
1442 1441
1443 1442
1444 1443
1445 1446
1446 1445
1447 1447
1448 1448
1449 1449
1450 1451
1451 1452
1452 1453
1453 1454
1454 1537
1455 1455
1456 1457
1457 1456
1458 1458
1459 1459
1460 1460
1461 1461
1462 1462
1463 1463
1464 1482
1465 1464
1466 1488
1467 1465
1468 1466
1469 1467
1470 1468
1471 1498
1472 1469
1473 1470
1474 1471
1475 1472
1476 1473
1477 1474
1478 1475
1479 1476
1480 1542
1481 1477
1482 1478
1483 1479
1484 1480
1485 1481
1486 1483
1487 1484
1488 1485
1489 1486
1490 1501
1491 1487
1492 1489
1493 1490
1494 1491
1495 1492
1496 1493
1497 1494
1498 1495
1499 1496
1500 1497
1501 1499
1502 1538
1503 1500
1504 1503
1505 1502
1506 1504
1507 1552
1508 1505
1509 1506
1510 1507
1511 1508
1512 1509
1513 1510
1514 1519
1515 1511
1516 1512
1517 1513
1518 1514
1519 1515
1520 1516
1521 1517
1522 1518
1523 1534
1524 1520
1525 1521
1526 1522
1527 1523
1528 1524
1529 1525
1530 1526
1531 1527
1532 1528
1533 1529
1534 1530
1535 1531
1536 1532
1537 1533
1538 1535
1539 1536
1540 1539
1541 1540
1542 1541
1543 1543
1544 1544
1545 1545
1546 1546
1547 1547
1548 1548
1549 1549
1550 1550
1551 1551
1552 1553
