0 1
1 1
1 0
1 1
2 5
3 5
4 5
5 5
5 2
5 3
5 4
5 5
5 2
6 2
2 2
2 5
2 6
2 2
7 7
7 7
8 8
8 8
9 9
9 9
10 11
11 11
11 10
11 11
12 13
13 13
13 12
13 13
14 16
15 16
16 16
16 15
16 14
16 16
17 18
18 18
18 17
18 18
19 20
20 20
20 19
20 20
21 21
21 21
22 22
22 22
23 23
23 23
24 25
25 25
25 24
25 25
26 26
26 26
27 27
27 27
28 29
29 29
29 28
29 29
30 31
31 31
31 30
31 31
32 32
32 32
33 33
33 33
34 34
34 34
35 36
36 36
36 35
36 36
37 37
37 37
29 28
38 28
39 28
28 28
28 29
28 39
28 38
28 28
40 40
40 40
41 44
42 44
43 44
44 44
44 43
44 41
44 42
44 44
45 46
46 46
46 45
46 46
47 47
47 47
48 48
48 48
49 51
50 51
51 51
51 49
51 50
51 51
52 52
52 52
53 55
54 55
55 55
55 53
55 54
55 55
56 59
57 59
58 59
59 59
59 57
59 56
59 58
59 59
60 60
60 60
61 61
61 61
62 62
62 62
63 64
64 64
64 63
64 64
65 66
66 66
66 65
66 66
36 35
35 35
35 36
35 35
67 68
68 68
68 67
68 68
69 72
70 72
71 72
72 72
72 71
72 69
72 70
72 72
73 74
74 74
74 73
74 74
75 76
76 76
76 75
76 76
77 77
77 77
78 79
79 79
79 78
79 79
80 80
80 80
81 82
82 82
82 81
82 82
39 84
83 84
84 84
84 39
84 83
84 84
85 85
85 85
86 86
86 86
87 89
88 89
89 89
89 88
89 87
89 89
90 90
90 90
91 91
91 91
92 94
93 94
94 94
94 93
94 92
94 94
63 100
95 100
96 100
97 100
98 100
99 100
100 100
100 95
100 99
100 98
100 63
100 96
100 97
100 100
101 103
102 103
103 103
103 101
103 102
103 103
104 104
104 104
105 105
105 105
106 110
107 110
108 110
109 110
110 110
110 108
110 109
110 106
110 107
110 110
64 63
100 63
63 63
63 64
63 100
63 63
111 111
111 111
112 113
113 113
113 112
113 113
114 114
114 114
115 115
115 115
116 119
117 119
118 119
98 119
119 119
119 117
119 118
119 98
119 116
119 119
120 120
120 120
121 123
122 123
123 123
123 122
123 121
123 123
124 125
125 125
125 124
125 125
126 127
127 127
127 126
127 127
128 129
129 129
129 128
129 129
130 131
131 131
131 130
131 131
132 132
132 132
133 136
134 136
135 136
136 136
136 135
136 133
136 134
136 136
137 139
138 139
139 139
139 138
139 137
139 139
140 142
141 142
142 142
142 140
142 141
142 142
143 144
144 144
144 143
144 144
145 146
146 146
146 145
146 146
147 147
147 147
148 149
149 149
149 148
149 149
150 151
151 151
151 150
151 151
152 155
153 155
154 155
155 155
155 152
155 154
155 153
155 155
156 156
156 156
157 157
157 157
142 140
158 140
140 140
140 142
140 158
140 140
159 159
159 159
65 160
160 160
160 65
160 160
74 73
73 73
73 74
73 73
144 143
161 143
162 143
163 143
164 143
165 143
166 143
167 143
168 143
143 143
143 144
143 161
143 165
143 166
143 168
143 162
143 163
143 164
143 167
143 143
169 170
170 170
170 169
170 170
171 173
172 173
173 173
173 171
173 172
173 173
174 175
175 175
175 174
175 175
176 176
176 176
177 178
178 178
178 177
178 178
179 181
138 181
180 181
78 181
181 181
181 138
181 78
181 179
181 180
181 181
182 187
183 187
184 187
185 187
186 187
187 187
187 182
187 185
187 186
187 184
187 183
187 187
188 188
188 188
189 190
190 190
190 189
190 190
191 191
191 191
44 41
42 41
43 41
41 41
41 44
41 43
41 42
41 41
192 192
192 192
15 193
193 193
193 15
193 193
194 195
195 195
195 194
195 195
30 199
196 199
197 199
198 199
199 199
199 30
199 197
199 196
199 198
199 199
92 200
200 200
200 92
200 200
110 106
106 106
106 110
106 106
201 201
201 201
202 203
203 203
203 202
203 203
204 204
204 204
195 194
205 194
206 194
207 194
208 194
209 194
210 194
196 194
211 194
212 194
213 194
214 194
215 194
216 194
194 194
194 195
194 209
194 196
194 205
194 210
194 213
194 211
194 216
194 207
194 214
194 206
194 212
194 215
194 208
194 194
217 218
218 218
218 217
218 218
219 220
220 220
220 219
220 220
196 222
221 222
222 222
222 221
222 196
222 222
122 224
223 224
224 224
224 122
224 223
224 224
216 225
225 225
225 216
225 225
226 226
226 226
227 227
227 227
228 229
229 229
229 228
229 229
230 236
231 236
232 236
233 236
234 236
235 236
236 236
236 231
236 232
236 230
236 234
236 235
236 233
236 236
237 239
238 239
239 239
239 238
239 237
239 239
240 242
241 242
242 242
242 241
242 240
242 242
243 245
244 245
245 245
245 244
245 243
245 245
44 42
41 42
42 42
42 44
42 41
42 42
44 43
41 43
43 43
43 44
43 41
43 43
194 205
196 205
205 205
205 194
205 196
205 205
246 247
247 247
247 246
247 247
209 248
196 248
248 248
248 209
248 196
248 248
249 249
249 249
250 253
251 253
252 253
253 253
253 250
253 252
253 251
253 253
128 255
254 255
255 255
255 128
255 254
255 255
143 161
161 161
161 143
161 161
256 256
256 256
237 258
257 258
258 258
258 237
258 257
258 258
194 206
259 206
260 206
206 206
206 194
206 260
206 259
206 206
261 262
262 262
262 261
262 262
263 264
264 264
264 263
264 264
265 265
265 265
264 263
263 263
263 264
263 263
209 266
196 266
266 266
266 209
266 196
266 266
31 30
199 30
196 30
267 30
30 30
30 31
30 199
30 267
30 196
30 30
268 270
269 270
270 270
270 268
270 269
270 270
271 272
272 272
272 271
272 272
183 274
273 274
274 274
274 273
274 183
274 274
275 276
39 276
276 276
276 39
276 275
276 276
277 279
278 279
279 279
279 277
279 278
279 279
279 277
278 277
280 277
277 277
277 279
277 278
277 280
277 277
281 281
281 281
282 282
282 282
283 286
284 286
285 286
83 286
286 286
286 83
286 285
286 284
286 283
286 286
287 287
287 287
288 289
289 289
289 288
289 289
290 290
290 290
76 75
75 75
75 76
75 75
194 207
209 207
196 207
213 207
207 207
207 194
207 209
207 213
207 196
207 207
291 293
292 293
293 293
293 292
293 291
293 293
173 171
172 171
171 171
171 173
171 172
171 171
173 172
171 172
172 172
172 173
172 171
172 172
39 294
294 294
294 39
294 294
25 24
295 24
24 24
24 25
24 295
24 24
295 296
296 296
296 295
296 296
297 300
298 300
168 300
299 300
300 300
300 299
300 297
300 168
300 298
300 300
301 301
301 301
143 162
96 162
162 162
162 143
162 96
162 162
82 81
81 81
81 82
81 81
95 303
302 303
303 303
303 95
303 302
303 303
39 304
304 304
304 39
304 304
305 306
306 306
306 305
306 306
307 308
308 308
308 307
308 308
308 307
307 307
307 308
307 307
309 309
309 309
310 310
310 310
311 313
312 313
313 313
313 312
313 311
313 313
314 317
315 317
316 317
317 317
317 316
317 314
317 315
317 317
318 319
319 319
319 318
319 319
320 321
321 321
321 320
321 321
72 69
70 69
69 69
69 72
69 70
69 69
194 208
322 208
208 208
208 194
208 322
208 208
323 324
324 324
324 323
324 324
325 325
325 325
326 327
322 327
327 327
327 322
327 326
327 327
24 295
296 295
311 295
312 295
328 295
295 295
295 24
295 296
295 328
295 312
295 311
295 295
329 329
329 329
330 331
331 331
331 330
331 331
331 330
330 330
330 331
330 330
332 333
333 333
333 332
333 333
334 335
335 335
335 334
335 335
336 336
336 336
337 337
337 337
338 338
338 338
339 340
340 340
340 339
340 340
341 342
342 342
342 341
342 342
343 344
198 344
344 344
344 198
344 343
344 344
345 345
345 345
128 346
246 346
346 346
346 128
346 246
346 346
347 348
348 348
348 347
348 348
181 179
179 179
179 181
179 179
65 350
349 350
350 350
350 65
350 349
350 350
327 326
322 326
326 326
326 327
326 322
326 326
351 351
351 351
352 353
353 353
353 352
353 353
354 354
354 354
28 38
334 38
355 38
39 38
38 38
38 28
38 39
38 355
38 334
38 38
356 357
357 357
357 356
357 357
358 358
358 358
164 359
359 359
359 164
359 359
360 360
360 360
131 130
130 130
130 131
130 130
361 361
361 361
13 12
12 12
12 13
12 12
362 362
362 362
100 95
303 95
95 95
95 100
95 303
95 95
303 302
363 302
302 302
302 303
302 363
302 302
364 364
364 364
279 278
277 278
278 278
278 279
278 277
278 278
365 365
365 365
366 366
366 366
367 367
367 367
368 369
369 369
369 368
369 369
370 373
78 373
371 373
372 373
373 373
373 78
373 370
373 372
373 371
373 373
67 374
374 374
374 67
374 374
375 376
376 376
376 375
376 376
377 377
377 377
378 378
378 378
379 380
380 380
380 379
380 380
381 381
381 381
382 382
382 382
383 383
383 383
384 385
385 385
385 384
385 385
386 387
387 387
387 386
387 387
388 388
388 388
389 391
390 391
391 391
391 389
391 390
391 391
208 322
327 322
326 322
392 322
393 322
394 322
322 322
322 208
322 327
322 326
322 393
322 392
322 394
322 322
322 392
392 392
392 322
392 392
253 250
250 250
250 253
250 250
216 395
395 395
395 216
395 395
396 396
396 396
194 209
248 209
266 209
207 209
196 209
209 209
209 194
209 248
209 266
209 207
209 196
209 209
397 397
397 397
398 398
398 398
119 116
118 116
116 116
116 119
116 118
116 116
317 314
315 314
316 314
314 314
314 317
314 316
314 315
314 314
399 399
399 399
53 400
400 400
400 53
400 400
369 368
347 368
368 368
368 369
368 347
368 368
401 402
402 402
402 401
402 402
403 404
404 404
404 403
404 404
405 405
405 405
406 406
406 406
407 407
407 407
408 409
409 409
409 408
409 409
410 410
410 410
411 412
67 412
412 412
412 67
412 411
412 412
413 414
414 414
414 413
414 414
412 411
67 411
411 411
411 412
411 67
411 411
67 415
415 415
415 67
415 415
236 230
230 230
230 236
230 230
316 416
416 416
416 316
416 416
151 150
150 150
150 151
150 150
170 169
169 169
169 170
169 169
229 228
228 228
228 229
228 228
417 418
418 418
418 417
418 418
419 419
419 419
420 420
420 420
292 422
421 422
422 422
422 292
422 421
422 422
423 424
424 424
424 423
424 424
425 425
425 425
426 428
427 428
428 428
428 426
428 427
428 428
429 430
430 430
430 429
430 430
431 431
431 431
16 14
432 14
433 14
14 14
14 16
14 432
14 433
14 14
53 434
434 434
434 53
434 434
306 305
435 305
305 305
305 306
305 435
305 305
436 436
436 436
437 438
438 438
438 437
438 438
439 441
440 441
441 441
441 440
441 439
441 441
442 443
443 443
443 442
443 443
444 444
444 444
300 297
298 297
166 297
297 297
297 300
297 298
297 166
297 297
445 445
445 445
55 53
400 53
434 53
446 53
447 53
448 53
53 53
53 55
53 400
53 434
53 448
53 446
53 447
53 53
449 449
449 449
16 15
193 15
450 15
15 15
15 16
15 193
15 450
15 15
123 121
223 121
121 121
121 123
121 223
121 121
451 451
451 451
140 158
141 158
158 158
158 140
158 141
158 158
447 452
452 452
452 447
452 452
59 56
349 56
58 56
56 56
56 59
56 349
56 58
56 56
453 453
453 453
454 455
455 455
455 454
455 455
194 210
210 210
210 194
210 210
456 457
217 457
318 457
457 457
457 318
457 456
457 217
457 457
458 458
458 458
459 459
459 459
460 460
460 460
196 461
461 461
461 196
461 461
462 462
462 462
421 463
463 463
463 421
463 463
335 334
38 334
39 334
334 334
334 335
334 38
334 39
334 334
464 465
465 465
465 464
465 465
466 466
466 466
143 163
164 163
467 163
163 163
163 143
163 164
163 467
163 163
468 468
468 468
196 471
469 471
470 471
471 471
471 196
471 470
471 469
471 471
470 472
472 472
472 470
472 472
53 446
446 446
446 53
446 446
473 473
473 473
199 196
194 196
222 196
205 196
248 196
266 196
30 196
207 196
209 196
461 196
471 196
474 196
475 196
469 196
476 196
212 196
260 196
19 196
221 196
214 196
477 196
234 196
478 196
235 196
198 196
479 196
480 196
470 196
196 196
196 199
196 194
196 222
196 205
196 248
196 266
196 30
196 207
196 209
196 461
196 471
196 198
196 477
196 479
196 478
196 475
196 469
196 476
196 234
196 19
196 235
196 260
196 221
196 214
196 474
196 212
196 480
196 470
196 196
481 481
481 481
196 474
469 474
474 474
474 196
474 469
474 474
482 483
483 483
483 482
483 483
289 288
484 288
288 288
288 289
288 484
288 288
485 487
486 487
487 487
487 485
487 486
487 487
488 488
488 488
489 489
489 489
490 490
490 490
491 492
153 492
492 492
492 491
492 153
492 492
276 275
39 275
493 275
275 275
275 276
275 39
275 493
275 275
494 494
494 494
194 211
215 211
211 211
211 194
211 215
211 211
495 495
495 495
496 497
497 497
497 496
497 497
14 432
432 432
432 14
432 432
387 386
386 386
386 387
386 386
100 96
162 96
165 96
96 96
96 100
96 162
96 165
96 96
498 498
498 498
99 499
499 499
499 99
499 499
293 291
291 291
291 293
291 291
500 500
500 500
457 456
456 456
456 457
456 456
196 475
475 475
475 196
475 475
175 174
174 174
174 175
174 174
501 501
501 501
2 6
502 6
6 6
6 2
6 502
6 6
503 503
503 503
187 182
184 182
182 182
182 187
182 184
182 182
504 504
504 504
505 505
505 505
506 506
506 506
507 507
507 507
508 508
508 508
509 510
510 510
510 509
510 510
511 512
512 512
512 511
512 512
513 513
513 513
487 485
485 485
485 487
485 485
514 515
128 515
189 515
515 515
515 189
515 128
515 514
515 515
516 516
516 516
517 517
517 517
155 152
491 152
153 152
273 152
152 152
152 155
152 273
152 491
152 153
152 152
497 496
496 496
496 497
496 496
518 520
519 520
520 520
520 519
520 518
520 520
471 469
196 469
474 469
261 469
480 469
469 469
469 471
469 196
469 474
469 480
469 261
469 469
521 521
521 521
288 484
484 484
484 288
484 484
357 356
356 356
356 357
356 356
145 522
522 522
522 145
522 522
523 523
523 523
302 363
165 363
363 363
363 302
363 165
363 363
524 525
525 525
525 524
525 525
526 526
526 526
514 527
527 527
527 514
527 527
528 528
528 528
529 529
529 529
530 530
530 530
531 531
531 531
293 292
422 292
421 292
292 292
292 293
292 422
292 421
292 292
418 417
417 417
417 418
417 417
298 532
299 532
532 532
532 299
532 298
532 532
533 533
533 533
534 535
535 535
535 534
535 535
536 537
537 537
537 536
537 537
253 251
251 251
251 253
251 251
538 539
539 539
539 538
539 539
540 541
541 541
541 540
541 541
11 10
10 10
10 11
10 10
438 437
542 437
437 437
437 438
437 542
437 437
543 543
543 543
376 375
544 375
375 375
375 376
375 544
375 375
545 546
78 546
546 546
546 78
546 545
546 546
286 283
285 283
283 283
283 286
283 285
283 283
239 237
258 237
237 237
237 239
237 258
237 237
547 548
548 548
548 547
548 548
286 284
284 284
284 286
284 284
344 343
343 343
343 344
343 343
483 482
78 482
482 482
482 483
482 78
482 482
549 549
549 549
537 536
536 536
536 537
536 536
550 550
550 550
322 393
214 393
393 393
393 322
393 214
393 393
236 231
231 231
231 236
231 231
515 514
527 514
551 514
514 514
514 515
514 527
514 551
514 514
552 552
552 552
125 124
553 124
124 124
124 125
124 553
124 124
253 252
538 252
252 252
252 253
252 538
252 252
554 555
555 555
555 554
555 555
390 556
556 556
556 390
556 556
557 558
558 558
558 557
558 558
559 559
559 559
502 560
560 560
560 502
560 560
561 562
562 562
562 561
562 562
206 259
137 259
259 259
259 206
259 137
259 259
563 563
563 563
94 92
200 92
78 92
92 92
92 94
92 200
92 78
92 92
67 565
564 565
565 565
565 67
565 564
565 565
566 568
567 568
568 568
568 566
568 567
568 568
569 569
569 569
50 570
570 570
570 50
570 570
262 261
469 261
571 261
261 261
261 262
261 469
261 571
261 261
572 574
573 574
574 574
574 573
574 572
574 574
492 491
152 491
273 491
185 491
491 491
491 492
491 152
491 273
491 185
491 491
574 572
572 572
572 574
572 572
575 576
576 576
576 575
576 576
577 577
577 577
103 101
101 101
101 103
101 101
437 542
542 542
542 437
542 542
413 578
578 578
578 413
578 578
143 164
359 164
163 164
273 164
579 164
167 164
164 164
164 143
164 359
164 163
164 579
164 167
164 273
164 164
214 580
580 580
580 214
580 580
196 476
476 476
476 196
476 476
14 433
433 433
433 14
433 433
520 518
518 518
518 520
518 518
353 352
352 352
352 353
352 352
581 581
581 581
582 583
583 583
583 582
583 583
155 153
492 153
152 153
273 153
154 153
153 153
153 155
153 492
153 152
153 273
153 154
153 153
584 585
585 585
585 584
585 585
586 586
586 586
194 212
196 212
221 212
212 212
212 194
212 196
212 221
212 212
401 587
587 587
587 401
587 587
535 534
534 534
534 535
534 534
66 65
160 65
350 65
588 65
589 65
590 65
65 65
65 66
65 160
65 350
65 590
65 588
65 589
65 65
591 591
591 591
592 592
592 592
593 593
593 593
584 594
316 594
594 594
594 584
594 316
594 594
595 595
595 595
596 597
78 597
597 597
597 78
597 596
597 597
585 584
594 584
240 584
165 584
598 584
584 584
584 585
584 594
584 165
584 598
584 240
584 584
165 600
599 600
600 600
600 599
600 165
600 600
599 601
99 601
601 601
601 99
601 599
601 601
602 602
602 602
128 604
603 604
604 604
604 128
604 603
604 604
129 128
255 128
346 128
515 128
604 128
233 128
605 128
128 128
128 129
128 255
128 346
128 515
128 604
128 605
128 233
128 128
350 349
56 349
57 349
606 349
58 349
349 349
349 350
349 56
349 606
349 57
349 58
349 349
607 607
607 607
608 610
609 610
268 610
269 610
610 610
610 268
610 608
610 269
610 609
610 610
611 611
611 611
236 232
232 232
232 236
232 232
103 102
102 102
102 103
102 102
423 612
612 612
612 423
612 612
136 133
133 133
133 136
133 133
613 613
613 613
605 614
614 614
614 605
614 614
206 260
196 260
260 260
260 206
260 196
260 260
615 615
615 615
236 233
128 233
235 233
233 233
233 236
233 128
233 235
233 233
616 616
616 616
187 183
274 183
273 183
137 183
617 183
183 183
183 187
183 274
183 273
183 617
183 137
183 183
89 87
87 87
87 89
87 87
247 246
346 246
246 246
246 247
246 346
246 246
194 213
207 213
213 213
213 194
213 207
213 213
618 618
618 618
619 619
619 619
620 620
620 620
621 621
621 621
568 566
566 566
566 568
566 566
520 519
519 519
519 520
519 519
622 622
622 622
623 623
623 623
624 625
625 625
625 624
625 625
626 627
627 627
627 626
627 627
3 628
628 628
628 3
628 628
629 629
629 629
424 423
612 423
630 423
423 423
423 424
423 612
423 630
423 423
348 347
368 347
347 347
347 348
347 368
347 347
631 631
631 631
632 632
632 632
20 19
196 19
19 19
19 20
19 196
19 19
548 547
547 547
547 548
547 547
241 633
633 633
633 241
633 633
258 257
257 257
257 258
257 257
39 634
318 634
634 634
634 39
634 318
634 634
635 635
635 635
373 370
312 370
370 370
370 373
370 312
370 370
242 240
584 240
240 240
240 242
240 584
240 240
199 197
477 197
197 197
197 199
197 477
197 197
113 112
112 112
112 113
112 112
597 596
596 596
596 597
596 596
222 221
196 221
212 221
479 221
221 221
221 222
221 196
221 212
221 479
221 221
610 608
608 608
608 610
608 608
636 636
636 636
637 637
637 637
342 341
341 341
341 342
341 341
638 639
639 639
639 638
639 639
124 553
553 553
553 124
553 553
640 640
640 640
641 641
641 641
70 642
413 642
642 642
642 413
642 70
642 642
643 643
643 643
143 165
96 165
363 165
584 165
600 165
165 165
165 143
165 96
165 363
165 584
165 600
165 165
644 644
644 644
645 645
645 645
646 646
646 646
53 447
452 447
447 447
447 53
447 452
447 447
647 648
648 648
648 647
648 648
649 649
649 649
261 571
478 571
571 571
571 261
571 478
571 571
650 650
650 650
68 67
374 67
412 67
411 67
415 67
565 67
67 67
67 68
67 374
67 412
67 411
67 415
67 565
67 67
651 651
651 651
652 652
652 652
653 653
653 653
389 654
654 654
654 389
654 654
317 315
314 315
316 315
315 315
315 317
315 314
315 316
315 315
401 655
524 655
655 655
655 401
655 524
655 655
242 241
633 241
241 241
241 242
241 633
241 241
610 609
269 609
609 609
609 610
609 269
609 609
656 656
656 656
657 657
657 657
55 54
448 54
54 54
54 55
54 448
54 54
194 214
196 214
393 214
580 214
39 214
214 214
214 194
214 196
214 393
214 580
214 39
214 214
333 332
332 332
332 333
332 332
39 658
658 658
658 39
658 658
659 659
659 659
65 588
588 588
588 65
588 588
660 661
661 661
661 660
661 661
274 273
152 273
491 273
164 273
153 273
183 273
273 273
273 274
273 152
273 491
273 164
273 153
273 183
273 273
401 662
662 662
662 401
662 662
155 154
153 154
154 154
154 155
154 153
154 154
663 664
664 664
664 663
664 664
665 665
665 665
666 666
666 666
45 667
667 667
667 45
667 667
668 668
668 668
669 669
669 669
385 384
108 384
320 384
384 384
384 385
384 320
384 108
384 384
670 670
670 670
217 671
671 671
671 217
671 671
277 280
280 280
280 277
280 280
672 672
672 672
413 673
673 673
673 413
673 673
123 122
224 122
223 122
122 122
122 123
122 224
122 223
122 122
203 202
624 202
202 202
202 203
202 624
202 202
196 477
197 477
477 477
477 196
477 197
477 477
119 117
117 117
117 119
117 117
139 137
259 137
183 137
137 137
137 139
137 259
137 183
137 137
583 582
582 582
582 583
582 582
674 674
674 674
39 675
675 675
675 39
675 675
427 676
676 676
676 427
676 676
391 389
654 389
389 389
389 391
389 654
389 389
178 177
177 177
177 178
177 177
322 394
394 394
394 322
394 394
661 660
660 660
660 661
660 660
300 298
297 298
532 298
299 298
298 298
298 300
298 297
298 532
298 299
298 298
236 234
196 234
677 234
234 234
234 236
234 196
234 677
234 234
678 678
678 678
679 679
679 679
680 680
680 680
136 134
134 134
134 136
134 134
423 630
630 630
630 423
630 630
681 682
682 682
682 681
682 682
683 683
683 683
551 684
684 684
684 551
684 684
194 215
211 215
215 215
215 194
215 211
215 215
340 339
339 339
339 340
339 339
402 401
587 401
655 401
662 401
318 401
401 401
401 402
401 587
401 655
401 662
401 318
401 401
685 685
685 685
218 217
457 217
671 217
686 217
687 217
217 217
217 218
217 457
217 671
217 687
217 686
217 217
688 688
688 688
689 689
689 689
38 355
355 355
355 38
355 355
166 690
690 690
690 166
690 690
691 691
691 691
196 478
571 478
692 478
478 478
478 196
478 571
478 692
478 478
647 693
693 693
693 647
693 693
694 694
694 694
648 647
693 647
502 647
647 647
647 648
647 693
647 502
647 647
391 390
556 390
390 390
390 391
390 556
390 390
428 426
426 426
426 428
426 426
695 695
695 695
110 107
379 107
107 107
107 110
107 379
107 107
236 235
196 235
233 235
235 235
235 236
235 196
235 233
235 235
270 268
610 268
268 268
268 270
268 610
268 268
142 141
158 141
141 141
141 142
141 158
141 141
510 509
269 509
509 509
509 510
509 269
509 509
696 696
696 696
139 138
181 138
138 138
138 139
138 181
138 138
697 697
697 697
59 57
349 57
58 57
57 57
57 59
57 349
57 58
57 57
245 243
243 243
243 245
243 243
698 698
698 698
699 700
700 700
700 699
700 700
701 701
701 701
164 579
579 579
579 164
579 579
702 703
703 703
703 702
703 703
704 704
704 704
72 70
69 70
642 70
71 70
70 70
70 72
70 69
70 642
70 71
70 70
705 705
705 705
28 39
84 39
276 39
294 39
304 39
38 39
334 39
275 39
634 39
214 39
658 39
675 39
706 39
493 39
39 39
39 28
39 84
39 276
39 294
39 304
39 38
39 334
39 275
39 634
39 214
39 658
39 675
39 493
39 706
39 39
707 707
707 707
708 708
708 708
709 709
709 709
286 285
283 285
285 285
285 286
285 283
285 285
149 148
710 148
711 148
148 148
148 149
148 710
148 711
148 148
127 126
126 126
126 127
126 126
712 712
712 712
46 45
667 45
45 45
45 46
45 667
45 45
465 464
464 464
464 465
464 464
199 198
344 198
196 198
198 198
198 199
198 344
198 196
198 198
110 108
384 108
108 108
108 110
108 384
108 108
194 216
225 216
395 216
216 216
216 194
216 225
216 395
216 216
713 713
713 713
714 714
714 714
512 511
511 511
511 512
511 511
715 715
715 715
110 109
109 109
109 110
109 109
716 716
716 716
589 717
717 717
717 589
717 717
455 454
454 454
454 455
454 454
119 118
116 118
118 118
118 119
118 116
118 118
627 626
626 626
626 627
626 626
409 408
408 408
408 409
408 408
718 718
718 718
270 269
610 269
609 269
509 269
269 269
269 270
269 610
269 609
269 509
269 269
719 719
719 719
720 720
720 720
541 540
540 540
540 541
540 540
349 606
606 606
606 349
606 606
721 721
721 721
321 320
384 320
320 320
320 321
320 384
320 320
722 722
722 722
217 686
686 686
686 217
686 686
723 723
723 723
1 0
0 0
0 1
0 0
163 467
467 467
467 163
467 467
724 724
724 724
725 725
725 725
39 706
706 706
706 39
706 706
305 435
726 435
727 435
435 435
435 305
435 726
435 727
435 435
728 728
728 728
558 557
729 557
557 557
557 558
557 729
557 557
730 730
730 730
700 699
699 699
699 700
699 699
478 692
692 692
692 478
692 692
72 71
70 71
413 71
731 71
71 71
71 72
71 70
71 413
71 731
71 71
732 732
732 732
239 238
238 238
238 239
238 238
625 624
202 624
624 624
624 625
624 202
624 624
733 733
733 733
734 734
734 734
735 735
735 735
100 97
97 97
97 100
97 97
5 3
628 3
3 3
3 5
3 628
3 3
736 736
736 736
5 4
4 4
4 5
4 4
196 479
221 479
479 479
479 196
479 221
479 479
196 480
469 480
480 480
480 196
480 469
480 480
525 524
655 524
524 524
524 525
524 655
524 524
737 737
737 737
146 145
522 145
145 145
145 146
145 522
145 145
30 267
267 267
267 30
267 267
190 189
515 189
738 189
189 189
189 190
189 515
189 738
189 189
739 739
739 739
703 702
702 702
702 703
702 702
740 740
740 740
6 502
560 502
647 502
502 502
502 6
502 560
502 647
502 502
53 448
54 448
448 448
448 53
448 54
448 448
183 617
617 617
617 183
617 617
584 598
598 598
598 584
598 598
741 742
742 742
742 741
742 742
430 429
429 429
429 430
429 429
128 605
614 605
605 605
605 128
605 614
605 605
375 544
544 544
544 375
544 544
743 743
743 743
744 744
744 744
181 180
180 180
180 181
180 180
576 575
575 575
575 576
575 575
745 745
745 745
546 545
78 545
545 545
545 546
545 78
545 545
746 746
746 746
747 747
747 747
748 748
748 748
749 749
749 749
750 750
750 750
751 751
751 751
234 677
677 677
677 234
677 677
752 752
752 752
319 318
457 318
634 318
401 318
318 318
318 319
318 457
318 634
318 401
318 318
639 638
638 638
638 639
638 638
753 753
753 753
487 486
486 486
486 487
486 486
754 754
754 754
755 755
755 755
187 184
182 184
756 184
184 184
184 187
184 182
184 756
184 184
757 757
757 757
574 573
573 573
573 574
573 573
143 166
297 166
690 166
166 166
166 143
166 297
166 690
166 166
51 49
49 49
49 51
49 49
59 58
56 58
349 58
57 58
58 58
58 59
58 56
58 349
58 57
58 58
758 758
758 758
759 759
759 759
255 254
760 254
554 254
254 254
254 255
254 760
254 554
254 254
761 763
762 763
763 763
763 761
763 762
763 763
764 765
765 765
765 764
765 765
514 551
684 551
551 551
551 514
551 684
551 551
65 589
717 589
589 589
589 65
589 717
589 589
442 766
766 766
766 442
766 766
756 767
767 767
767 756
767 767
768 768
768 768
769 769
769 769
89 88
88 88
88 89
88 88
414 413
578 413
642 413
673 413
71 413
413 413
413 414
413 578
413 642
413 673
413 71
413 413
770 770
770 770
771 771
771 771
84 83
286 83
83 83
83 84
83 286
83 83
772 772
772 772
148 710
710 710
710 148
710 710
773 773
773 773
600 599
601 599
599 599
599 600
599 601
599 599
471 470
472 470
196 470
470 470
470 471
470 472
470 196
470 470
539 538
252 538
538 538
538 539
538 252
538 538
774 774
774 774
775 775
775 775
18 17
17 17
17 18
17 17
776 776
776 776
604 603
603 603
603 604
603 603
324 323
323 323
323 324
323 323
777 777
777 777
71 731
731 731
731 71
731 731
742 741
741 741
741 742
741 741
562 561
561 561
561 562
561 561
778 778
778 778
422 421
463 421
292 421
421 421
421 422
421 463
421 292
421 421
79 78
181 78
373 78
546 78
482 78
92 78
597 78
545 78
779 78
590 78
78 78
78 79
78 181
78 373
78 546
78 482
78 92
78 597
78 545
78 779
78 590
78 78
187 185
491 185
186 185
780 185
185 185
185 187
185 491
185 186
185 780
185 185
254 760
554 760
760 760
760 254
760 554
760 760
187 186
185 186
780 186
186 186
186 187
186 185
186 780
186 186
143 167
164 167
167 167
167 143
167 164
167 167
51 50
570 50
50 50
50 51
50 570
50 50
555 554
254 554
760 554
554 554
554 555
554 254
554 760
554 554
272 271
271 271
271 272
271 271
781 781
781 781
782 782
782 782
143 168
300 168
299 168
168 168
168 143
168 300
168 299
168 168
380 379
107 379
379 379
379 380
379 107
379 379
300 299
532 299
298 299
168 299
299 299
299 300
299 532
299 298
299 168
299 299
15 450
450 450
450 15
450 450
224 223
121 223
122 223
223 223
223 224
223 121
223 122
223 223
441 439
439 439
439 441
439 439
441 440
440 440
440 441
440 440
783 783
783 783
185 780
186 780
780 780
780 185
780 186
780 780
784 784
784 784
785 785
785 785
786 786
786 786
787 787
787 787
317 316
314 316
416 316
594 316
315 316
316 316
316 317
316 314
316 416
316 594
316 315
316 316
788 788
788 788
220 219
219 219
219 220
219 219
78 779
779 779
779 78
779 779
217 687
687 687
687 217
687 687
789 789
789 789
790 790
790 790
184 756
767 756
756 756
756 184
756 767
756 756
791 792
792 792
792 791
792 792
557 729
729 729
729 557
729 729
275 493
39 493
493 493
493 275
493 39
493 493
94 93
93 93
93 94
93 93
793 793
793 793
794 794
794 794
795 795
795 795
100 98
119 98
98 98
98 100
98 119
98 98
796 796
796 796
797 797
797 797
682 681
681 681
681 682
681 681
313 311
295 311
311 311
311 313
311 295
311 311
565 564
564 564
564 565
564 564
763 761
761 761
761 763
761 761
762 798
798 798
798 762
798 798
763 762
798 762
762 762
762 763
762 798
762 762
799 799
799 799
373 371
371 371
371 373
371 371
404 403
403 403
403 404
403 403
435 726
726 726
726 435
726 726
800 800
800 800
801 801
801 801
802 802
802 802
100 99
499 99
601 99
99 99
99 100
99 499
99 601
99 99
803 803
803 803
804 804
804 804
313 312
295 312
370 312
312 312
312 313
312 295
312 370
312 312
295 328
328 328
328 295
328 328
373 372
372 372
372 373
372 372
805 805
805 805
65 590
78 590
590 590
590 65
590 78
590 590
148 711
711 711
711 148
711 711
792 791
791 791
791 792
791 791
136 135
806 135
135 135
135 136
135 806
135 135
807 807
807 807
808 808
808 808
135 806
806 806
806 135
806 806
765 764
764 764
764 765
764 764
245 244
244 244
244 245
244 244
664 663
663 663
663 664
663 663
809 809
809 809
443 442
766 442
442 442
442 443
442 766
442 442
568 567
567 567
567 568
567 567
189 738
738 738
738 189
738 738
435 727
727 727
727 435
727 727
428 427
676 427
427 427
427 428
427 676
427 427
810 810
810 810
811 811
811 811
