0 1
1 1
1 0
1 1
2 5
3 5
4 5
5 5
5 2
5 3
5 4
5 5
5 2
6 2
2 2
2 5
2 6
2 2
7 7
7 7
8 10
9 10
10 10
10 8
10 9
10 10
11 11
11 11
12 14
13 14
14 14
14 13
14 12
14 14
15 16
16 16
16 15
16 16
17 19
18 19
19 19
19 18
19 17
19 19
20 21
21 21
21 20
21 21
22 23
23 23
23 22
23 23
24 24
24 24
25 27
26 27
27 27
27 25
27 26
27 27
28 28
28 28
29 30
30 30
30 29
30 30
31 34
32 34
33 34
34 34
34 32
34 31
34 33
34 34
35 36
36 36
36 35
36 36
37 41
38 41
39 41
40 41
41 41
41 37
41 40
41 39
41 38
41 41
42 43
43 43
43 42
43 43
44 44
44 44
45 46
46 46
46 45
46 46
47 48
48 48
48 47
48 48
49 51
50 51
51 51
51 49
51 50
51 51
52 52
52 52
41 37
53 37
54 37
37 37
37 41
37 54
37 53
37 37
55 57
56 57
57 57
57 56
57 55
57 57
58 61
59 61
60 61
61 61
61 60
61 58
61 59
61 61
62 63
63 63
63 62
63 63
64 64
64 64
65 66
66 66
66 65
66 66
67 69
68 69
69 69
69 67
69 68
69 69
70 70
70 70
71 73
72 73
73 73
73 71
73 72
73 73
74 79
75 79
76 79
77 79
78 79
79 79
79 77
79 75
79 78
79 74
79 76
79 79
80 80
80 80
81 83
82 83
83 83
83 82
83 81
83 83
84 85
85 85
85 84
85 85
86 88
87 88
88 88
88 87
88 86
88 88
89 93
90 93
91 93
92 93
93 93
93 89
93 92
93 90
93 91
93 93
51 49
94 49
49 49
49 51
49 94
49 49
95 97
96 97
97 97
97 95
97 96
97 97
98 101
99 101
100 101
101 101
101 100
101 98
101 99
101 101
102 103
103 103
103 102
103 103
104 105
65 105
105 105
105 65
105 104
105 105
106 106
106 106
107 109
108 109
109 109
109 107
109 108
109 109
110 110
110 110
111 112
112 112
112 111
112 112
54 115
113 115
114 115
115 115
115 54
115 114
115 113
115 115
116 116
116 116
117 117
117 117
118 120
119 120
120 120
120 119
120 118
120 120
121 122
122 122
122 121
122 122
123 124
124 124
124 123
124 124
125 127
126 127
127 127
127 126
127 125
127 127
86 136
128 136
129 136
130 136
131 136
132 136
133 136
134 136
135 136
136 136
136 128
136 132
136 135
136 131
136 86
136 133
136 129
136 130
136 134
136 136
137 139
138 139
139 139
139 137
139 138
139 139
140 140
140 140
141 141
141 141
142 148
143 148
144 148
145 148
146 148
147 148
148 148
148 144
148 145
148 147
148 142
148 143
148 146
148 148
88 86
136 86
86 86
86 88
86 136
86 86
149 151
150 151
151 151
151 150
151 149
151 151
152 153
153 153
153 152
153 153
154 155
155 155
155 154
155 155
156 157
157 157
157 156
157 157
158 162
159 162
160 162
131 162
135 162
161 162
162 162
162 159
162 160
162 161
162 135
162 131
162 158
162 162
163 163
163 163
164 166
165 166
166 166
166 165
166 164
166 166
167 168
168 168
168 167
168 168
169 172
170 172
171 172
172 172
172 170
172 171
172 169
172 172
173 174
174 174
174 173
174 174
175 176
176 176
176 175
176 176
123 177
177 177
177 123
177 177
178 186
179 186
180 186
181 186
182 186
183 186
184 186
185 186
186 186
186 180
186 178
186 183
186 179
186 184
186 181
186 185
186 182
186 186
187 190
188 190
13 190
189 190
190 190
190 188
190 13
190 187
190 189
190 190
191 193
192 193
193 193
193 191
193 192
193 193
194 195
195 195
195 194
195 195
196 197
197 197
197 196
197 197
108 199
198 199
199 199
199 198
199 108
199 199
200 201
201 201
201 200
201 201
202 204
203 204
204 204
204 202
204 203
204 204
205 208
206 208
207 208
208 208
208 205
208 207
208 206
208 208
209 210
210 210
210 209
210 210
211 211
211 211
193 191
212 191
191 191
191 193
191 212
191 191
213 214
214 214
214 213
214 214
89 216
215 216
216 216
216 215
216 89
216 216
103 102
217 102
102 102
102 103
102 217
102 102
195 194
218 194
219 194
220 194
221 194
222 194
223 194
224 194
225 194
133 194
226 194
227 194
228 194
229 194
150 194
194 194
194 195
194 218
194 229
194 222
194 223
194 227
194 225
194 219
194 226
194 228
194 150
194 220
194 133
194 221
194 224
194 194
230 235
231 235
232 235
233 235
234 235
235 235
235 232
235 231
235 234
235 233
235 230
235 235
236 239
237 239
238 239
239 239
239 238
239 236
239 237
239 239
240 242
241 242
242 242
242 240
242 241
242 242
243 244
244 244
244 243
244 244
245 247
246 247
247 247
247 245
247 246
247 247
248 251
188 251
249 251
107 251
250 251
251 251
251 188
251 107
251 248
251 250
251 249
251 251
252 259
253 259
254 259
255 259
256 259
257 259
258 259
259 259
259 257
259 252
259 258
259 255
259 256
259 254
259 253
259 259
260 260
260 260
261 263
262 263
263 263
263 261
263 262
263 263
264 264
264 264
61 58
59 58
60 58
58 58
58 61
58 60
58 59
58 58
265 265
265 265
18 266
266 266
266 18
266 266
267 269
268 269
269 269
269 267
269 268
269 269
42 273
270 273
271 273
272 273
273 273
273 42
273 271
273 270
273 272
273 273
125 275
274 275
213 275
275 275
275 274
275 125
275 213
275 275
148 142
142 142
142 148
142 142
276 276
276 276
277 280
278 280
279 280
280 280
280 277
280 279
280 278
280 280
281 281
281 281
269 267
282 267
283 267
284 267
285 267
286 267
287 267
270 267
288 267
289 267
290 267
291 267
292 267
293 267
294 267
295 267
296 267
267 267
267 269
267 286
267 270
267 282
267 287
267 290
267 288
267 294
267 295
267 293
267 296
267 284
267 291
267 283
267 289
267 292
267 285
267 267
297 300
298 300
299 300
300 300
300 299
300 297
300 298
300 300
301 303
302 303
303 303
303 302
303 301
303 303
270 305
304 305
305 305
305 304
305 270
305 305
165 307
306 307
307 307
307 165
307 306
307 307
293 308
308 308
308 293
308 308
309 310
310 310
310 309
310 310
311 312
312 312
312 311
312 312
313 314
314 314
314 313
314 314
315 323
316 323
317 323
318 323
319 323
320 323
217 323
321 323
322 323
323 323
323 316
323 217
323 317
323 315
323 322
323 319
323 320
323 321
323 318
323 323
324 326
325 326
326 326
326 325
326 324
326 326
327 330
328 330
329 330
330 330
330 328
330 327
330 329
330 330
331 335
332 335
333 335
334 335
335 335
335 333
335 332
335 334
335 331
335 335
61 59
58 59
59 59
59 61
59 58
59 59
61 60
58 60
60 60
60 61
60 58
60 60
267 282
270 282
282 282
282 267
282 270
282 282
336 337
337 337
337 336
337 337
286 338
270 338
338 338
338 286
338 270
338 338
339 339
339 339
340 343
341 343
342 343
343 343
343 340
343 342
343 341
343 343
173 345
344 345
345 345
345 173
345 344
345 345
194 218
218 218
218 194
218 218
346 347
347 347
347 346
347 347
324 351
348 351
349 351
350 351
351 351
351 349
351 350
351 324
351 348
351 351
267 283
352 283
353 283
283 283
283 267
283 353
283 352
283 283
354 355
355 355
355 354
355 355
356 357
357 357
357 356
357 357
358 359
359 359
359 358
359 359
357 356
356 356
356 357
356 356
286 360
270 360
360 360
360 286
360 270
360 360
43 42
273 42
270 42
361 42
362 42
42 42
42 43
42 273
42 361
42 362
42 270
42 42
363 365
364 365
365 365
365 363
365 364
365 365
366 368
367 368
368 368
368 367
368 366
368 368
253 370
369 370
370 370
370 369
370 253
370 370
371 372
54 372
372 372
372 54
372 371
372 372
373 375
374 375
375 375
375 373
375 374
375 375
375 373
374 373
376 373
377 373
373 373
373 375
373 374
373 376
373 377
373 373
378 379
379 379
379 378
379 379
380 380
380 380
381 384
382 384
383 384
113 384
384 384
384 113
384 383
384 382
384 381
384 384
149 385
385 385
385 149
385 385
386 388
387 388
388 388
388 386
388 387
388 388
389 389
389 389
105 104
231 104
104 104
104 105
104 231
104 104
267 284
286 284
270 284
290 284
284 284
284 267
284 286
284 290
284 270
284 284
390 395
391 395
392 395
393 395
394 395
395 395
395 394
395 393
395 391
395 390
395 392
395 395
239 236
237 236
238 236
236 236
236 239
236 238
236 237
236 236
239 237
236 237
238 237
237 237
237 239
237 236
237 238
237 237
54 396
396 396
396 54
396 396
30 29
397 29
29 29
29 30
29 397
29 29
397 398
398 398
398 397
398 398
399 402
400 402
225 402
401 402
402 402
402 401
402 399
402 225
402 400
402 402
217 403
403 403
403 217
403 403
194 219
129 219
228 219
404 219
219 219
219 194
219 129
219 228
219 404
219 219
112 111
111 111
111 112
111 111
128 406
405 406
406 406
406 128
406 405
406 406
54 407
407 407
407 54
407 407
408 409
409 409
409 408
409 409
410 412
411 412
412 412
412 411
412 410
412 412
412 410
410 410
410 412
410 410
413 413
413 413
146 414
414 414
414 146
414 414
415 417
416 417
417 417
417 416
417 415
417 417
418 421
419 421
420 421
421 421
421 420
421 418
421 419
421 421
422 424
423 424
424 424
424 422
424 423
424 424
425 426
426 426
426 425
426 426
101 98
99 98
427 98
98 98
98 101
98 427
98 99
98 98
267 285
428 285
309 285
285 285
285 267
285 309
285 428
285 285
429 430
430 430
430 429
430 430
431 432
432 432
432 431
432 432
433 434
428 434
434 434
434 428
434 433
434 434
29 397
398 397
415 397
416 397
435 397
436 397
397 397
397 29
397 398
397 436
397 435
397 416
397 415
397 397
170 437
437 437
437 170
437 437
438 440
439 440
440 440
440 438
440 439
440 440
440 438
439 438
438 438
438 440
438 439
438 438
441 442
442 442
442 441
442 442
443 444
444 444
444 443
444 444
445 447
446 447
447 447
447 445
447 446
447 447
448 449
449 449
449 448
449 449
302 450
450 450
450 302
450 450
451 452
45 452
299 452
452 452
452 45
452 299
452 451
452 452
453 454
454 454
454 453
454 454
455 456
272 456
456 456
456 272
456 455
456 456
457 457
457 457
173 458
336 458
458 458
458 173
458 336
458 458
459 461
460 461
461 461
461 460
461 459
461 461
251 248
248 248
248 251
248 248
89 463
462 463
463 463
463 89
463 462
463 463
434 433
428 433
433 433
433 434
433 428
433 433
464 465
465 465
465 464
465 465
466 467
467 467
467 466
467 467
468 468
468 468
37 53
443 53
469 53
54 53
53 53
53 37
53 54
53 469
53 443
53 53
470 474
471 474
472 474
473 474
474 474
474 472
474 470
474 471
474 473
474 474
475 478
476 478
65 478
477 478
478 478
478 476
478 475
478 477
478 65
478 478
221 479
479 479
479 221
479 479
480 480
480 480
176 175
175 175
175 176
175 175
431 481
481 481
481 431
481 481
16 15
15 15
15 16
15 15
482 482
482 482
136 128
406 128
134 128
128 128
128 136
128 406
128 134
128 128
406 405
483 405
405 405
405 406
405 483
405 405
484 485
485 485
485 484
485 485
375 374
373 374
374 374
374 375
374 373
374 374
486 486
486 486
487 487
487 487
488 488
488 488
489 490
490 490
490 489
490 490
491 495
107 495
492 495
493 495
436 495
494 495
495 495
495 107
495 491
495 436
495 493
495 494
495 492
495 495
95 496
496 496
496 95
496 496
497 499
238 499
498 499
499 499
499 498
499 497
499 238
499 499
238 500
500 500
500 238
500 500
501 502
502 502
502 501
502 502
503 505
504 505
505 505
505 504
505 503
505 505
506 506
506 506
507 507
507 507
508 508
508 508
509 511
510 511
511 511
511 510
511 509
511 511
512 514
513 514
514 514
514 512
514 513
514 514
515 516
516 516
516 515
516 516
517 521
518 521
519 521
520 521
521 521
521 517
521 518
521 519
521 520
521 521
285 428
434 428
433 428
522 428
523 428
524 428
428 428
428 285
428 434
428 433
428 523
428 522
428 524
428 428
428 522
525 522
522 522
522 428
522 525
522 522
343 340
340 340
340 343
340 340
293 526
526 526
526 293
526 526
527 527
527 527
267 286
338 286
360 286
284 286
270 286
45 286
286 286
286 267
286 338
286 360
286 284
286 45
286 270
286 286
528 528
528 528
529 529
529 529
162 158
160 158
530 158
362 158
531 158
532 158
533 158
158 158
158 162
158 533
158 160
158 531
158 532
158 530
158 362
158 158
421 418
419 418
420 418
418 418
418 421
418 420
418 419
418 418
534 534
534 534
71 537
535 537
536 537
537 537
537 536
537 71
537 535
537 537
490 489
459 489
489 489
489 490
489 459
489 489
538 539
45 539
539 539
539 45
539 538
539 539
540 542
541 542
542 542
542 540
542 541
542 542
543 544
544 544
544 543
544 544
545 545
545 545
546 547
547 547
547 546
547 547
548 549
549 549
549 548
549 549
550 550
550 550
551 554
95 554
552 554
553 554
554 554
554 95
554 553
554 551
554 552
554 554
555 556
309 556
556 556
556 555
556 309
556 556
554 551
95 551
551 551
551 554
551 95
551 551
95 558
557 558
558 558
558 95
558 557
558 558
323 315
559 315
322 315
315 315
315 323
315 322
315 559
315 315
420 560
560 560
560 420
560 560
204 202
561 202
202 202
202 204
202 561
202 202
235 230
65 230
233 230
562 230
563 230
230 230
230 235
230 563
230 65
230 233
230 562
230 230
314 313
313 313
313 314
313 313
564 565
565 565
565 564
565 565
566 567
567 567
567 566
567 567
171 568
568 568
568 171
568 568
391 570
569 570
123 570
570 570
570 123
570 391
570 569
570 570
571 573
572 573
573 573
573 571
573 572
573 573
574 574
574 574
575 577
576 577
577 577
577 575
577 576
577 577
578 579
579 579
579 578
579 579
580 580
580 580
19 17
581 17
582 17
17 17
17 19
17 581
17 582
17 17
71 585
535 585
583 585
584 585
585 585
585 71
585 583
585 584
585 535
585 585
409 408
586 408
408 408
408 409
408 586
408 408
587 587
587 587
588 590
589 590
590 590
590 588
590 589
590 590
591 593
592 593
593 593
593 592
593 591
593 593
594 595
595 595
595 594
595 595
596 596
596 596
402 399
400 399
223 399
309 399
399 399
399 402
399 309
399 400
399 223
399 399
597 598
598 598
598 597
598 598
73 71
537 71
585 71
599 71
600 71
601 71
535 71
583 71
71 71
71 73
71 537
71 585
71 583
71 601
71 599
71 535
71 600
71 71
602 602
602 602
19 18
266 18
603 18
604 18
605 18
18 18
18 19
18 266
18 605
18 604
18 603
18 18
166 164
306 164
164 164
164 166
164 306
164 164
606 606
606 606
191 212
192 212
212 212
212 191
212 192
212 212
600 607
607 607
607 600
607 607
79 74
462 74
76 74
74 74
74 79
74 462
74 76
74 74
608 608
608 608
609 610
610 610
610 609
610 610
267 287
287 287
287 267
287 287
611 612
297 612
422 612
612 612
612 422
612 611
612 297
612 612
613 613
613 613
614 614
614 614
615 615
615 615
270 616
616 616
616 270
616 616
617 619
618 619
619 619
619 618
619 617
619 619
569 620
620 620
620 569
620 620
444 443
53 443
54 443
621 443
443 443
443 444
443 53
443 54
443 621
443 443
622 624
519 624
623 624
624 624
624 623
624 519
624 622
624 624
625 625
625 625
194 220
221 220
626 220
220 220
220 194
220 221
220 626
220 220
302 627
627 627
627 302
627 627
270 631
628 631
629 631
334 631
630 631
631 631
631 270
631 334
631 629
631 628
631 630
631 631
629 632
632 632
632 629
632 632
71 599
633 599
599 599
599 71
599 633
599 599
634 634
634 634
273 270
267 270
305 270
282 270
338 270
360 270
42 270
284 270
286 270
616 270
631 270
635 270
636 270
628 270
637 270
289 270
353 270
22 270
304 270
291 270
638 270
319 270
639 270
320 270
272 270
640 270
641 270
629 270
530 270
362 270
642 270
309 270
643 270
294 270
45 270
334 270
644 270
645 270
268 270
296 270
270 270
270 273
270 267
270 305
270 282
270 338
270 360
270 42
270 284
270 286
270 616
270 631
270 45
270 309
270 272
270 638
270 640
270 639
270 642
270 643
270 644
270 294
270 334
270 636
270 645
270 628
270 530
270 268
270 637
270 319
270 22
270 296
270 320
270 353
270 304
270 291
270 635
270 289
270 641
270 629
270 362
270 270
646 647
647 647
647 646
647 647
270 635
628 635
630 635
635 635
635 270
635 628
635 630
635 635
648 649
649 649
649 648
649 649
388 386
650 386
651 386
652 386
653 386
654 386
655 386
656 386
386 386
386 388
386 654
386 650
386 653
386 652
386 655
386 656
386 651
386 386
657 660
658 660
659 660
660 660
660 657
660 658
660 659
660 660
661 661
661 661
662 662
662 662
663 663
663 663
664 665
206 665
665 665
665 664
665 206
665 665
372 371
54 371
666 371
667 371
668 371
669 371
670 371
371 371
371 372
371 54
371 666
371 669
371 668
371 670
371 667
371 371
671 671
671 671
267 288
292 288
288 288
288 267
288 292
288 288
672 673
673 673
673 672
673 673
674 675
675 675
675 674
675 675
17 581
676 581
581 581
581 17
581 676
581 581
514 512
512 512
512 514
512 512
136 129
219 129
222 129
129 129
129 136
129 219
129 222
129 129
677 678
678 678
678 677
678 678
132 679
679 679
679 132
679 679
395 390
390 390
390 395
390 390
680 681
623 681
681 681
681 680
681 623
681 681
612 611
682 611
472 611
611 611
611 612
611 472
611 682
611 611
270 636
636 636
636 270
636 636
242 240
240 240
240 242
240 240
683 683
683 683
2 6
684 6
6 6
6 2
6 684
6 6
685 685
685 685
259 252
254 252
170 252
252 252
252 259
252 170
252 254
252 252
686 686
686 686
687 687
687 687
185 688
688 688
688 185
688 688
689 689
689 689
690 691
691 691
691 690
691 691
692 693
693 693
693 692
693 693
694 695
695 695
695 694
695 695
45 696
696 696
696 45
696 696
660 657
657 657
657 660
657 657
697 698
173 698
261 698
475 698
698 698
698 261
698 173
698 475
698 697
698 698
431 699
699 699
699 431
699 699
700 701
701 701
701 700
701 701
208 205
664 205
206 205
369 205
205 205
205 208
205 369
205 664
205 206
205 205
675 674
674 674
674 675
674 674
702 704
703 704
704 704
704 703
704 702
704 704
631 628
270 628
635 628
354 628
641 628
628 628
628 631
628 270
628 635
628 641
628 354
628 628
705 705
705 705
386 650
706 650
650 650
650 386
650 706
650 650
474 470
471 470
473 470
470 470
470 474
470 471
470 473
470 470
196 707
707 707
707 196
707 707
708 708
708 708
405 483
222 483
709 483
483 483
483 405
483 709
483 222
483 483
710 711
504 711
711 711
711 504
711 710
711 711
712 712
712 712
697 713
713 713
713 697
713 713
714 714
714 714
715 715
715 715
716 716
716 716
717 718
718 718
718 717
718 718
395 391
570 391
569 391
392 391
35 391
719 391
391 391
391 395
391 570
391 35
391 719
391 569
391 392
391 391
565 564
564 564
564 565
564 564
400 720
401 720
720 720
720 401
720 400
720 720
721 721
721 721
722 725
723 725
724 725
725 725
725 722
725 723
725 724
725 725
726 727
727 727
727 726
727 727
343 341
341 341
341 343
341 341
728 729
729 729
729 728
729 729
730 731
731 731
731 730
731 731
14 12
732 12
13 12
12 12
12 14
12 13
12 732
12 12
590 588
733 588
589 588
734 588
588 588
588 590
588 733
588 589
588 734
588 588
65 735
735 735
735 65
735 735
499 497
736 497
497 497
497 499
497 736
497 497
737 739
107 739
738 739
739 739
739 107
739 738
739 737
739 739
384 381
383 381
381 381
381 384
381 383
381 381
326 324
351 324
349 324
350 324
324 324
324 326
324 351
324 349
324 350
324 324
740 742
741 742
742 742
742 741
742 740
742 742
384 382
382 382
382 384
382 382
456 455
743 455
455 455
455 456
455 743
455 455
649 648
107 648
648 648
648 649
648 107
648 648
744 744
744 744
727 726
726 726
726 727
726 726
745 745
745 745
428 523
291 523
523 523
523 428
523 291
523 523
323 316
316 316
316 323
316 316
698 697
713 697
746 697
747 697
748 697
697 697
697 698
697 713
697 746
697 748
697 747
697 697
749 750
750 750
750 749
750 750
168 167
751 167
167 167
167 168
167 751
167 167
343 342
728 342
342 342
342 343
342 728
342 342
752 753
753 753
753 752
753 753
518 757
754 757
755 757
756 757
757 757
757 755
757 518
757 754
757 756
757 757
758 760
759 760
760 760
760 758
760 759
760 760
520 761
761 761
761 520
761 761
684 764
762 764
763 764
764 764
764 762
764 684
764 763
764 764
765 766
766 766
766 765
766 766
283 352
187 352
767 352
352 352
352 283
352 767
352 187
352 352
768 768
768 768
127 125
275 125
107 125
213 125
763 125
92 125
125 125
125 127
125 275
125 213
125 92
125 107
125 763
125 125
95 770
769 770
770 770
770 95
770 769
770 770
771 774
772 774
773 774
774 774
774 771
774 773
774 772
774 774
775 776
776 776
776 775
776 776
68 778
777 778
778 778
778 777
778 68
778 778
355 354
628 354
779 354
354 354
354 355
354 628
354 779
354 354
780 782
781 782
782 782
782 781
782 780
782 782
665 664
205 664
369 664
255 664
664 664
664 665
664 205
664 369
664 255
664 664
782 780
780 780
780 782
780 780
783 785
784 785
785 785
785 784
785 783
785 785
763 786
786 786
786 763
786 786
139 137
137 137
137 139
137 137
588 733
733 733
733 588
733 733
555 787
787 787
787 555
787 787
194 221
479 221
220 221
369 221
788 221
224 221
789 221
227 221
790 221
228 221
150 221
221 221
221 194
221 479
221 220
221 788
221 790
221 224
221 227
221 789
221 228
221 150
221 369
221 221
291 791
791 791
791 291
791 791
270 637
45 637
637 637
637 270
637 45
637 637
17 582
582 582
582 17
582 582
704 702
702 702
702 704
702 702
467 466
466 466
466 467
466 466
792 792
792 792
793 794
794 794
794 793
794 794
208 206
665 206
205 206
369 206
207 206
206 206
206 208
206 665
206 205
206 369
206 207
206 206
795 796
743 796
796 796
796 795
796 743
796 796
797 797
797 797
267 289
270 289
304 289
289 289
289 267
289 270
289 304
289 289
538 798
798 798
798 538
798 798
725 722
723 722
799 722
722 722
722 725
722 799
722 723
722 722
93 89
216 89
463 89
800 89
801 89
802 89
91 89
89 89
89 93
89 216
89 463
89 802
89 800
89 801
89 91
89 89
803 803
803 803
804 804
804 804
805 805
805 805
795 806
420 806
806 806
806 795
806 420
806 806
203 807
807 807
807 203
807 807
808 809
107 809
809 809
809 107
809 808
809 809
796 795
806 795
327 795
222 795
810 795
329 795
811 795
812 795
813 795
536 795
814 795
795 795
795 796
795 806
795 811
795 813
795 329
795 222
795 814
795 812
795 810
795 327
795 536
795 795
222 816
815 816
246 816
816 816
816 246
816 815
816 222
816 816
815 817
132 817
817 817
817 132
817 815
817 817
302 818
818 818
818 302
818 818
173 820
819 820
81 820
82 820
820 820
820 82
820 173
820 819
820 81
820 820
174 173
345 173
458 173
698 173
820 173
318 173
821 173
173 173
173 174
173 345
173 458
173 698
173 820
173 821
173 318
173 173
463 462
74 462
75 462
822 462
76 462
78 462
462 462
462 463
462 74
462 822
462 75
462 78
462 76
462 462
823 824
546 824
824 824
824 823
824 546
824 824
825 828
826 828
363 828
364 828
827 828
828 828
828 363
828 825
828 364
828 826
828 827
828 828
829 830
830 830
830 829
830 830
323 317
831 317
317 317
317 323
317 831
317 317
139 138
138 138
138 139
138 138
571 832
832 832
832 571
832 832
186 178
833 178
178 178
178 186
178 833
178 178
834 834
834 834
821 836
835 836
836 836
836 821
836 835
836 836
283 353
270 353
837 353
353 353
353 283
353 270
353 837
353 353
838 838
838 838
323 318
173 318
320 318
309 318
318 318
318 323
318 173
318 309
318 320
318 318
839 839
839 839
259 253
370 253
369 253
187 253
840 253
253 253
253 259
253 370
253 369
253 840
253 187
253 253
120 118
841 118
118 118
118 120
118 841
118 118
337 336
458 336
842 336
843 336
336 336
336 337
336 458
336 842
336 843
336 336
267 290
284 290
290 290
290 267
290 284
290 290
844 844
844 844
743 845
845 845
845 743
845 845
846 847
847 847
847 846
847 847
848 848
848 848
774 771
771 771
771 774
771 771
704 703
849 703
703 703
703 704
703 849
703 703
35 851
850 851
851 851
851 35
851 850
851 851
633 852
852 852
852 633
852 852
853 856
854 856
855 856
856 856
856 853
856 854
856 855
856 856
857 858
858 858
858 857
858 858
3 860
475 860
476 860
859 860
477 860
860 860
860 476
860 475
860 477
860 3
860 859
860 860
170 861
861 861
861 170
861 861
573 571
832 571
862 571
572 571
863 571
864 571
571 571
571 573
571 832
571 862
571 572
571 864
571 863
571 571
461 459
489 459
459 459
459 461
459 489
459 459
865 866
866 866
866 865
866 866
867 867
867 867
23 22
270 22
868 22
22 22
22 23
22 270
22 868
22 22
742 740
741 740
740 740
740 742
740 741
740 740
328 869
869 869
869 328
869 869
351 348
348 348
348 351
348 348
54 870
422 870
870 870
870 54
870 422
870 870
871 872
147 872
872 872
872 871
872 147
872 872
495 491
416 491
491 491
491 495
491 416
491 491
330 327
795 327
329 327
327 327
327 330
327 795
327 329
327 327
273 271
638 271
271 271
271 273
271 638
271 271
153 152
873 152
13 152
152 152
152 153
152 13
152 873
152 152
809 808
808 808
808 809
808 808
305 304
270 304
289 304
640 304
874 304
304 304
304 305
304 270
304 289
304 640
304 874
304 304
828 825
825 825
825 828
825 825
875 875
875 875
876 877
536 877
150 877
877 877
877 876
877 150
877 536
877 877
454 453
453 453
453 454
453 453
878 880
879 880
799 880
880 880
880 799
880 879
880 878
880 880
167 751
881 751
751 751
751 167
751 881
751 751
882 882
882 882
883 885
884 885
885 885
885 884
885 883
885 885
99 887
555 887
886 887
887 887
887 555
887 99
887 886
887 887
888 888
888 888
194 222
129 222
483 222
795 222
816 222
222 222
222 194
222 129
222 483
222 795
222 816
222 222
889 889
889 889
890 890
890 890
891 891
891 891
71 600
607 600
600 600
600 71
600 607
600 600
892 893
893 893
893 892
893 893
894 894
894 894
354 779
639 779
895 779
896 779
268 779
837 779
897 779
779 779
779 354
779 639
779 896
779 897
779 837
779 895
779 268
779 779
170 899
898 899
899 899
899 170
899 898
899 899
97 95
496 95
554 95
551 95
558 95
770 95
552 95
617 95
557 95
553 95
95 95
95 97
95 496
95 554
95 551
95 558
95 770
95 557
95 617
95 553
95 552
95 95
900 900
900 900
734 901
901 901
901 734
901 901
170 903
536 903
902 903
903 903
903 170
903 536
903 902
903 903
517 904
904 904
904 517
904 904
421 419
418 419
420 419
419 419
419 421
419 418
419 420
419 419
538 905
710 905
905 905
905 538
905 710
905 905
330 328
869 328
906 328
328 328
328 330
328 869
328 906
328 328
828 826
364 826
907 826
826 826
826 828
826 364
826 907
826 826
908 908
908 908
909 910
910 910
910 909
910 910
73 72
601 72
72 72
72 73
72 601
72 72
267 291
270 291
523 291
791 291
54 291
911 291
296 291
291 291
291 267
291 270
291 523
291 791
291 911
291 296
291 54
291 291
442 441
441 441
441 442
441 441
54 912
912 912
912 54
912 912
913 913
913 913
89 800
914 800
800 800
800 89
800 914
800 800
915 917
916 917
302 917
917 917
917 916
917 302
917 915
917 917
370 369
205 369
664 369
221 369
206 369
253 369
369 369
369 370
369 205
369 664
369 221
369 206
369 253
369 369
538 920
918 920
919 920
920 920
920 538
920 919
920 918
920 920
208 207
206 207
207 207
207 208
207 206
207 207
921 922
922 922
922 921
922 922
923 923
923 923
170 924
924 924
924 170
924 924
62 925
925 925
925 62
925 925
926 926
926 926
927 927
927 927
511 509
144 509
425 509
928 509
509 509
509 511
509 425
509 144
509 928
509 509
929 929
929 929
297 930
930 930
930 297
930 930
373 376
377 376
376 376
376 373
376 377
376 376
931 932
932 932
932 931
932 932
555 933
933 933
933 555
933 933
166 165
307 165
306 165
165 165
165 166
165 307
165 306
165 165
280 277
853 277
349 277
350 277
277 277
277 280
277 349
277 853
277 350
277 277
270 638
271 638
645 638
638 638
638 270
638 271
638 645
638 638
162 159
934 159
159 159
159 162
159 934
159 159
190 187
352 187
253 187
187 187
187 190
187 352
187 253
187 187
794 793
793 793
793 794
793 793
935 935
935 935
54 936
936 936
936 54
936 936
576 937
895 937
937 937
937 576
937 895
937 937
521 517
904 517
517 517
517 521
517 904
517 517
247 245
245 245
245 247
245 245
428 524
524 524
524 428
524 524
917 915
302 915
915 915
915 917
915 302
915 915
402 400
399 400
720 400
401 400
938 400
400 400
400 402
400 399
400 720
400 938
400 401
400 400
323 319
270 319
939 319
319 319
319 323
319 270
319 939
319 319
940 940
940 940
941 941
941 941
942 942
942 942
186 179
181 179
184 179
179 179
179 186
179 181
179 184
179 179
571 862
863 862
862 862
862 571
862 863
862 862
943 944
944 944
944 943
944 944
8 945
945 945
945 8
945 945
746 946
946 946
946 746
946 946
267 292
288 292
295 292
292 292
292 267
292 288
292 295
292 292
452 451
299 451
451 451
451 452
451 299
451 451
539 538
798 538
905 538
920 538
422 538
947 538
538 538
538 539
538 798
538 905
538 920
538 947
538 422
538 538
948 948
948 948
300 297
612 297
930 297
949 297
950 297
299 297
297 297
297 300
297 612
297 930
297 950
297 299
297 949
297 297
951 953
952 953
953 953
953 951
953 952
953 953
954 954
954 954
53 469
469 469
469 53
469 469
223 955
955 955
955 223
955 955
956 956
956 956
270 639
779 639
957 639
855 639
639 639
639 270
639 779
639 957
639 855
639 639
892 958
958 958
958 892
958 958
959 959
959 959
893 892
958 892
684 892
892 892
892 893
892 958
892 684
892 892
521 518
757 518
754 518
960 518
961 518
755 518
962 518
518 518
518 521
518 757
518 960
518 961
518 754
518 755
518 962
518 518
577 575
963 575
575 575
575 577
575 963
575 575
964 966
965 966
966 966
966 964
966 965
966 966
148 143
503 143
143 143
143 148
143 503
143 143
323 320
270 320
318 320
320 320
320 323
320 270
320 318
320 320
365 363
828 363
363 363
363 365
363 828
363 363
193 192
212 192
192 192
192 193
192 212
192 192
693 692
364 692
692 692
692 693
692 364
692 692
967 967
967 967
190 188
251 188
968 188
969 188
188 188
188 190
188 251
188 969
188 968
188 188
970 971
971 971
971 970
971 971
79 75
462 75
76 75
75 75
75 79
75 462
75 76
75 75
335 331
333 331
334 331
331 331
331 335
331 334
331 333
331 331
972 972
972 972
973 976
974 976
975 976
976 976
976 974
976 975
976 973
976 976
977 977
977 977
221 788
477 788
788 788
788 221
788 477
788 788
978 979
979 979
979 978
979 979
8 980
9 980
980 980
980 8
980 9
980 980
101 99
98 99
887 99
100 99
886 99
99 99
99 101
99 98
99 887
99 100
99 886
99 99
981 982
982 982
982 981
982 982
37 54
115 54
372 54
396 54
407 54
53 54
443 54
371 54
870 54
291 54
912 54
936 54
983 54
666 54
667 54
525 54
984 54
717 54
985 54
986 54
670 54
987 54
55 54
54 54
54 37
54 115
54 372
54 396
54 407
54 53
54 443
54 371
54 870
54 291
54 912
54 936
54 717
54 986
54 666
54 987
54 525
54 984
54 983
54 670
54 667
54 55
54 985
54 54
32 988
33 988
988 988
988 33
988 32
988 988
989 989
989 989
990 990
990 990
384 383
381 383
383 383
383 384
383 381
383 383
201 200
991 200
992 200
993 200
200 200
200 201
200 991
200 993
200 992
200 200
172 169
171 169
169 169
169 172
169 171
169 169
986 994
994 994
994 986
994 994
63 62
925 62
62 62
62 63
62 925
62 62
624 622
995 622
622 622
622 624
622 995
622 622
273 272
456 272
270 272
272 272
272 273
272 456
272 270
272 272
148 144
509 144
510 144
996 144
144 144
144 148
144 509
144 510
144 996
144 144
267 293
308 293
526 293
876 293
293 293
293 267
293 308
293 526
293 876
293 293
997 997
997 997
998 998
998 998
695 694
694 694
694 695
694 694
999 1000
1000 1000
1000 999
1000 1000
148 145
145 145
145 148
145 145
1001 1001
1001 1001
801 1002
1002 1002
1002 801
1002 1002
610 609
1003 609
609 609
609 610
609 1003
609 609
162 160
158 160
160 160
160 162
160 158
160 160
858 857
1004 857
857 857
857 858
857 1004
857 857
549 548
814 548
548 548
548 549
548 814
548 548
1005 1006
367 1006
1006 1006
1006 367
1006 1005
1006 1006
365 364
828 364
826 364
692 364
364 364
364 365
364 828
364 826
364 692
364 364
13 1008
1007 1008
1008 1008
1008 13
1008 1007
1008 1008
1009 1010
1010 1010
1010 1009
1010 1010
731 730
730 730
730 731
730 730
462 822
822 822
822 462
822 822
302 1011
1011 1011
1011 302
1011 1011
426 425
509 425
510 425
425 425
425 426
425 509
425 510
425 425
309 1012
1012 1012
1012 309
1012 1012
297 949
949 949
949 297
949 949
1013 1013
1013 1013
1 0
0 0
0 1
0 0
220 626
626 626
626 220
626 626
1014 1014
1014 1014
1015 1015
1015 1015
54 983
983 983
983 54
983 983
408 586
1016 586
1017 586
1018 586
1019 586
586 586
586 408
586 1016
586 1018
586 1017
586 1019
586 586
1020 1021
1021 1021
1021 1020
1021 1021
760 758
1022 758
1023 758
31 758
758 758
758 760
758 1023
758 1022
758 31
758 758
1024 1024
1024 1024
976 973
973 973
973 976
973 973
639 957
1025 957
957 957
957 639
957 1025
957 957
101 100
99 100
555 100
1026 100
837 100
100 100
100 101
100 99
100 555
100 1026
100 837
100 100
1027 1029
246 1029
1028 1029
1029 1029
1029 1028
1029 246
1029 1027
1029 1029
326 325
325 325
325 326
325 325
856 853
277 853
349 853
1028 853
853 853
853 856
853 277
853 1028
853 349
853 853
1030 1030
1030 1030
902 1031
1031 1031
1031 902
1031 1031
392 1032
472 1032
1032 1032
1032 472
1032 392
1032 1032
136 130
812 130
130 130
130 136
130 812
130 130
5 3
860 3
3 3
3 5
3 860
3 3
1033 1034
1034 1034
1034 1033
1034 1034
5 4
4 4
4 5
4 4
270 640
304 640
640 640
640 270
640 304
640 640
270 641
628 641
641 641
641 270
641 628
641 641
711 710
905 710
1035 710
1036 710
1037 710
1038 710
710 710
710 711
710 905
710 1038
710 1037
710 1035
710 1036
710 710
1039 1039
1039 1039
197 196
707 196
196 196
196 197
196 707
196 196
42 361
361 361
361 42
361 361
263 261
698 261
1040 261
1041 261
835 261
1042 261
294 261
262 261
261 261
261 263
261 698
261 262
261 1042
261 835
261 1041
261 1040
261 294
261 261
1043 1044
1044 1044
1044 1043
1044 1044
979 978
978 978
978 979
978 978
1045 1045
1045 1045
6 684
764 684
892 684
684 684
684 6
684 764
684 892
684 684
71 601
72 601
601 601
601 71
601 72
601 601
253 840
840 840
840 253
840 840
795 810
810 810
810 795
810 810
1046 1049
1047 1049
1048 1049
1049 1049
1049 1046
1049 1047
1049 1048
1049 1049
579 578
578 578
578 579
578 578
173 821
836 821
309 821
821 821
821 173
821 836
821 309
821 821
497 736
736 736
736 497
736 736
1050 1050
1050 1050
1051 1051
1051 1051
251 249
249 249
249 251
249 249
785 783
783 783
783 785
783 783
1052 1053
1053 1053
1053 1052
1053 1053
739 737
107 737
737 737
737 739
737 107
737 737
1054 1054
1054 1054
1055 1055
1055 1055
902 1056
1056 1056
1056 902
1056 1056
309 1057
969 1057
1057 1057
1057 969
1057 309
1057 1057
346 1058
1058 1058
1058 346
1058 1058
1059 1060
1060 1060
1060 1059
1060 1060
319 939
939 939
939 319
939 939
1061 1061
1061 1061
424 422
612 422
870 422
538 422
423 422
902 422
422 422
422 424
422 612
422 870
422 538
422 902
422 423
422 422
880 878
799 878
878 878
878 880
878 799
878 878
302 1064
1062 1064
1063 1064
1064 1064
1064 1063
1064 302
1064 1062
1064 1064
660 658
658 658
658 660
658 658
1065 1065
1065 1065
1066 1066
1066 1066
259 254
252 254
1067 254
254 254
254 259
254 252
254 1067
254 254
1068 1068
1068 1068
782 781
1069 781
1070 781
215 781
781 781
781 782
781 215
781 1070
781 1069
781 781
194 223
399 223
955 223
223 223
223 194
223 399
223 955
223 223
69 67
149 67
67 67
67 69
67 149
67 67
79 76
74 76
462 76
75 76
1071 76
76 76
76 79
76 74
76 462
76 75
76 1071
76 76
1072 1072
1072 1072
1073 1073
1073 1073
345 344
1074 344
752 344
344 344
344 345
344 1074
344 752
344 344
1075 1079
1076 1079
1077 1079
1078 1079
1079 1079
1079 1075
1079 1078
1079 1077
1079 1076
1079 1079
1080 1081
1081 1081
1081 1080
1081 1081
697 746
946 746
1082 746
746 746
746 697
746 946
746 1082
746 746
89 801
1002 801
801 801
801 89
801 1002
801 801
594 1083
65 1083
563 1083
1083 1083
1083 563
1083 65
1083 594
1083 1083
1067 1084
1084 1084
1084 1067
1084 1084
911 1085
1085 1085
1085 911
1085 1085
1086 1086
1086 1086
120 119
119 119
119 120
119 119
556 555
787 555
887 555
933 555
100 555
1087 555
555 555
555 556
555 787
555 887
555 933
555 100
555 1087
555 555
1088 1089
1089 1089
1089 1088
1089 1089
1090 1091
1091 1091
1091 1090
1091 1091
115 113
384 113
113 113
113 115
113 384
113 113
1092 1092
1092 1092
200 991
991 991
991 200
991 991
1093 1093
1093 1093
816 815
817 815
815 815
815 816
815 817
815 815
631 629
632 629
270 629
629 629
629 631
629 632
629 270
629 629
729 728
342 728
728 728
728 729
728 342
728 728
1094 1095
1095 1095
1095 1094
1095 1095
1096 1097
1097 1097
1097 1096
1097 1097
21 20
20 20
20 21
20 20
56 1098
1098 1098
1098 56
1098 1098
820 819
981 819
1099 819
819 819
819 820
819 981
819 1099
819 819
430 429
429 429
429 430
429 429
1100 1100
1100 1100
100 1026
1101 1026
82 1026
1026 1026
1026 100
1026 82
1026 1101
1026 1026
1049 1046
1102 1046
1103 1046
1046 1046
1046 1049
1046 1103
1046 1102
1046 1046
766 765
765 765
765 766
765 765
1104 1106
1105 1106
1106 1106
1106 1104
1106 1105
1106 1106
570 569
620 569
391 569
569 569
569 570
569 620
569 391
569 569
109 107
251 107
495 107
739 107
648 107
125 107
809 107
737 107
1107 107
802 107
90 107
1108 107
92 107
1109 107
738 107
706 107
198 107
107 107
107 109
107 251
107 495
107 739
107 648
107 125
107 809
107 737
107 1108
107 738
107 198
107 1107
107 706
107 92
107 802
107 1109
107 90
107 107
259 255
664 255
256 255
1110 255
561 255
1111 255
255 255
255 259
255 664
255 1111
255 561
255 256
255 1110
255 255
344 1074
752 1074
1112 1074
1074 1074
1074 344
1074 1112
1074 752
1074 1074
259 256
255 256
1110 256
561 256
1111 256
256 256
256 259
256 255
256 1111
256 561
256 1110
256 256
194 224
221 224
1113 224
224 224
224 194
224 221
224 1113
224 224
69 68
778 68
149 68
68 68
68 69
68 778
68 149
68 68
753 752
344 752
1074 752
1112 752
752 752
752 753
752 344
752 1074
752 1112
752 752
368 366
367 366
366 366
366 368
366 367
366 366
358 1116
1114 1116
1115 1116
1059 1116
1116 1116
1116 1114
1116 1115
1116 1059
1116 358
1116 1116
1117 1117
1117 1117
194 225
402 225
401 225
1118 225
225 225
225 194
225 402
225 401
225 1118
225 225
505 503
143 503
504 503
503 503
503 505
503 143
503 504
503 503
402 401
720 401
400 401
225 401
938 401
401 401
401 402
401 720
401 400
401 225
401 938
401 401
18 603
258 603
603 603
603 18
603 258
603 603
307 306
164 306
165 306
306 306
306 307
306 164
306 165
306 306
593 591
123 591
1119 591
302 591
591 591
591 593
591 123
591 302
591 1119
591 591
593 592
1120 592
592 592
592 593
592 1120
592 592
1121 1121
1121 1121
255 1110
256 1110
1122 1110
1110 1110
1110 255
1110 256
1110 1122
1110 1110
1123 1124
1124 1124
1124 1123
1124 1124
1113 1125
1125 1125
1125 1113
1125 1125
1126 1126
1126 1126
1127 1128
1128 1128
1128 1127
1128 1128
421 420
418 420
560 420
806 420
419 420
812 420
420 420
420 421
420 418
420 560
420 806
420 419
420 812
420 420
1129 1130
1130 1130
1130 1129
1130 1130
303 301
301 301
301 303
301 301
107 1107
1107 1107
1107 107
1107 1107
297 950
1131 950
950 950
950 297
950 1131
950 950
1132 1132
1132 1132
874 1133
1133 1133
1133 874
1133 1133
254 1067
1084 1067
1067 1067
1067 254
1067 1084
1067 1067
1134 1135
1135 1135
1135 1134
1135 1135
758 1022
759 1022
1022 1022
1022 758
1022 759
1022 1022
371 666
54 666
667 666
670 666
666 666
666 371
666 54
666 670
666 667
666 666
127 126
566 126
126 126
126 127
126 566
126 126
1136 1136
1136 1136
1137 1137
1137 1137
1138 1138
1138 1138
136 131
162 131
149 131
135 131
131 131
131 136
131 162
131 149
131 135
131 131
1139 1140
1140 1140
1140 1139
1140 1140
45 1141
1141 1141
1141 45
1141 1141
944 943
943 943
943 944
943 943
417 415
397 415
415 415
415 417
415 397
415 415
770 769
769 769
769 770
769 769
1079 1075
1075 1075
1075 1079
1075 1075
1076 1142
969 1142
1142 1142
1142 969
1142 1076
1142 1142
1079 1076
1142 1076
969 1076
1076 1076
1076 1079
1076 1142
1076 969
1076 1076
1143 1143
1143 1143
495 492
492 492
492 495
492 492
542 540
540 540
540 542
540 540
586 1016
1018 1016
1144 1016
1145 1016
1016 1016
1016 586
1016 1144
1016 1018
1016 1145
1016 1016
1146 1147
1147 1147
1147 1146
1147 1147
1148 1148
1148 1148
1149 1150
1150 1150
1150 1149
1150 1150
136 132
679 132
817 132
132 132
132 136
132 679
132 817
132 132
114 1151
1151 1151
1151 114
1151 1151
563 1152
1152 1152
1152 563
1152 1152
417 416
397 416
491 416
416 416
416 417
416 397
416 491
416 416
397 435
435 435
435 397
435 435
495 493
493 493
493 495
493 493
1153 1153
1153 1153
89 802
107 802
91 802
92 802
802 802
802 89
802 107
802 92
802 91
802 802
200 992
992 992
992 200
992 992
1135 1134
123 1134
1063 1134
1134 1134
1134 1135
1134 123
1134 1063
1134 1134
186 180
1154 180
180 180
180 186
180 1154
180 180
1155 1155
1155 1155
1156 1157
1157 1157
1157 1156
1157 1157
180 1154
1158 1154
1159 1154
1154 1154
1154 180
1154 1159
1154 1158
1154 1154
1081 1080
1080 1080
1080 1081
1080 1080
335 332
1160 332
332 332
332 335
332 1160
332 332
922 921
921 921
921 922
921 921
1160 1161
1161 1161
1161 1160
1161 1161
595 594
1083 594
65 594
594 594
594 595
594 1083
594 65
594 594
774 772
772 772
772 774
772 772
261 1040
1162 1040
1040 1040
1040 261
1040 1162
1040 1040
586 1017
1019 1017
1017 1017
1017 586
1017 1019
1017 1017
577 576
937 576
477 576
576 576
576 577
576 937
576 477
576 576
1163 1164
1164 1164
1164 1163
1164 1164
1165 1166
1020 1166
1166 1166
1166 1020
1166 1165
1166 1166
554 552
95 552
553 552
552 552
552 554
552 95
552 553
552 552
691 690
690 690
690 691
690 690
1018 1167
334 1167
1167 1167
1167 334
1167 1018
1167 1167
136 133
194 133
228 133
56 133
133 133
133 136
133 194
133 56
133 228
133 133
330 329
795 329
327 329
329 329
329 330
329 795
329 327
329 329
239 238
236 238
237 238
499 238
500 238
238 238
238 239
238 236
238 237
238 499
238 500
238 238
221 789
789 789
789 221
789 789
395 392
391 392
1032 392
392 392
392 395
392 391
392 1032
392 392
1154 1158
1159 1158
1158 1158
1158 1154
1158 1159
1158 1158
502 501
501 501
501 502
501 501
1079 1077
1077 1077
1077 1079
1077 1077
872 871
302 871
871 871
871 872
871 302
871 871
1168 1168
1168 1168
1169 1169
1169 1169
877 876
293 876
876 876
876 877
876 293
876 876
678 677
813 677
677 677
677 678
677 813
677 677
828 827
827 827
827 828
827 827
1170 1170
1170 1170
261 1041
1041 1041
1041 261
1041 1041
359 358
1116 358
1114 358
358 358
358 359
358 1116
358 1114
358 358
1171 1171
1171 1171
432 431
481 431
699 431
1172 431
431 431
431 432
431 481
431 699
431 1172
431 431
347 346
1058 346
181 346
346 346
346 347
346 1058
346 181
346 346
1173 1174
965 1174
1174 1174
1174 1173
1174 965
1174 1174
291 911
1085 911
170 911
536 911
322 911
911 911
911 291
911 1085
911 170
911 536
911 322
911 911
1175 1175
1175 1175
537 535
585 535
71 535
1176 535
536 535
535 535
535 537
535 585
535 71
535 1176
535 536
535 535
152 873
1177 873
873 873
873 152
873 1177
873 873
1178 1178
1178 1178
194 226
226 226
226 194
226 226
102 217
323 217
403 217
217 217
217 102
217 323
217 403
217 217
779 895
937 895
895 895
895 779
895 937
895 895
573 572
571 572
572 572
572 573
572 571
572 572
371 667
54 667
666 667
667 667
667 371
667 54
667 666
667 667
590 589
588 589
589 589
589 590
589 588
589 589
1179 1179
1179 1179
514 513
1131 513
513 513
513 514
513 1131
513 513
757 754
518 754
754 754
754 757
754 518
754 754
1089 1088
1088 1088
1088 1089
1088 1088
194 227
221 227
150 227
227 227
227 194
227 221
227 150
227 227
1180 1180
1180 1180
302 1181
1181 1181
1181 302
1181 1181
478 475
698 475
860 475
476 475
835 475
859 475
475 475
475 478
475 698
475 860
475 476
475 835
475 859
475 475
1166 1165
1165 1165
1165 1166
1165 1165
1182 1182
1182 1182
478 476
860 476
475 476
859 476
1183 476
476 476
476 478
476 860
476 475
476 1183
476 859
476 476
1184 1184
1184 1184
304 874
1133 874
1185 874
1186 874
874 874
874 304
874 1133
874 1185
874 1186
874 874
1187 1187
1187 1187
259 257
257 257
257 259
257 257
93 90
107 90
90 90
90 93
90 107
90 90
93 91
89 91
802 91
92 91
91 91
91 93
91 89
91 802
91 92
91 91
275 274
213 274
274 274
274 275
274 213
274 274
1188 1188
1188 1188
97 96
1189 96
96 96
96 97
96 1189
96 96
710 1035
1036 1035
1037 1035
1190 1035
1035 1035
1035 710
1035 1037
1035 1190
1035 1036
1035 1035
535 1176
1191 1176
583 1176
1192 1176
1176 1176
1176 535
1176 1191
1176 1192
1176 583
1176 1176
522 525
54 525
525 525
525 522
525 54
525 525
518 960
1193 960
960 960
960 518
960 1193
960 960
710 1036
1035 1036
1037 1036
1036 1036
1036 710
1036 1035
1036 1037
1036 1036
1194 1195
1195 1195
1195 1194
1195 1195
567 566
126 566
566 566
566 567
566 126
566 566
1196 1196
1196 1196
386 651
387 651
651 651
651 386
651 387
651 651
186 181
179 181
346 181
181 181
181 186
181 179
181 346
181 181
617 1197
618 1197
553 1197
1197 1197
1197 618
1197 617
1197 553
1197 1197
795 811
812 811
811 811
811 795
811 812
811 811
764 762
762 762
762 764
762 762
309 1198
170 1198
1198 1198
1198 170
1198 309
1198 1198
1199 1200
1186 1200
1200 1200
1200 1186
1200 1199
1200 1200
1201 1201
1201 1201
511 510
144 510
425 510
928 510
510 510
510 511
510 144
510 425
510 928
510 510
235 231
104 231
231 231
231 235
231 104
231 231
795 812
130 812
420 812
811 812
813 812
812 812
812 795
812 130
812 420
812 811
812 813
812 812
1006 1005
1005 1005
1005 1006
1005 1005
158 530
270 530
362 530
530 530
530 158
530 270
530 362
530 530
1000 999
999 999
999 1000
999 999
1154 1159
1158 1159
1159 1159
1159 1154
1159 1158
1159 1159
1113 1202
906 1202
1202 1202
1202 1113
1202 906
1202 1202
1029 1027
1027 1027
1027 1029
1027 1027
386 652
652 652
652 386
652 652
586 1018
1016 1018
1167 1018
77 1018
78 1018
1018 1018
1018 586
1018 1016
1018 1167
1018 77
1018 78
1018 1018
758 1023
1023 1023
1023 758
1023 1023
83 81
820 81
1203 81
82 81
81 81
81 83
81 820
81 1203
81 82
81 81
703 849
849 849
849 703
849 849
379 378
1204 378
135 378
378 378
378 379
378 135
378 1204
378 378
244 243
243 243
243 244
243 243
443 621
1205 621
621 621
621 443
621 1205
621 621
1021 1020
1166 1020
1020 1020
1020 1021
1020 1166
1020 1020
1106 1104
13 1104
1105 1104
1104 1104
1104 1106
1104 13
1104 1105
1104 1104
1129 1206
1206 1206
1206 1129
1206 1206
317 831
831 831
831 317
831 831
351 349
324 349
277 349
853 349
1207 349
349 349
349 351
349 324
349 277
349 853
349 1207
349 349
697 747
1059 747
747 747
747 697
747 1059
747 747
518 961
961 961
961 518
961 961
171 1208
1208 1208
1208 171
1208 1208
1140 1139
170 1139
1139 1139
1139 1140
1139 170
1139 1139
830 829
829 829
829 830
829 829
42 362
158 362
270 362
530 362
362 362
362 42
362 158
362 270
362 530
362 362
79 77
1018 77
78 77
77 77
77 79
77 1018
77 78
77 77
1209 1209
1209 1209
499 498
498 498
498 499
498 498
388 387
651 387
387 387
387 388
387 651
387 387
182 1210
1210 1210
1210 182
1210 1210
1211 1212
1212 1212
1212 1211
1212 1212
1213 1213
1213 1213
1214 1215
1215 1215
1215 1214
1215 1215
1216 1216
1216 1216
371 668
668 668
668 371
668 668
1217 1217
1217 1217
1160 1218
1218 1218
1218 1160
1218 1218
857 1004
1004 1004
1004 857
1004 1004
586 1019
1017 1019
1019 1019
1019 586
1019 1017
1019 1019
1219 1220
1220 1220
1220 1219
1220 1220
1221 1221
1221 1221
41 38
40 38
38 38
38 41
38 40
38 38
681 680
1222 680
680 680
680 681
680 1222
680 680
1223 1223
1223 1223
742 741
740 741
741 741
741 742
741 740
741 741
1224 1224
1224 1224
1044 1043
1043 1043
1043 1044
1043 1043
509 928
510 928
947 928
928 928
928 509
928 510
928 947
928 928
251 250
250 250
250 251
250 250
836 835
261 835
475 835
309 835
835 835
835 836
835 261
835 475
835 309
835 835
544 543
146 543
543 543
543 544
543 146
543 543
896 1225
897 1225
1225 1225
1225 896
1225 897
1225 1225
609 1003
1003 1003
1003 609
1003 1003
1226 1226
1226 1226
1227 1227
1227 1227
1228 1228
1228 1228
1229 1229
1229 1229
1230 1231
1231 1231
1231 1230
1231 1231
1232 1232
1232 1232
45 1233
1233 1233
1233 45
1233 1233
1234 1234
1234 1234
1150 1149
1149 1149
1149 1150
1149 1149
781 1069
1069 1069
1069 781
1069 1069
800 914
914 914
914 800
914 914
247 246
816 246
1029 246
246 246
246 247
246 816
246 1029
246 246
611 682
682 682
682 611
682 682
910 909
909 909
909 910
909 909
1235 1235
1235 1235
1053 1052
1236 1052
1052 1052
1052 1053
1052 1236
1052 1052
98 427
427 427
427 98
427 427
880 879
879 879
879 880
879 879
1124 1123
504 1123
1123 1123
1123 1124
1123 504
1123 1123
270 642
45 642
642 642
642 270
642 45
642 642
1237 1237
1237 1237
1147 1146
1146 1146
1146 1147
1146 1146
1157 1156
1156 1156
1156 1157
1156 1156
1108 1238
1238 1238
1238 1108
1238 1238
66 65
105 65
478 65
230 65
735 65
1083 65
594 65
233 65
1239 65
234 65
65 65
65 66
65 105
65 478
65 230
65 735
65 1083
65 594
65 1239
65 234
65 233
65 65
202 561
255 561
256 561
1177 561
561 561
561 202
561 255
561 256
561 1177
561 561
873 1177
561 1177
1177 1177
1177 873
1177 561
1177 1177
221 790
790 790
790 221
790 790
1240 1240
1240 1240
54 984
984 984
984 54
984 984
746 1082
1082 1082
1082 746
1082 1082
36 35
391 35
851 35
35 35
35 36
35 391
35 851
35 35
280 278
278 278
278 280
278 278
604 1241
1241 1241
1241 604
1241 1241
310 309
285 309
556 309
399 309
270 309
318 309
1012 309
821 309
1057 309
1198 309
835 309
45 309
1242 309
309 309
309 310
309 285
309 556
309 399
309 270
309 318
309 1012
309 821
309 1057
309 1198
309 835
309 45
309 1242
309 309
1243 1243
1243 1243
1244 1244
1244 1244
1245 1246
1246 1246
1246 1245
1246 1246
1247 1248
1248 1248
1248 1247
1248 1248
1245 1249
1249 1249
1249 1245
1249 1249
917 916
258 916
916 916
916 917
916 258
916 916
335 333
331 333
333 333
333 335
333 331
333 333
1102 1250
1103 1250
1250 1250
1250 1103
1250 1102
1250 1250
1251 1252
9 1252
1252 1252
1252 1251
1252 9
1252 1252
1253 1253
1253 1253
159 934
1163 934
934 934
934 159
934 1163
934 934
950 1131
513 1131
669 1131
1254 1131
1131 1131
1131 950
1131 513
1131 1254
1131 669
1131 1131
1255 1255
1255 1255
1256 1257
1257 1257
1257 1256
1257 1257
1176 1191
1191 1191
1191 1176
1191 1191
1258 1258
1258 1258
386 653
1259 653
653 653
653 386
653 1259
653 653
647 646
646 646
646 647
646 646
887 886
99 886
886 886
886 887
886 99
886 886
1079 1078
1078 1078
1078 1079
1078 1078
966 964
108 964
198 964
964 964
964 966
964 198
964 108
964 964
150 1260
1260 1260
1260 150
1260 1260
725 723
722 723
1261 723
799 723
723 723
723 725
723 722
723 799
723 1261
723 723
440 439
438 439
439 439
439 440
439 438
439 439
1246 1245
1249 1245
123 1245
1129 1245
1245 1245
1245 1246
1245 1249
1245 123
1245 1129
1245 1245
701 700
700 700
700 701
700 700
18 604
1241 604
623 604
604 604
604 18
604 1241
604 623
604 604
27 25
25 25
25 27
25 25
368 367
1006 367
366 367
367 367
367 368
367 1006
367 366
367 367
718 717
54 717
717 717
717 718
717 54
717 717
1262 1262
1262 1262
1263 1263
1263 1263
255 1111
256 1111
1264 1111
1111 1111
1111 255
1111 256
1111 1264
1111 1111
920 918
504 918
918 918
918 920
918 504
918 918
1265 1265
1265 1265
270 643
643 643
643 270
643 643
824 823
823 823
823 824
823 823
1116 1114
358 1114
1114 1114
1114 1116
1114 358
1114 1114
781 1070
215 1070
1070 1070
1070 781
1070 215
1070 1070
172 170
437 170
252 170
861 170
899 170
903 170
924 170
911 170
1198 170
1139 170
1266 170
161 170
170 170
170 172
170 437
170 252
170 861
170 899
170 903
170 924
170 911
170 1198
170 1139
170 161
170 1266
170 170
1267 1267
1267 1267
76 1071
1163 1071
1145 1071
1071 1071
1071 76
1071 1163
1071 1145
1071 1071
10 8
945 8
980 8
9 8
8 8
8 10
8 945
8 980
8 9
8 8
976 974
974 974
974 976
974 974
1268 1268
1268 1268
1269 1269
1269 1269
397 436
495 436
436 436
436 397
436 495
436 436
1270 1270
1270 1270
351 350
324 350
277 350
1271 350
843 350
350 350
350 351
350 324
350 277
350 1271
350 843
350 350
1272 1272
1272 1272
1010 1009
1009 1009
1009 1010
1009 1009
12 732
13 732
732 732
732 12
732 13
732 732
1212 1211
258 1211
1211 1211
1211 1212
1211 258
1211 1211
1273 1273
1273 1273
261 1042
1042 1042
1042 261
1042 1042
323 321
321 321
321 323
321 321
874 1185
1185 1185
1185 874
1185 1185
115 114
1151 114
114 114
114 115
114 1151
114 114
971 970
970 970
970 971
970 970
424 423
422 423
423 423
423 424
423 422
423 423
1095 1094
1094 1094
1094 1095
1094 1094
186 182
1210 182
182 182
182 186
182 1210
182 182
1274 1274
1274 1274
774 773
773 773
773 774
773 773
538 947
928 947
947 947
947 538
947 928
947 947
795 813
677 813
812 813
813 813
813 795
813 677
813 812
813 813
302 1275
1063 1275
1275 1275
1275 1063
1275 302
1275 1275
144 996
1276 996
996 996
996 144
996 1276
996 996
14 13
190 13
12 13
152 13
1008 13
1104 13
732 13
1277 13
189 13
1278 13
1279 13
13 13
13 14
13 190
13 12
13 152
13 1008
13 1104
13 732
13 1279
13 189
13 1277
13 1278
13 13
48 47
47 47
47 48
47 47
1091 1090
1090 1090
1090 1091
1090 1090
267 294
270 294
261 294
294 294
294 267
294 270
294 261
294 294
242 241
241 241
241 242
241 241
13 1277
1277 1277
1277 13
1277 1277
847 846
846 846
846 847
846 846
96 1189
1189 1189
1189 96
1189 1189
461 460
1280 460
1281 460
1282 460
1283 460
460 460
460 461
460 1281
460 1280
460 1283
460 1282
460 460
79 78
462 78
1018 78
77 78
78 78
78 79
78 462
78 1018
78 77
78 78
1284 1284
1284 1284
516 515
515 515
515 516
515 515
653 1259
1285 1259
1259 1259
1259 653
1259 1285
1259 1259
621 1205
1205 1205
1205 621
1205 1205
412 411
411 411
411 412
411 411
1286 1286
1286 1286
583 1287
1287 1287
1287 583
1287 1287
1288 1288
1288 1288
1289 1289
1289 1289
1016 1144
1230 1144
1144 1144
1144 1016
1144 1230
1144 1144
107 1108
1238 1108
1109 1108
1108 1108
1108 107
1108 1238
1108 1109
1108 1108
757 755
518 755
755 755
755 757
755 518
755 755
757 756
756 756
756 757
756 756
214 213
275 213
125 213
274 213
763 213
213 213
213 214
213 275
213 125
213 274
213 763
213 213
1290 1290
1290 1290
148 146
414 146
543 146
919 146
146 146
146 148
146 414
146 543
146 919
146 146
1164 1163
934 1163
1071 1163
1163 1163
1163 1164
1163 934
1163 1071
1163 1163
158 531
531 531
531 158
531 531
1026 1101
45 1101
1025 1101
1101 1101
1101 1026
1101 1025
1101 45
1101 1101
1261 1291
799 1291
1291 1291
1291 799
1291 1261
1291 1291
46 45
452 45
286 45
539 45
270 45
696 45
637 45
1141 45
1233 45
642 45
309 45
1101 45
299 45
45 45
45 46
45 452
45 286
45 539
45 270
45 696
45 637
45 1141
45 1233
45 642
45 309
45 1101
45 299
45 45
371 669
1131 669
669 669
669 371
669 1131
669 669
1292 1292
1292 1292
1048 1293
1293 1293
1293 1048
1293 1293
312 311
311 311
311 312
311 311
697 748
748 748
748 697
748 748
976 975
975 975
975 976
975 975
136 134
128 134
968 134
134 134
134 136
134 128
134 968
134 134
151 149
385 149
67 149
68 149
131 149
149 149
149 151
149 385
149 67
149 68
149 131
149 149
460 1280
1280 1280
1280 460
1280 1280
1294 1294
1294 1294
581 676
1007 676
676 676
676 581
676 1007
676 676
995 1295
1295 1295
1295 995
1295 1295
1296 1296
1296 1296
1049 1047
1048 1047
1047 1047
1047 1049
1047 1048
1047 1047
235 232
232 232
232 235
232 232
1116 1115
767 1115
1115 1115
1115 1116
1115 767
1115 1115
352 767
1115 767
767 767
767 352
767 1115
767 767
34 31
758 31
32 31
759 31
33 31
31 31
31 34
31 758
31 33
31 32
31 759
31 31
1252 1251
9 1251
1251 1251
1251 1252
1251 9
1251 1251
1297 1298
902 1298
1298 1298
1298 902
1298 1297
1298 1298
34 32
988 32
31 32
33 32
32 32
32 34
32 988
32 31
32 33
32 32
235 233
230 233
65 233
233 233
233 235
233 230
233 65
233 233
521 519
624 519
623 519
519 519
519 521
519 624
519 623
519 519
764 763
125 763
786 763
213 763
763 763
763 764
763 125
763 786
763 213
763 763
860 859
475 859
476 859
477 859
859 859
859 860
859 475
859 476
859 477
859 859
1215 1214
1214 1214
1214 1215
1214 1214
1259 1285
1285 1285
1285 1259
1285 1285
54 985
985 985
985 54
985 985
588 734
901 734
1299 734
734 734
734 588
734 901
734 1299
734 734
826 907
1300 907
907 907
907 826
907 1300
907 907
124 123
177 123
570 123
591 123
1134 123
1245 123
1301 123
1129 123
123 123
123 124
123 177
123 570
123 591
123 1134
123 1245
123 1301
123 1129
123 123
982 981
819 981
981 981
981 982
981 819
981 981
575 963
963 963
963 575
963 963
1298 1297
1297 1297
1297 1298
1297 1297
54 986
994 986
986 986
986 54
986 994
986 986
750 749
749 749
749 750
749 749
1302 1302
1302 1302
1266 1303
969 1303
1303 1303
1303 969
1303 1266
1303 1303
1193 1304
1096 1304
1304 1304
1304 1193
1304 1096
1304 1304
1052 1236
1236 1236
1236 1052
1236 1236
280 279
279 279
279 280
279 279
1305 1305
1305 1305
478 477
860 477
788 477
576 477
859 477
477 477
477 478
477 860
477 788
477 576
477 859
477 477
953 951
952 951
951 951
951 953
951 952
951 951
204 203
807 203
203 203
203 204
203 807
203 203
190 189
13 189
189 189
189 190
189 13
189 189
960 1193
1304 1193
1306 1193
1096 1193
1193 1193
1193 960
1193 1304
1193 1306
1193 1096
1193 1193
170 1266
1303 1266
1266 1266
1266 170
1266 1303
1266 1266
1174 1173
536 1173
1173 1173
1173 1174
1173 536
1173 1173
336 842
842 842
842 336
842 842
123 1301
1301 1301
1301 123
1301 1301
1049 1048
1293 1048
1047 1048
1048 1048
1048 1049
1048 1293
1048 1047
1048 1048
13 1278
1278 1278
1278 13
1278 1278
1307 1307
1307 1307
400 938
401 938
938 938
938 400
938 401
938 938
1308 1308
1308 1308
518 962
962 962
962 518
962 962
431 1172
1172 1172
1172 431
1172 1172
537 536
795 536
877 536
903 536
911 536
535 536
1173 536
1309 536
584 536
969 536
536 536
536 537
536 795
536 877
536 903
536 911
536 535
536 1173
536 969
536 584
536 1309
536 536
660 659
659 659
659 660
659 659
536 1309
1309 1309
1309 536
1309 1309
966 965
1174 965
965 965
965 966
965 1174
965 965
723 1261
1291 1261
799 1261
1261 1261
1261 723
1261 1291
1261 799
1261 1261
186 183
184 183
183 183
183 186
183 184
183 183
819 1099
1099 1099
1099 819
1099 1099
210 209
209 209
209 210
209 209
122 121
121 121
121 122
121 121
22 868
868 868
868 22
868 868
65 1239
1239 1239
1239 65
1239 1239
309 1242
1242 1242
1242 309
1242 1242
1016 1145
1071 1145
1145 1145
1145 1016
1145 1071
1145 1145
645 1310
1310 1310
1310 645
1310 1310
591 1119
302 1119
1119 1119
1119 591
1119 302
1119 1119
85 84
84 84
84 85
84 84
760 759
1022 759
31 759
759 759
759 760
759 1022
759 31
759 759
1063 1311
1311 1311
1311 1063
1311 1311
1131 1254
1254 1254
1254 1131
1254 1254
1276 1312
1312 1312
1312 1276
1312 1312
1313 1313
1313 1313
378 1204
1204 1204
1204 378
1204 1204
230 562
562 562
562 230
562 562
505 504
711 504
503 504
1123 504
918 504
504 504
504 505
504 711
504 503
504 1123
504 918
504 504
1200 1199
1037 1199
1199 1199
1199 1200
1199 1037
1199 1199
136 135
162 135
131 135
378 135
135 135
135 136
135 162
135 131
135 378
135 135
235 234
65 234
234 234
234 235
234 65
234 234
335 334
631 334
270 334
331 334
1167 334
334 334
334 335
334 631
334 270
334 331
334 1167
334 334
1046 1102
1250 1102
1102 1102
1102 1046
1102 1250
1102 1102
93 92
125 92
107 92
802 92
91 92
92 92
92 93
92 125
92 107
92 802
92 91
92 92
300 298
298 298
298 300
298 298
542 541
541 541
541 542
541 541
1314 1314
1314 1314
147 1315
1315 1315
1315 147
1315 1315
373 377
376 377
377 377
377 373
377 376
377 377
1316 1316
1316 1316
957 1025
1101 1025
1025 1025
1025 957
1025 1101
1025 1025
350 1271
1271 1271
1271 350
1271 1271
303 302
450 302
627 302
818 302
917 302
915 302
1011 302
1064 302
591 302
871 302
1181 302
1275 302
1119 302
302 302
302 303
302 450
302 627
302 818
302 917
302 915
302 1011
302 1064
302 591
302 871
302 1181
302 1275
302 1119
302 302
776 775
775 775
775 776
775 775
903 902
1031 902
1056 902
422 902
1298 902
1317 902
902 902
902 903
902 1031
902 1056
902 422
902 1298
902 1317
902 902
599 633
852 633
633 633
633 599
633 852
633 633
474 471
470 471
472 471
471 471
471 474
471 470
471 472
471 471
194 228
219 228
221 228
133 228
228 228
228 194
228 219
228 221
228 133
228 228
1257 1256
1256 1256
1256 1257
1256 1256
619 617
95 617
1197 617
617 617
617 619
617 95
617 1197
617 617
619 618
1197 618
618 618
618 619
618 1197
618 618
1318 1318
1318 1318
785 784
784 784
784 785
784 784
779 896
1225 896
897 896
896 896
896 779
896 1225
896 897
896 896
866 865
865 865
865 866
865 865
571 863
862 863
864 863
863 863
863 571
863 862
863 864
863 863
571 864
863 864
864 864
864 571
864 863
864 864
87 1319
1319 1319
1319 87
1319 1319
598 597
597 597
597 598
597 597
1320 1320
1320 1320
81 1203
1321 1203
1203 1203
1203 81
1203 1321
1203 1203
1203 1321
1321 1321
1321 1203
1321 1321
186 184
179 184
183 184
184 184
184 186
184 179
184 183
184 184
88 87
1319 87
87 87
87 88
87 1319
87 87
1322 1322
1322 1322
107 1109
1108 1109
1109 1109
1109 107
1109 1108
1109 1109
270 644
644 644
644 270
644 644
725 724
724 724
724 725
724 724
585 583
71 583
1176 583
1287 583
583 583
583 585
583 71
583 1176
583 1287
583 583
1231 1230
1144 1230
1230 1230
1230 1231
1230 1144
1230 1230
1323 1323
1323 1323
13 1279
1279 1279
1279 13
1279 1279
874 1186
1200 1186
185 1186
1186 1186
1186 874
1186 1200
1186 185
1186 1186
1324 1324
1324 1324
118 841
841 841
841 118
841 841
1325 1325
1325 1325
455 743
796 743
845 743
584 743
743 743
743 455
743 796
743 845
743 584
743 743
1110 1122
1326 1122
1122 1122
1122 1110
1122 1326
1122 1122
673 672
672 672
672 673
672 672
799 1327
1327 1327
1327 799
1327 1327
907 1300
1300 1300
1300 907
1300 1300
449 448
448 448
448 449
448 448
157 156
156 156
156 157
156 156
1328 1328
1328 1328
558 557
95 557
557 557
557 558
557 95
557 557
1329 1329
1329 1329
622 995
1295 995
484 995
995 995
995 622
995 1295
995 484
995 995
186 185
688 185
1186 185
185 185
185 186
185 688
185 1186
185 185
585 584
536 584
743 584
584 584
584 585
584 536
584 743
584 584
920 919
146 919
919 919
919 920
919 146
919 919
521 520
761 520
520 520
520 521
520 761
520 520
188 968
134 968
968 968
968 188
968 134
968 968
109 108
199 108
964 108
108 108
108 109
108 199
108 964
108 108
158 532
532 532
532 158
532 532
1046 1103
1250 1103
1103 1103
1103 1046
1103 1250
1103 1103
1220 1219
969 1219
1219 1219
1219 1220
1219 969
1219 1219
953 952
951 952
952 952
952 953
952 951
952 952
188 969
1057 969
1142 969
1076 969
1303 969
536 969
1219 969
1330 969
1192 969
969 969
969 188
969 1057
969 1142
969 1076
969 1303
969 536
969 1219
969 1192
969 1330
969 969
1331 1331
1331 1331
1040 1162
1162 1162
1162 1040
1162 1162
1113 1332
1332 1332
1332 1113
1332 1332
447 445
445 445
445 447
445 445
710 1037
1035 1037
1036 1037
1199 1037
1038 1037
1333 1037
1037 1037
1037 710
1037 1035
1037 1036
1037 1199
1037 1333
1037 1038
1037 1037
460 1281
1283 1281
1281 1281
1281 460
1281 1283
1281 1281
1034 1033
1033 1033
1033 1034
1033 1033
1008 1007
676 1007
1007 1007
1007 1008
1007 676
1007 1007
1334 1334
1334 1334
51 50
50 50
50 51
50 50
1193 1306
1306 1306
1306 1193
1306 1306
1335 1335
1335 1335
1074 1112
752 1112
1112 1112
1112 1074
1112 752
1112 1112
395 393
393 393
393 395
393 393
225 1118
1118 1118
1118 225
1118 1118
230 563
1083 563
1152 563
563 563
563 230
563 1083
563 1152
563 563
386 654
654 654
654 386
654 654
734 1299
1299 1299
1299 734
1299 1299
996 1276
1312 1276
1276 1276
1276 996
1276 1312
1276 1276
751 881
881 881
881 751
881 881
270 645
638 645
1310 645
645 645
645 270
645 638
645 1310
645 645
476 1183
1183 1183
1183 476
1183 1183
1336 1336
1336 1336
200 993
993 993
993 200
993 993
1337 1337
1337 1337
474 472
611 472
1032 472
471 472
472 472
472 474
472 611
472 1032
472 471
472 472
269 268
270 268
779 268
268 268
268 269
268 270
268 779
268 268
1035 1190
1190 1190
1190 1035
1190 1190
631 630
635 630
630 630
630 631
630 635
630 630
710 1038
1037 1038
1333 1038
1038 1038
1038 710
1038 1037
1038 1333
1038 1038
465 464
464 464
464 465
464 464
10 9
980 9
1252 9
8 9
1251 9
9 9
9 10
9 980
9 1252
9 8
9 1251
9 9
722 799
880 799
878 799
723 799
1291 799
1261 799
1327 799
799 799
799 722
799 880
799 878
799 723
799 1291
799 1261
799 1327
799 799
353 837
779 837
100 837
837 837
837 353
837 779
837 100
837 837
483 709
709 709
709 483
709 709
1338 1338
1338 1338
1339 1339
1339 1339
300 299
452 299
451 299
297 299
45 299
299 299
299 300
299 452
299 451
299 297
299 45
299 299
1340 1340
1340 1340
547 546
824 546
546 546
546 547
546 824
546 546
739 738
107 738
738 738
738 739
738 107
738 738
315 559
559 559
559 315
559 559
1029 1028
853 1028
1028 1028
1028 1029
1028 853
1028 1028
219 404
404 404
404 219
404 404
224 1113
1125 1113
1202 1113
1332 1113
906 1113
1113 1113
1113 224
1113 1125
1113 1202
1113 1332
1113 906
1113 1113
1341 1341
1341 1341
34 33
988 33
31 33
32 33
33 33
33 34
33 988
33 31
33 32
33 33
386 655
655 655
655 386
655 655
1097 1096
1304 1096
1193 1096
1096 1096
1096 1097
1096 1304
1096 1193
1096 1096
158 533
533 533
533 158
533 533
778 777
777 777
777 778
777 777
336 843
350 843
843 843
843 336
843 350
843 843
1128 1127
1127 1127
1127 1128
1127 1127
1342 1342
1342 1342
1106 1105
1104 1105
1105 1105
1105 1106
1105 1104
1105 1105
178 833
833 833
833 178
833 833
1248 1247
1247 1247
1247 1248
1247 1247
1060 1059
1116 1059
747 1059
1343 1059
1059 1059
1059 1060
1059 1116
1059 747
1059 1343
1059 1059
1059 1343
1343 1343
1343 1059
1343 1343
1130 1129
1206 1129
1245 1129
123 1129
1129 1129
1129 1130
1129 1206
1129 1245
1129 123
1129 1129
555 1087
1087 1087
1087 555
1087 1087
932 931
931 931
931 932
931 931
148 147
872 147
1315 147
147 147
147 148
147 872
147 1315
147 147
194 229
150 229
229 229
229 194
229 150
229 229
1344 1344
1344 1344
485 484
995 484
484 484
484 485
484 995
484 484
969 1330
1330 1330
1330 969
1330 1330
1064 1062
1063 1062
1062 1062
1062 1064
1062 1063
1062 1062
162 161
170 161
161 161
161 162
161 170
161 161
650 706
107 706
706 706
706 650
706 107
706 706
902 1317
1317 1317
1317 902
1317 1317
83 82
820 82
1026 82
81 82
82 82
82 83
82 820
82 1026
82 81
82 82
371 670
54 670
666 670
670 670
670 371
670 54
670 666
670 670
1345 1345
1345 1345
54 987
987 987
987 54
987 987
554 553
95 553
552 553
1197 553
553 553
553 554
553 95
553 552
553 1197
553 553
57 55
54 55
39 55
40 55
55 55
55 57
55 54
55 40
55 39
55 55
1111 1264
1264 1264
1264 1111
1264 1264
259 258
603 258
916 258
1211 258
258 258
258 259
258 603
258 916
258 1211
258 258
779 897
1225 897
896 897
897 897
897 779
897 1225
897 896
897 897
851 850
850 850
850 851
850 850
391 719
1063 719
719 719
719 391
719 1063
719 719
332 1160
1161 1160
1218 1160
1160 1160
1160 332
1160 1161
1160 1218
1160 1160
1037 1333
1038 1333
1333 1333
1333 1037
1333 1038
1333 1333
151 150
194 150
221 150
877 150
227 150
1260 150
229 150
1346 150
150 150
150 151
150 194
150 221
150 877
150 227
150 1260
150 229
150 1346
150 150
1347 1347
1347 1347
856 854
1207 854
855 854
854 854
854 856
854 1207
854 855
854 854
349 1207
854 1207
855 1207
1207 1207
1207 349
1207 854
1207 855
1207 1207
856 855
639 855
854 855
1207 855
855 855
855 856
855 639
855 854
855 1207
855 855
328 906
1202 906
1113 906
906 906
906 328
906 1202
906 1113
906 906
41 39
55 39
39 39
39 41
39 55
39 39
41 40
38 40
55 40
40 40
40 41
40 38
40 55
40 40
1064 1063
1134 1063
1275 1063
1311 1063
1062 1063
719 1063
1063 1063
1063 1064
1063 1134
1063 1275
1063 1311
1063 1062
1063 719
1063 1063
27 26
26 26
26 27
26 26
447 446
446 446
446 447
446 446
460 1282
94 1282
1282 1282
1282 460
1282 94
1282 1282
1348 1348
1348 1348
155 154
154 154
154 155
154 154
1349 1349
1349 1349
1350 1350
1350 1350
624 623
681 623
604 623
519 623
623 623
623 624
623 681
623 604
623 519
623 623
680 1222
1222 1222
1222 680
1222 1222
885 883
884 883
883 883
883 885
883 884
883 883
885 884
883 884
884 884
884 885
884 883
884 884
199 198
107 198
964 198
198 198
198 199
198 107
198 964
198 198
1122 1326
1326 1326
1326 1122
1326 1326
386 656
656 656
656 386
656 656
795 814
548 814
814 814
814 795
814 548
814 814
592 1120
1120 1120
1120 592
1120 1120
1351 1351
1351 1351
1352 1352
1352 1352
216 215
781 215
1070 215
215 215
215 216
215 781
215 1070
215 215
267 295
292 295
295 295
295 267
295 292
295 295
150 1346
1346 1346
1346 150
1346 1346
395 394
394 394
394 395
394 394
1195 1194
1194 1194
1194 1195
1194 1194
1176 1192
969 1192
1192 1192
1192 1176
1192 969
1192 1192
460 1283
1281 1283
1283 1283
1283 460
1283 1281
1283 1283
323 322
315 322
911 322
322 322
322 323
322 315
322 911
322 322
57 56
1098 56
133 56
56 56
56 57
56 1098
56 133
56 56
474 473
470 473
473 473
473 474
473 470
473 473
267 296
270 296
291 296
296 296
296 267
296 270
296 291
296 296
18 605
605 605
605 18
605 605
495 494
494 494
494 495
494 494
49 94
1282 94
94 94
94 49
94 1282
94 94
1353 1353
1353 1353
172 171
568 171
169 171
1208 171
171 171
171 172
171 568
171 169
171 1208
171 171
899 898
898 898
898 899
898 898
263 262
261 262
262 262
262 263
262 261
262 262
