0 0
1 2
2 1
3 332
4 3
5 4
6 5
7 373
8 6
9 208
10 7
11 269
12 281
13 8
14 9
15 476
16 10
17 11
18 12
19 13
20 158
21 14
22 15
23 16
24 24
25 17
26 139
27 18
28 19
29 20
30 21
31 39
32 22
33 23
34 201
35 25
36 99
37 122
38 123
39 26
40 27
41 28
42 29
43 30
44 31
45 279
46 518
47 32
48 286
49 33
50 34
51 35
52 36
53 60
54 37
55 429
56 38
57 507
58 40
59 175
60 41
61 87
62 42
63 152
64 43
65 44
66 45
67 46
68 163
69 47
70 48
71 49
72 50
73 457
74 51
75 52
76 53
77 401
78 54
79 210
80 323
81 55
82 412
83 447
84 56
85 57
86 58
87 105
88 59
89 61
90 485
91 62
92 63
93 64
94 239
95 65
96 66
97 282
98 540
99 67
100 391
101 68
102 69
103 441
104 70
105 206
106 71
107 72
108 449
109 73
110 74
111 84
112 75
113 88
114 76
115 77
116 78
117 79
118 257
119 80
120 347
121 423
122 527
123 81
124 82
125 83
126 284
127 85
128 86
129 130
130 162
131 300
132 415
133 498
134 258
135 89
136 155
137 156
138 90
139 330
140 91
141 92
142 93
143 195
144 94
145 334
146 456
147 95
148 96
149 97
150 98
151 100
152 101
153 109
154 102
155 306
156 484
157 103
158 104
159 106
160 541
161 107
162 108
163 124
164 133
165 153
166 176
167 236
168 289
169 318
170 426
171 459
172 519
173 110
174 111
175 487
176 112
177 113
178 114
179 115
180 116
181 259
182 117
183 255
184 388
185 446
186 454
187 118
188 379
189 119
190 483
191 514
192 120
193 121
194 458
195 125
196 126
197 127
198 233
199 370
200 392
201 128
202 129
203 131
204 479
205 132
206 399
207 452
208 406
209 134
210 137
211 135
212 136
213 138
214 140
215 141
216 525
217 142
218 316
219 143
220 145
221 213
222 144
223 537
224 146
225 147
226 378
227 381
228 148
229 149
230 310
231 150
232 151
233 326
234 364
235 154
236 157
237 180
238 159
239 277
240 160
241 161
242 211
243 164
244 165
245 271
246 166
247 168
248 167
249 169
250 170
251 171
252 240
253 512
254 172
255 173
256 174
257 231
258 177
259 178
260 197
261 179
262 181
263 183
264 182
265 520
266 184
267 297
268 185
269 186
270 187
271 188
272 189
273 491
274 190
275 382
276 191
277 192
278 193
279 473
280 194
281 442
282 196
283 198
284 420
285 199
286 200
287 353
288 202
289 203
290 204
291 205
292 207
293 209
294 356
295 212
296 214
297 215
298 216
299 243
300 217
301 482
302 218
303 219
304 376
305 220
306 221
307 222
308 223
309 224
310 225
311 226
312 534
313 227
314 322
315 228
316 229
317 230
318 232
319 387
320 234
321 235
322 237
323 238
324 241
325 242
326 244
327 245
328 246
329 247
330 248
331 249
332 250
333 253
334 251
335 252
336 254
337 256
338 365
339 260
340 261
341 262
342 263
343 472
344 264
345 265
346 266
347 267
348 268
349 321
350 418
351 270
352 272
353 374
354 273
355 274
356 275
357 276
358 278
359 304
360 502
361 280
362 283
363 285
364 287
365 288
366 328
367 290
368 291
369 292
370 293
371 294
372 295
373 296
374 298
375 299
376 301
377 350
378 302
379 303
380 305
381 308
382 329
383 417
384 307
385 383
386 309
387 352
388 343
389 311
390 312
391 313
392 314
393 408
394 315
395 317
396 319
397 348
398 320
399 324
400 325
401 327
402 331
403 333
404 335
405 336
406 337
407 338
408 339
409 340
410 341
411 342
412 389
413 344
414 345
415 346
416 419
417 465
418 349
419 351
420 354
421 355
422 357
423 358
424 359
425 360
426 361
427 362
428 363
429 366
430 367
431 428
432 368
433 385
434 369
435 371
436 372
437 413
438 375
439 377
440 477
441 380
442 384
443 386
444 390
445 493
446 393
447 394
448 395
449 396
450 397
451 398
452 400
453 402
454 464
455 403
456 404
457 405
458 505
459 409
460 407
461 410
462 411
463 414
464 416
465 421
466 422
467 436
468 424
469 425
470 427
471 523
472 430
473 431
474 432
475 433
476 434
477 486
478 435
479 437
480 438
481 439
482 440
483 443
484 488
485 515
486 444
487 445
488 448
489 450
490 451
491 453
492 455
493 460
494 461
495 462
496 463
497 466
498 467
499 468
500 469
501 470
502 471
503 474
504 475
505 478
506 480
507 481
508 489
509 490
510 492
511 494
512 495
513 496
514 497
515 499
516 500
517 501
518 503
519 504
520 506
521 508
522 509
523 510
524 511
525 513
526 516
527 517
528 521
529 522
530 524
531 526
532 528
533 529
534 530
535 531
536 532
537 533
538 535
539 536
540 538
541 539
