219 1664
817 1664
130 1664
1664 1664
1664 219
1664 817
1664 130
1664 1664
708 1665
1531 1665
1665 1665
1665 708
1665 1531
1665 1665
89 1666
1485 1666
1666 1666
1666 89
1666 1485
1666 1666
283 1667
632 1667
635 1667
291 1667
296 1667
1667 1667
1667 283
1667 632
1667 635
1667 291
1667 296
1667 1667
128 1668
1615 1668
1668 1668
1668 128
1668 1615
1668 1668
447 1669
1669 1669
1669 447
1669 1669
1670 1670
1670 1670
1027 1671
1671 1671
1671 1027
1671 1671
170 1673
1292 1673
1672 1673
1673 1673
1673 170
1673 1292
1673 1672
1673 1673
1292 1672
1490 1672
1673 1672
1672 1672
1672 1292
1672 1490
1672 1673
1672 1672
194 1674
456 1674
221 1674
150 1674
1674 1674
1674 194
1674 456
1674 221
1674 150
1674 1674
431 1676
1675 1676
1676 1676
1676 431
1676 1675
1676 1676
1336 1677
40 1677
1677 1677
1677 1336
1677 40
1677 1677
1678 1678
1678 1678
782 1679
780 1679
290 1679
781 1679
1069 1679
1070 1679
1679 1679
1679 782
1679 780
1679 290
1679 781
1679 1069
1679 1070
1679 1679
782 1680
781 1680
107 1680
1069 1680
1070 1680
1680 1680
1680 782
1680 781
1680 107
1680 1069
1680 1070
1680 1680
437 1681
1465 1681
1681 1681
1681 437
1681 1465
1681 1681
1682 1682
1682 1682
1032 1683
1123 1683
1683 1683
1683 1032
1683 1123
1683 1683
1684 1684
1684 1684
64 1686
544 1686
717 1686
1685 1686
1686 1686
1686 64
1686 544
1686 717
1686 1685
1686 1686
1438 1687
1641 1687
1687 1687
1687 1438
1687 1641
1687 1687
236 1688
237 1688
1688 1688
1688 236
1688 237
1688 1688
323 1689
1689 1689
1689 323
1689 1689
1073 1690
1690 1690
1690 1073
1690 1690
421 1691
418 1691
613 1691
893 1691
419 1691
958 1691
420 1691
1424 1691
1472 1691
1475 1691
1518 1691
1691 1691
1691 421
1691 418
1691 613
1691 893
1691 419
1691 958
1691 420
1691 1424
1691 1472
1691 1475
1691 1518
1691 1691
807 1692
1177 1692
1394 1692
1528 1692
1692 1692
1692 807
1692 1177
1692 1394
1692 1528
1692 1692
685 1693
1693 1693
1693 685
1693 1693
596 1694
1463 1694
1694 1694
1694 596
1694 1463
1694 1694
1695 1696
1696 1696
1696 1695
1696 1696
1193 1697
1526 1697
1697 1697
1697 1193
1697 1526
1697 1697
376 1698
1698 1698
1698 376
1698 1698
271 1699
213 1699
1508 1699
1699 1699
1699 271
1699 213
1699 1508
1699 1699
1442 1700
1700 1700
1700 1442
1700 1700
28 1701
37 1701
372 1701
396 1701
29 1701
53 1701
480 1701
487 1701
488 1701
508 1701
428 1701
522 1701
527 1701
567 1701
288 1701
686 1701
657 1701
791 1701
852 1701
926 1701
936 1701
292 1701
0 1701
1045 1701
1072 1701
1046 1701
126 1701
1147 1701
525 1701
1196 1701
1272 1701
1284 1701
1293 1701
985 1701
1329 1701
654 1701
987 1701
1349 1701
1351 1701
295 1701
1441 1701
1452 1701
1483 1701
1638 1701
1616 1701
1701 1701
1701 28
1701 37
1701 372
1701 396
1701 29
1701 53
1701 480
1701 487
1701 488
1701 508
1701 428
1701 522
1701 527
1701 567
1701 288
1701 686
1701 657
1701 791
1701 852
1701 926
1701 936
1701 292
1701 0
1701 1045
1701 1072
1701 1046
1701 126
1701 1147
1701 525
1701 1196
1701 1272
1701 1284
1701 1293
1701 985
1701 1329
1701 654
1701 987
1701 1349
1701 1351
1701 295
1701 1441
1701 1452
1701 1483
1701 1638
1701 1616
1701 1701
51 1703
848 1703
50 1703
563 1703
1370 1703
1702 1703
1703 1703
1703 51
1703 848
1703 50
1703 563
1703 1370
1703 1702
1703 1703
51 1702
848 1702
1107 1702
1152 1702
65 1702
50 1702
1370 1702
1419 1702
1703 1702
1702 1702
1702 51
1702 848
1702 1107
1702 1152
1702 65
1702 50
1702 1370
1702 1419
1702 1703
1702 1702
648 1704
1704 1704
1704 648
1704 1704
270 1705
304 1705
644 1705
1344 1705
1625 1705
1705 1705
1705 270
1705 304
1705 644
1705 1344
1705 1625
1705 1705
179 1706
1706 1706
1706 179
1706 1706
1442 1707
1707 1707
1707 1442
1707 1707
852 1708
566 1708
1361 1708
1708 1708
1708 852
1708 566
1708 1361
1708 1708
1361 1711
1709 1711
1710 1711
1711 1711
1711 1361
1711 1709
1711 1710
1711 1711
731 1712
870 1712
422 1712
1361 1712
1712 1712
1712 731
1712 870
1712 422
1712 1361
1712 1712
1361 1716
1632 1716
1713 1716
1714 1716
1715 1716
1716 1716
1716 1361
1716 1632
1716 1715
1716 1713
1716 1714
1716 1716
1361 1718
1717 1718
1718 1718
1718 1361
1718 1717
1718 1718
194 1695
1361 1695
1696 1695
1695 1695
1695 194
1695 1361
1695 1696
1695 1695
504 1720
302 1720
1361 1720
1719 1720
1720 1720
1720 504
1720 302
1720 1361
1720 1719
1720 1720
141 1721
504 1721
1361 1721
1721 1721
1721 141
1721 504
1721 1361
1721 1721
1186 1722
185 1722
1361 1722
1722 1722
1722 1186
1722 185
1722 1361
1722 1722
1305 1723
1361 1723
1714 1723
1723 1723
1723 1305
1723 1361
1723 1714
1723 1723
123 1724
1361 1724
1431 1724
1724 1724
1724 123
1724 1361
1724 1431
1724 1724
302 1725
1063 1725
1361 1725
1715 1725
1725 1725
1725 302
1725 1063
1725 1361
1725 1715
1725 1725
302 1726
1063 1726
1361 1726
1715 1726
1726 1726
1726 302
1726 1063
1726 1361
1726 1715
1726 1726
142 1685
514 1685
422 1685
1064 1685
1361 1685
1686 1685
1727 1685
1685 1685
1685 142
1685 514
1685 422
1685 1064
1685 1361
1685 1686
1685 1727
1685 1685
287 1728
661 1728
1361 1728
1728 1728
1728 287
1728 661
1728 1361
1728 1728
186 1730
538 1730
1136 1730
1361 1730
1729 1730
1730 1730
1730 186
1730 538
1730 1136
1730 1361
1730 1729
1730 1730
1136 1729
1361 1729
1730 1729
1729 1729
1729 1136
1729 1361
1729 1730
1729 1729
148 1717
942 1717
1011 1717
422 1717
1101 1717
45 1717
1361 1717
1428 1717
1718 1717
1731 1717
1732 1717
1733 1717
1717 1717
1717 148
1717 942
1717 1011
1717 422
1717 1101
1717 45
1717 1361
1717 1428
1717 1718
1717 1731
1717 1732
1717 1733
1717 1717
1361 1734
1486 1734
1734 1734
1734 1361
1734 1486
1734 1734
450 1719
1361 1719
1720 1719
1719 1719
1719 450
1719 1361
1719 1720
1719 1719
1156 1735
1361 1735
1735 1735
1735 1156
1735 1361
1735 1735
710 1736
170 1736
1361 1736
1568 1736
1626 1736
1736 1736
1736 710
1736 170
1736 1361
1736 1568
1736 1626
1736 1736
1361 1713
1716 1713
1713 1713
1713 1361
1713 1716
1713 1713
302 1714
1361 1714
1716 1714
1723 1714
1737 1714
1714 1714
1714 302
1714 1361
1714 1716
1714 1723
1714 1737
1714 1714
194 1738
591 1738
969 1738
1361 1738
1565 1738
1738 1738
1738 194
1738 591
1738 969
1738 1361
1738 1565
1738 1738
358 1739
45 1739
1361 1739
1739 1739
1739 358
1739 45
1739 1361
1739 1739
302 1731
1361 1731
1717 1731
1731 1731
1731 302
1731 1361
1731 1717
1731 1731
946 1741
1082 1741
1059 1741
1361 1741
1415 1741
1486 1741
1740 1741
1741 1741
1741 946
1741 1082
1741 1059
1741 1361
1741 1415
1741 1486
1741 1740
1741 1741
236 1743
238 1743
1361 1743
1742 1743
1743 1743
1743 236
1743 238
1743 1361
1743 1742
1743 1743
157 1744
302 1744
156 1744
1361 1744
1744 1744
1744 157
1744 302
1744 156
1744 1361
1744 1744
851 1709
1361 1709
1711 1709
1709 1709
1709 851
1709 1361
1709 1711
1709 1709
124 1710
1001 1710
1063 1710
1361 1710
1711 1710
1745 1710
1746 1710
1710 1710
1710 124
1710 1001
1710 1063
1710 1361
1710 1711
1710 1745
1710 1746
1710 1710
580 1732
661 1732
710 1732
1210 1732
182 1732
45 1732
1361 1732
1628 1732
1717 1732
1732 1732
1732 580
1732 661
1732 710
1732 1210
1732 182
1732 45
1732 1361
1732 1628
1732 1717
1732 1732
194 1747
150 1747
1361 1747
1747 1747
1747 194
1747 150
1747 1361
1747 1747
426 1750
774 1750
920 1750
927 1750
143 1750
918 1750
504 1750
1361 1750
1428 1750
1748 1750
1749 1750
1750 1750
1750 426
1750 774
1750 920
1750 927
1750 143
1750 918
1750 504
1750 1361
1750 1428
1750 1748
1750 1749
1750 1750
697 1751
746 1751
1117 1751
1082 1751
1361 1751
1415 1751
1486 1751
1751 1751
1751 697
1751 746
1751 1117
1751 1082
1751 1361
1751 1415
1751 1486
1751 1751
1361 1752
1715 1752
1752 1752
1752 1361
1752 1715
1752 1752
186 1733
185 1733
1361 1733
1489 1733
1590 1733
1717 1733
1733 1733
1733 186
1733 185
1733 1361
1733 1489
1733 1590
1733 1717
1733 1733
1247 1675
1361 1675
1676 1675
1675 1675
1675 1247
1675 1361
1675 1676
1675 1675
1311 1753
1361 1753
1753 1753
1753 1311
1753 1361
1753 1753
123 1754
1247 1754
1361 1754
1754 1754
1754 123
1754 1247
1754 1361
1754 1754
1037 1748
1361 1748
1750 1748
1748 1748
1748 1037
1748 1361
1748 1750
1748 1748
1361 1745
1524 1745
1602 1745
1710 1745
1715 1745
1746 1745
1745 1745
1745 1361
1745 1524
1745 1602
1745 1710
1745 1715
1745 1746
1745 1745
186 1755
1361 1755
1427 1755
1755 1755
1755 186
1755 1361
1755 1427
1755 1755
395 1757
1361 1757
1756 1757
1757 1757
1757 395
1757 1361
1757 1756
1757 1757
395 1758
394 1758
1361 1758
1758 1758
1758 395
1758 394
1758 1361
1758 1758
395 1756
390 1756
1361 1756
1757 1756
1756 1756
1756 395
1756 390
1756 1361
1756 1757
1756 1756
1361 1737
1714 1737
1715 1737
1737 1737
1737 1361
1737 1714
1737 1715
1737 1737
391 1759
1032 1759
569 1759
1361 1759
1635 1759
1759 1759
1759 391
1759 1032
1759 569
1759 1361
1759 1635
1759 1759
1123 1760
1361 1760
1760 1760
1760 1123
1760 1361
1760 1760
771 1749
143 1749
1187 1749
1361 1749
1750 1749
1749 1749
1749 771
1749 143
1749 1187
1749 1361
1749 1750
1749 1749
158 1761
751 1761
954 1761
1361 1761
1761 1761
1761 158
1761 751
1761 954
1761 1361
1761 1761
123 1762
1361 1762
1762 1762
1762 123
1762 1361
1762 1762
10 1727
505 1727
672 1727
9 1727
1361 1727
1685 1727
1727 1727
1727 10
1727 505
1727 672
1727 9
1727 1361
1727 1685
1727 1727
303 1763
301 1763
1181 1763
1361 1763
1763 1763
1763 303
1763 301
1763 1181
1763 1361
1763 1763
236 1742
237 1742
238 1742
1361 1742
1743 1742
1742 1742
1742 236
1742 237
1742 238
1742 1361
1742 1743
1742 1742
1011 1764
1361 1764
1764 1764
1764 1011
1764 1361
1764 1764
612 1715
891 1715
143 1715
871 1715
1169 1715
1275 1715
1361 1715
1495 1715
1524 1715
1561 1715
1716 1715
1725 1715
1726 1715
1752 1715
1745 1715
1737 1715
1715 1715
1715 612
1715 891
1715 143
1715 871
1715 1169
1715 1275
1715 1361
1715 1495
1715 1524
1715 1561
1715 1716
1715 1725
1715 1726
1715 1752
1715 1745
1715 1737
1715 1715
1361 1746
1710 1746
1745 1746
1746 1746
1746 1361
1746 1710
1746 1745
1746 1746
1558 1766
1765 1766
1766 1766
1766 1558
1766 1765
1766 1766
1558 1767
1767 1767
1767 1558
1767 1767
267 1768
352 1768
187 1768
1558 1768
1768 1768
1768 267
1768 352
1768 187
1768 1558
1768 1768
270 1769
645 1769
1558 1769
1769 1769
1769 270
1769 645
1769 1558
1769 1769
270 1771
1558 1771
1770 1771
1771 1771
1771 270
1771 1558
1771 1770
1771 1771
267 1773
270 1773
289 1773
304 1773
1563 1773
1558 1773
1772 1773
1773 1773
1773 267
1773 270
1773 289
1773 304
1773 1563
1773 1558
1773 1772
1773 1773
304 1775
586 1775
294 1775
1558 1775
1774 1775
1775 1775
1775 304
1775 586
1775 294
1775 1558
1775 1774
1775 1775
1558 1776
1776 1776
1776 1558
1776 1776
273 1777
270 1777
628 1777
271 1777
1558 1777
1777 1777
1777 273
1777 270
1777 628
1777 271
1777 1558
1777 1777
360 1740
688 1740
1146 1740
1059 1740
1343 1740
1501 1740
1572 1740
1558 1740
1741 1740
1740 1740
1740 360
1740 688
1740 1146
1740 1059
1740 1343
1740 1501
1740 1572
1740 1558
1740 1741
1740 1740
283 1778
289 1778
1558 1778
1625 1778
1778 1778
1778 283
1778 289
1778 1558
1778 1625
1778 1778
628 1770
1372 1770
1507 1770
1558 1770
1625 1770
1771 1770
1770 1770
1770 628
1770 1372
1770 1507
1770 1558
1770 1625
1770 1771
1770 1770
267 1779
270 1779
779 1779
1558 1779
1625 1779
1779 1779
1779 267
1779 270
1779 779
1779 1558
1779 1625
1779 1779
42 1774
1558 1774
1625 1774
1775 1774
1774 1774
1774 42
1774 1558
1774 1625
1774 1775
1774 1774
85 1780
270 1780
1558 1780
1780 1780
1780 85
1780 270
1780 1558
1780 1780
270 1772
628 1772
289 1772
304 1772
1558 1772
1773 1772
1772 1772
1772 270
1772 628
1772 289
1772 304
1772 1558
1772 1773
1772 1772
1558 1765
1766 1765
1765 1765
1765 1558
1765 1766
1765 1765
283 1781
45 1781
1558 1781
1781 1781
1781 283
1781 45
1781 1558
1781 1781
267 1782
671 1782
1017 1782
65 1782
1625 1782
1782 1782
1782 267
1782 671
1782 1017
1782 65
1782 1625
1782 1782
