0 0
0 0
1 2
2 2
2 1
2 2
2 1
1 1
1 2
1 1
3 3
3 3
4 4
4 4
5 5
5 5
6 6
6 6
7 8
8 8
8 7
8 8
9 10
10 10
10 9
10 10
11 11
11 11
12 12
12 12
13 13
13 13
14 14
14 14
15 15
15 15
16 17
17 17
17 16
17 17
18 18
18 18
19 19
19 19
20 21
21 21
21 20
21 21
22 23
23 23
23 22
23 23
24 24
24 24
25 25
25 25
26 26
26 26
27 28
28 28
28 27
28 28
29 29
29 29
21 20
30 20
20 20
20 21
20 30
20 20
31 31
31 31
32 35
33 35
34 35
35 35
35 34
35 32
35 33
35 35
36 36
36 36
37 37
37 37
38 38
38 38
39 39
39 39
40 40
40 40
41 41
41 41
42 42
42 42
43 43
43 43
44 44
44 44
45 45
45 45
46 47
47 47
47 46
47 47
48 48
48 48
28 27
27 27
27 28
27 27
49 49
49 49
50 51
51 51
51 50
51 51
52 53
53 53
53 52
53 53
54 55
55 55
55 54
55 55
56 56
56 56
57 57
57 57
58 58
58 58
59 60
60 60
60 59
60 60
61 61
61 61
62 62
62 62
63 63
63 63
64 64
64 64
65 65
65 65
66 66
66 66
67 67
67 67
46 69
68 69
69 69
69 68
69 46
69 69
70 70
70 70
71 71
71 71
72 72
72 72
73 74
74 74
74 73
74 74
47 46
69 46
46 46
46 47
46 69
46 46
75 75
75 75
76 76
76 76
77 77
77 77
78 78
78 78
79 80
80 80
80 79
80 80
81 81
81 81
82 82
82 82
83 83
83 83
84 84
84 84
85 85
85 85
86 87
87 87
87 86
87 87
88 88
88 88
89 89
89 89
90 90
90 90
91 92
92 92
92 91
92 92
93 94
94 94
94 93
94 94
95 95
95 95
96 96
96 96
97 97
97 97
98 99
99 99
99 98
99 99
100 100
100 100
101 101
101 101
102 102
102 102
92 91
91 91
91 92
91 91
103 103
103 103
104 104
104 104
53 52
52 52
52 53
52 52
94 93
105 93
106 93
93 93
93 94
93 105
93 106
93 93
107 108
108 108
108 107
108 108
109 111
110 111
111 111
111 109
111 110
111 111
112 112
112 112
113 113
113 113
114 114
114 114
115 116
116 116
116 115
116 116
117 117
117 117
118 118
118 118
119 119
119 119
120 120
120 120
35 32
33 32
34 32
32 32
32 35
32 34
32 33
32 32
121 121
121 121
122 122
122 122
123 124
124 124
124 123
124 124
22 125
125 125
125 22
125 125
126 126
126 126
74 73
73 73
73 74
73 73
127 127
127 127
128 128
128 128
129 129
129 129
124 123
130 123
131 123
132 123
133 123
134 123
123 123
123 124
123 134
123 130
123 132
123 131
123 133
123 123
135 135
135 135
136 136
136 136
137 137
137 137
138 138
138 138
139 139
139 139
140 140
140 140
141 141
141 141
142 143
143 143
143 142
143 143
144 145
145 145
145 144
145 145
146 146
146 146
147 147
147 147
148 148
148 148
35 33
32 33
33 33
33 35
33 32
33 33
35 34
32 34
34 34
34 35
34 32
34 34
123 130
130 130
130 123
130 130
149 149
149 149
134 150
150 150
150 134
150 150
151 151
151 151
152 153
153 153
153 152
153 153
154 154
154 154
93 105
105 105
105 93
105 105
155 155
155 155
156 156
156 156
123 131
131 131
131 123
131 131
157 157
157 157
158 159
159 159
159 158
159 159
160 160
160 160
159 158
158 158
158 159
158 158
134 161
161 161
161 134
161 161
23 22
125 22
22 22
22 23
22 125
22 22
162 162
162 162
163 163
163 163
164 164
164 164
165 165
165 165
166 168
167 168
168 168
168 166
168 167
168 168
168 166
167 166
166 166
166 168
166 167
166 166
169 169
169 169
170 170
170 170
171 171
171 171
172 172
172 172
173 173
173 173
174 174
174 174
55 54
54 54
54 55
54 54
123 132
134 132
132 132
132 123
132 134
132 132
175 175
175 175
111 109
110 109
109 109
109 111
109 110
109 109
111 110
109 110
110 110
110 111
110 109
110 110
176 176
176 176
17 16
177 16
16 16
16 17
16 177
16 16
177 178
178 178
178 177
178 178
179 179
179 179
180 180
180 180
93 106
106 106
106 93
106 106
60 59
59 59
59 60
59 59
68 182
181 182
182 182
182 68
182 181
182 182
183 183
183 183
184 184
184 184
185 186
186 186
186 185
186 186
186 185
185 185
185 186
185 185
187 187
187 187
188 188
188 188
189 189
189 189
190 191
191 191
191 190
191 191
192 192
192 192
193 193
193 193
51 50
50 50
50 51
50 50
123 133
194 133
133 133
133 123
133 194
133 133
195 195
195 195
196 196
196 196
197 198
194 198
198 198
198 194
198 197
198 198
16 177
178 177
177 177
177 16
177 178
177 177
199 199
199 199
200 201
201 201
201 200
201 201
201 200
200 200
200 201
200 200
202 202
202 202
203 203
203 203
204 204
204 204
205 205
205 205
206 206
206 206
207 207
207 207
208 208
208 208
209 209
209 209
210 210
210 210
211 211
211 211
212 212
212 212
116 115
115 115
115 116
115 115
213 213
213 213
198 197
194 197
197 197
197 198
197 194
197 197
214 214
214 214
215 215
215 215
216 216
216 216
20 30
30 30
30 20
30 30
217 217
217 217
218 218
218 218
219 219
219 219
220 220
220 220
87 86
86 86
86 87
86 86
221 221
221 221
8 7
7 7
7 8
7 7
222 222
222 222
69 68
182 68
68 68
68 69
68 182
68 68
182 181
181 181
181 182
181 181
223 223
223 223
168 167
166 167
167 167
167 168
167 166
167 167
224 224
224 224
225 225
225 225
226 226
226 226
227 228
228 228
228 227
228 228
229 229
229 229
230 230
230 230
231 231
231 231
232 232
232 232
233 233
233 233
234 234
234 234
235 235
235 235
236 236
236 236
237 237
237 237
238 238
238 238
239 239
239 239
240 240
240 240
241 241
241 241
133 194
198 194
197 194
242 194
194 194
194 133
194 198
194 197
194 242
194 194
194 242
242 242
242 194
242 242
153 152
152 152
152 153
152 152
243 243
243 243
244 244
244 244
123 134
150 134
161 134
132 134
134 134
134 123
134 150
134 161
134 132
134 134
245 245
245 245
246 246
246 246
80 79
79 79
79 80
79 79
191 190
190 190
190 191
190 190
247 247
247 247
248 248
248 248
228 227
227 227
227 228
227 227
249 249
249 249
250 250
250 250
251 251
251 251
252 252
252 252
253 253
253 253
254 254
254 254
255 255
255 255
256 257
257 257
257 256
257 257
258 258
258 258
257 256
256 256
256 257
256 256
259 259
259 259
145 144
144 144
144 145
144 144
260 260
260 260
99 98
98 98
98 99
98 98
108 107
107 107
107 108
107 107
143 142
142 142
142 143
142 142
261 261
261 261
262 262
262 262
263 263
263 263
264 264
264 264
265 265
265 265
266 266
266 266
267 267
267 267
268 268
268 268
269 269
269 269
10 9
9 9
9 10
9 9
270 270
270 270
