633 0
1862 1
0 2
2 3
652 4
654 5
1 6
332 7
1454 8
1666 9
3 10
1016 11
1256 12
1761 13
4 14
1629 15
1659 16
5 17
373 18
1042 19
1416 20
1602 21
6 22
208 23
7 24
269 25
281 26
8 27
723 28
9 29
476 30
10 31
1655 32
1839 33
11 34
1001 35
1318 36
12 37
1701 38
1810 39
13 40
158 41
14 42
1090 43
1093 44
1271 45
15 46
970 47
1632 48
16 49
24 50
927 51
1315 52
1316 53
17 54
139 55
1560 56
1786 57
18 58
19 59
1072 60
20 61
1043 62
21 63
39 64
1234 65
1702 66
1703 67
22 68
23 69
201 70
598 71
1636 72
1301 73
1344 74
25 75
99 76
122 77
123 78
26 79
606 80
27 81
1687 82
28 83
963 84
29 85
697 86
738 87
1358 88
30 89
1594 90
31 91
279 92
518 93
1850 94
32 95
286 96
588 97
698 98
911 99
1051 100
33 101
34 102
895 103
1296 104
35 105
1146 106
1505 107
1552 108
1640 109
1781 110
36 111
60 112
1190 113
37 114
429 115
862 116
863 117
1160 118
38 119
1349 120
1522 121
1532 122
1634 123
507 124
866 125
1364 126
40 127
175 128
596 129
644 130
41 131
87 132
1372 133
42 134
152 135
1530 136
1653 137
43 138
1582 139
44 140
733 141
1219 142
45 143
1604 144
46 145
163 146
1579 147
47 148
714 149
1031 150
1662 151
48 152
49 153
1441 154
50 155
457 156
710 157
1392 158
51 159
1139 160
1467 161
52 162
1103 163
1739 164
53 165
401 166
767 167
54 168
210 169
323 170
651 171
771 172
787 173
815 174
1079 175
1156 176
55 177
412 178
447 179
1616 180
1849 181
56 182
57 183
1715 184
58 185
105 186
580 187
609 188
615 189
1067 190
1287 191
1627 192
1725 193
59 194
1527 195
1080 196
1309 197
61 198
485 199
62 200
1322 201
63 202
1209 203
1737 204
64 205
239 206
543 207
619 208
1293 209
1628 210
65 211
66 212
282 213
540 214
67 215
391 216
68 217
604 218
1013 219
1351 220
69 221
441 222
70 223
206 224
71 225
72 226
449 227
558 228
797 229
876 230
1035 231
1136 232
1189 233
1214 234
1723 235
1745 236
1751 237
73 238
544 239
586 240
1118 241
1517 242
74 243
84 244
583 245
75 246
88 247
76 248
659 249
1803 250
77 251
1329 252
1418 253
78 254
603 255
79 256
257 257
1117 258
80 259
347 260
423 261
527 262
81 263
1138 264
82 265
1520 266
83 267
284 268
1065 269
85 270
1336 271
86 272
842 273
130 274
162 275
300 276
415 277
498 278
696 279
737 280
743 281
841 282
851 283
1174 284
1288 285
1394 286
1494 287
1658 288
1677 289
1713 290
1732 291
1741 292
1847 293
1882 294
258 295
884 296
1087 297
1094 298
1157 299
1401 300
1585 301
89 302
155 303
156 304
817 305
90 306
330 307
1046 308
91 309
898 310
1836 311
92 312
550 313
950 314
1495 315
93 316
195 317
675 318
934 319
1649 320
94 321
334 322
456 323
693 324
734 325
736 326
861 327
1303 328
1535 329
1580 330
1838 331
95 332
96 333
661 334
1353 335
97 336
1521 337
98 338
100 339
1589 340
101 341
109 342
1251 343
1448 344
1561 345
1623 346
1871 347
1878 348
102 349
306 350
484 351
608 352
1775 353
1790 354
103 355
864 356
104 357
1721 358
106 359
541 360
971 361
1113 362
1650 363
107 364
1647 365
108 366
124 367
133 368
153 369
176 370
236 371
289 372
318 373
426 374
459 375
519 376
563 377
610 378
1045 379
1337 380
1346 381
1624 382
1661 383
1769 384
1772 385
1779 386
1785 387
1787 388
1789 389
1805 390
567 391
1161 392
1262 393
1599 394
110 395
758 396
1169 397
1762 398
111 399
487 400
112 401
747 402
1884 403
113 404
114 405
973 406
115 407
1076 408
1501 409
116 410
259 411
117 412
255 413
388 414
446 415
454 416
554 417
581 418
1029 419
1343 420
1507 421
1538 422
1690 423
1851 424
118 425
379 426
646 427
1537 428
1549 429
119 430
483 431
514 432
816 433
1842 434
120 435
589 436
802 437
980 438
1158 439
121 440
1367 441
1622 442
458 443
125 444
1551 445
126 446
127 447
233 448
370 449
392 450
128 451
701 452
129 453
834 454
131 455
479 456
904 457
1022 458
132 459
399 460
452 461
1670 462
1777 463
1784 464
406 465
134 466
137 467
135 468
831 469
136 470
1776 471
138 472
660 473
910 474
1780 475
582 476
623 477
140 478
740 479
1002 480
141 481
525 482
142 483
316 484
143 485
145 486
213 487
1593 488
144 489
537 490
1165 491
897 492
1468 493
146 494
1519 495
147 496
378 497
381 498
602 499
148 500
149 501
310 502
914 503
150 504
151 505
326 506
364 507
819 508
1238 509
1339 510
1444 511
1568 512
1752 513
1753 514
1754 515
154 516
1689 517
1736 518
1763 519
1870 520
157 521
180 522
159 523
277 524
553 525
745 526
160 527
161 528
1268 529
1667 530
211 531
164 532
1473 533
165 534
271 535
166 536
168 537
1056 538
167 539
169 540
170 541
775 542
790 543
1548 544
171 545
240 546
512 547
756 548
1692 549
172 550
687 551
1033 552
1586 553
173 554
629 555
1742 556
174 557
955 558
231 559
726 560
1639 561
177 562
833 563
178 564
197 565
179 566
791 567
1020 568
1807 569
1359 570
1464 571
1683 572
181 573
183 574
997 575
182 576
1837 577
520 578
184 579
297 580
185 581
1228 582
1319 583
1536 584
1672 585
186 586
1208 587
187 588
1727 589
188 590
564 591
1509 592
189 593
491 594
190 595
382 596
1791 597
191 598
192 599
193 600
473 601
1050 602
1451 603
194 604
442 605
196 606
1255 607
198 608
420 609
1869 610
199 611
1439 612
200 613
570 614
353 615
1173 616
1250 617
1345 618
202 619
854 620
857 621
1115 622
203 623
204 624
205 625
207 626
209 627
1614 628
1626 629
1671 630
356 631
1290 632
212 633
214 634
215 635
1542 636
216 637
243 638
217 639
482 640
781 641
792 642
1348 643
1382 644
218 645
1413 646
219 647
376 648
913 649
220 650
221 651
821 652
222 653
744 654
1154 655
223 656
224 657
225 658
226 659
534 660
883 661
227 662
322 663
848 664
228 665
1053 666
1405 667
1894 668
229 669
549 670
577 671
1095 672
1217 673
230 674
232 675
387 676
551 677
1868 678
869 679
1864 680
234 681
235 682
1572 683
237 684
1828 685
238 686
887 687
1069 688
1220 689
1274 690
1376 691
1759 692
1472 693
241 694
838 695
1131 696
242 697
565 698
1610 699
244 700
782 701
1162 702
245 703
936 704
246 705
247 706
1264 707
1531 708
248 709
621 710
249 711
250 712
253 713
812 714
1300 715
251 716
711 717
252 718
1211 719
254 720
1266 721
256 722
964 723
1388 724
1153 725
1240 726
365 727
260 728
873 729
1479 730
261 731
262 732
732 733
263 734
472 735
844 736
1826 737
264 738
265 739
578 740
809 741
266 742
670 743
267 744
1740 745
268 746
321 747
418 748
1195 749
1215 750
270 751
638 752
272 753
374 754
846 755
273 756
748 757
749 758
274 759
805 760
275 761
1463 762
1695 763
276 764
1185 765
278 766
304 767
502 768
666 769
280 770
746 771
1000 772
1347 773
1559 774
283 775
285 776
287 777
618 778
288 779
1722 780
328 781
1765 782
290 783
291 784
292 785
293 786
294 787
1176 788
1177 789
295 790
296 791
899 792
607 793
1325 794
298 795
1484 796
299 797
634 798
301 799
350 800
719 801
1253 802
302 803
303 804
1172 805
1857 806
305 807
308 808
329 809
417 810
542 811
573 812
655 813
656 814
958 815
1009 816
1193 817
1245 818
1483 819
1490 820
1584 821
1651 822
1656 823
1705 824
1770 825
1771 826
1782 827
1797 828
1798 829
1799 830
1802 831
1804 832
1856 833
991 834
307 835
383 836
309 837
352 838
875 839
892 840
990 841
1241 842
1272 843
1331 844
1581 845
1815 846
343 847
690 848
1132 849
1865 850
311 851
312 852
313 853
314 854
408 855
315 856
766 857
845 858
920 859
1073 860
1297 861
1821 862
317 863
1205 864
319 865
348 866
1597 867
320 868
1083 869
1450 870
827 871
324 872
1848 873
325 874
928 875
327 876
951 877
331 878
665 879
1694 880
333 881
335 882
336 883
1499 884
337 885
338 886
813 887
339 888
584 889
340 890
613 891
1389 892
1546 893
341 894
1512 895
342 896
389 897
344 898
345 899
999 900
346 901
1643 902
419 903
465 904
349 905
1778 906
351 907
1294 908
354 909
1668 910
355 911
1259 912
657 913
357 914
358 915
1620 916
359 917
1409 918
1824 919
360 920
361 921
362 922
1003 923
363 924
1306 925
1606 926
1756 927
1583 928
366 929
367 930
428 931
996 932
1194 933
1366 934
1545 935
368 936
385 937
369 938
1408 939
1414 940
1415 941
720 942
1354 943
1553 944
371 945
626 946
1710 947
1834 948
372 949
1025 950
413 951
1101 952
375 953
672 954
678 955
1265 956
377 957
477 958
930 959
380 960
1203 961
1704 962
384 963
386 964
704 965
905 966
1077 967
1743 968
1108 969
390 970
493 971
1619 972
1825 973
739 974
393 975
849 976
1063 977
1064 978
394 979
640 980
1147 981
395 982
396 983
879 984
1096 985
397 986
730 987
398 988
1089 989
400 990
776 991
402 992
464 993
806 994
1037 995
1383 996
403 997
1170 998
1476 999
404 1000
1275 1001
405 1002
505 1003
409 1004
695 1005
1681 1006
1682 1007
407 1008
1841 1009
676 1010
1179 1011
410 1012
1488 1013
1577 1014
411 1015
414 1016
593 1017
818 1018
966 1019
1644 1020
1843 1021
416 1022
421 1023
545 1024
422 1025
436 1026
424 1027
425 1028
1528 1029
427 1030
1257 1031
523 1032
705 1033
794 1034
1493 1035
1618 1036
1669 1037
1889 1038
430 1039
431 1040
1442 1041
432 1042
433 1043
1524 1044
1693 1045
434 1046
486 1047
435 1048
668 1049
878 1050
885 1051
1039 1052
1332 1053
718 1054
437 1055
438 1056
1642 1057
439 1058
725 1059
440 1060
671 1061
1455 1062
627 1063
1010 1064
443 1065
488 1066
515 1067
828 1068
444 1069
909 1070
1434 1071
445 1072
903 1073
448 1074
1280 1075
1569 1076
450 1077
935 1078
451 1079
1258 1080
1806 1081
453 1082
1664 1083
455 1084
667 1085
1201 1086
1122 1087
1276 1088
1555 1089
460 1090
461 1091
1048 1092
462 1093
463 1094
1758 1095
896 1096
1403 1097
1305 1098
1738 1099
466 1100
1708 1101
467 1102
647 1103
1311 1104
1313 1105
468 1106
620 1107
469 1108
1097 1109
470 1110
471 1111
559 1112
1182 1113
1183 1114
1575 1115
1181 1116
474 1117
475 1118
1140 1119
1800 1120
478 1121
1880 1122
1426 1123
480 1124
823 1125
481 1126
1812 1127
1814 1128
1699 1129
839 1130
859 1131
1773 1132
489 1133
826 1134
1879 1135
490 1136
688 1137
956 1138
1533 1139
492 1140
1244 1141
494 1142
1327 1143
1328 1144
495 1145
992 1146
496 1147
497 1148
1652 1149
499 1150
500 1151
501 1152
576 1153
503 1154
504 1155
843 1156
1180 1157
1304 1158
1352 1159
506 1160
1363 1161
508 1162
509 1163
1171 1164
510 1165
511 1166
513 1167
1314 1168
1102 1169
516 1170
952 1171
517 1172
1373 1173
836 1174
1574 1175
521 1176
522 1177
949 1178
552 1179
979 1180
524 1181
1540 1182
1007 1183
1216 1184
526 1185
803 1186
528 1187
1417 1188
1419 1189
529 1190
530 1191
531 1192
1863 1193
532 1194
533 1195
933 1196
535 1197
536 1198
1698 1199
1286 1200
538 1201
539 1202
1360 1203
984 1204
1608 1205
546 1206
547 1207
1523 1208
548 1209
1497 1210
1127 1211
685 1212
555 1213
556 1214
557 1215
1706 1216
774 1217
560 1218
561 1219
1735 1220
562 1221
1038 1222
1361 1223
1398 1224
566 1225
631 1226
760 1227
1513 1228
1116 1229
1223 1230
568 1231
569 1232
1570 1233
571 1234
572 1235
643 1236
574 1237
575 1238
870 1239
906 1240
1129 1241
1518 1242
1105 1243
994 1244
1134 1245
1808 1246
579 1247
1792 1248
585 1249
1218 1250
1224 1251
1032 1252
587 1253
590 1254
642 1255
1017 1256
1078 1257
1423 1258
591 1259
592 1260
1474 1261
663 1262
594 1263
595 1264
1104 1265
597 1266
637 1267
968 1268
1100 1269
1107 1270
1299 1271
1573 1272
1823 1273
1875 1274
599 1275
600 1276
601 1277
716 1278
795 1279
1248 1280
1873 1281
605 1282
1213 1283
1041 1284
611 1285
612 1286
888 1287
1475 1288
614 1289
616 1290
617 1291
938 1292
923 1293
886 1294
622 1295
1232 1296
624 1297
1024 1298
625 1299
1764 1300
628 1301
630 1302
1430 1303
632 1304
1866 1305
635 1306
636 1307
1641 1308
783 1309
808 1310
893 1311
924 1312
900 1313
639 1314
765 1315
894 1316
1598 1317
641 1318
1167 1319
728 1320
891 1321
1267 1322
1895 1323
645 1324
648 1325
1457 1326
649 1327
1486 1328
1557 1329
1685 1330
650 1331
1231 1332
653 1333
867 1334
871 1335
1229 1336
1254 1337
1729 1338
658 1339
807 1340
830 1341
1028 1342
1881 1343
1883 1344
1885 1345
932 1346
662 1347
664 1348
729 1349
1086 1350
1124 1351
669 1352
673 1353
674 1354
954 1355
677 1356
1395 1357
679 1358
680 1359
1445 1360
1446 1361
681 1362
682 1363
683 1364
1282 1365
684 1366
686 1367
1292 1368
1317 1369
689 1370
691 1371
692 1372
763 1373
1478 1374
694 1375
948 1376
1012 1377
1015 1378
699 1379
1691 1380
700 1381
735 1382
777 1383
779 1384
822 1385
993 1386
1368 1387
1637 1388
702 1389
801 1390
703 1391
969 1392
1412 1393
706 1394
707 1395
708 1396
709 1397
1285 1398
850 1399
712 1400
1044 1401
713 1402
1385 1403
715 1404
717 1405
1034 1406
721 1407
1273 1408
1567 1409
1874 1410
722 1411
724 1412
1137 1413
1386 1414
727 1415
1070 1416
1159 1417
1221 1418
901 1419
1279 1420
731 1421
759 1422
1062 1423
1192 1424
1817 1425
1818 1426
751 1427
1006 1428
1237 1429
1543 1430
1631 1431
1269 1432
1630 1433
1011 1434
1088 1435
741 1436
742 1437
1239 1438
1145 1439
1374 1440
1550 1441
1617 1442
1333 1443
750 1444
1204 1445
957 1446
752 1447
753 1448
754 1449
1277 1450
755 1451
1469 1452
1284 1453
757 1454
985 1455
1443 1456
761 1457
762 1458
1635 1459
796 1460
1612 1461
764 1462
1566 1463
1724 1464
768 1465
769 1466
770 1467
908 1468
772 1469
773 1470
1370 1471
778 1472
1592 1473
780 1474
1061 1475
1143 1476
960 1477
784 1478
785 1479
947 1480
786 1481
788 1482
789 1483
1558 1484
793 1485
1590 1486
1645 1487
800 1488
1833 1489
1381 1490
1793 1491
1794 1492
1795 1493
798 1494
961 1495
799 1496
820 1497
889 1498
1470 1499
1307 1500
804 1501
1226 1502
1068 1503
810 1504
855 1505
811 1506
814 1507
1831 1508
824 1509
825 1510
1816 1511
829 1512
1638 1513
1733 1514
832 1515
1130 1516
1678 1517
1121 1518
1654 1519
835 1520
1422 1521
837 1522
868 1523
965 1524
840 1525
847 1526
852 1527
853 1528
1390 1529
856 1530
1246 1531
858 1532
1030 1533
1199 1534
1427 1535
860 1536
1397 1537
865 1538
1049 1539
1252 1540
988 1541
1341 1542
1526 1543
1844 1544
1440 1545
1119 1546
1340 1547
872 1548
874 1549
877 1550
880 1551
1155 1552
881 1553
882 1554
1400 1555
1556 1556
1830 1557
1832 1558
890 1559
1674 1560
1845 1561
1187 1562
1152 1563
1410 1564
1835 1565
1055 1566
1858 1567
902 1568
1312 1569
907 1570
1534 1571
912 1572
915 1573
1026 1574
916 1575
917 1576
1098 1577
918 1578
919 1579
1893 1580
921 1581
1406 1582
922 1583
1222 1584
925 1585
926 1586
1326 1587
929 1588
1433 1589
931 1590
937 1591
939 1592
1829 1593
940 1594
941 1595
942 1596
1196 1597
943 1598
944 1599
945 1600
946 1601
953 1602
1112 1603
1482 1604
1757 1605
959 1606
1728 1607
1665 1608
1809 1609
962 1610
1141 1611
967 1612
1603 1613
972 1614
1142 1615
1496 1616
974 1617
975 1618
998 1619
1431 1620
976 1621
1281 1622
977 1623
978 1624
1503 1625
981 1626
1091 1627
1458 1628
982 1629
983 1630
1149 1631
986 1632
1175 1633
987 1634
989 1635
1054 1636
995 1637
1135 1638
1489 1639
1004 1640
1541 1641
1005 1642
1302 1643
1008 1644
1120 1645
1625 1646
1675 1647
1840 1648
1846 1649
1014 1650
1425 1651
1452 1652
1481 1653
1788 1654
1018 1655
1019 1656
1021 1657
1168 1658
1023 1659
1027 1660
1801 1661
1036 1662
1040 1663
1243 1664
1466 1665
1047 1666
1125 1667
1198 1668
1571 1669
1510 1670
1588 1671
1432 1672
1081 1673
1230 1674
1320 1675
1342 1676
1380 1677
1052 1678
1099 1679
1605 1680
1057 1681
1058 1682
1600 1683
1059 1684
1060 1685
1066 1686
1071 1687
1676 1688
1074 1689
1075 1690
1082 1691
1084 1692
1421 1693
1085 1694
1106 1695
1092 1696
1369 1697
1633 1698
1477 1699
1607 1700
1242 1701
1207 1702
1123 1703
1480 1704
1718 1705
1748 1706
1760 1707
1886 1708
1887 1709
1888 1710
1109 1711
1110 1712
1111 1713
1717 1714
1114 1715
1529 1716
1235 1717
1462 1718
1663 1719
1697 1720
1126 1721
1128 1722
1133 1723
1500 1724
1144 1725
1506 1726
1747 1727
1148 1728
1150 1729
1151 1730
1714 1731
1402 1732
1163 1733
1164 1734
1166 1735
1719 1736
1720 1737
1731 1738
1734 1739
1295 1740
1355 1741
1855 1742
1178 1743
1184 1744
1460 1745
1186 1746
1188 1747
1387 1748
1191 1749
1621 1750
1197 1751
1716 1752
1502 1753
1200 1754
1428 1755
1202 1756
1330 1757
1206 1758
1648 1759
1210 1760
1212 1761
1291 1762
1525 1763
1587 1764
1660 1765
1225 1766
1227 1767
1308 1768
1384 1769
1749 1770
1233 1771
1236 1772
1679 1773
1247 1774
1249 1775
1260 1776
1261 1777
1407 1778
1263 1779
1270 1780
1278 1781
1746 1782
1283 1783
1289 1784
1298 1785
1338 1786
1310 1787
1491 1788
1321 1789
1323 1790
1324 1791
1576 1792
1334 1793
1335 1794
1350 1795
1362 1796
1613 1797
1356 1798
1357 1799
1471 1800
1492 1801
1516 1802
1562 1803
1565 1804
1646 1805
1709 1806
1711 1807
1712 1808
1726 1809
1730 1810
1744 1811
1750 1812
1755 1813
1766 1814
1365 1815
1393 1816
1371 1817
1375 1818
1377 1819
1544 1820
1378 1821
1379 1822
1391 1823
1399 1824
1396 1825
1404 1826
1508 1827
1827 1828
1411 1829
1420 1830
1813 1831
1424 1832
1429 1833
1435 1834
1436 1835
1688 1836
1437 1837
1438 1838
1700 1839
1707 1840
1447 1841
1449 1842
1453 1843
1456 1844
1459 1845
1461 1846
1611 1847
1465 1848
1498 1849
1485 1850
1487 1851
1504 1852
1511 1853
1514 1854
1515 1855
1539 1856
1547 1857
1657 1858
1554 1859
1563 1860
1564 1861
1578 1862
1892 1863
1819 1864
1591 1865
1595 1866
1596 1867
1601 1868
1609 1869
1615 1870
1767 1871
1768 1872
1774 1873
1783 1874
1673 1875
1680 1876
1684 1877
1686 1878
1696 1879
1820 1880
1852 1881
1853 1882
1854 1883
1859 1884
1860 1885
1861 1886
1867 1887
1872 1888
1876 1889
1877 1890
1796 1891
1811 1892
1822 1893
1890 1894
1891 1895
