1731 2108
2108 2108
2108 2108
2108 1731
2108 2108
2108 2108
2109 2110
2110 2110
2110 2110
2110 2109
2110 2110
2110 2110
2111 2111
2111 2111
2111 2111
2111 2111
2112 2112
2112 2112
2112 2112
2112 2112
1931 2113
1733 2113
1735 2113
1994 2113
1736 2113
1737 2113
1734 2113
1738 2113
1993 2113
1732 2113
2113 2113
2113 2113
2113 1733
2113 1732
2113 1734
2113 1735
2113 1736
2113 1737
2113 1738
2113 1931
2113 1994
2113 1993
2113 2113
2113 2113
1880 2114
2114 2114
2114 2114
2114 1880
2114 2114
2114 2114
1739 2115
2115 2115
2115 2115
2115 1739
2115 2115
2115 2115
2116 2116
2116 2116
2116 2116
2116 2116
1887 2117
1740 2117
1889 2117
2117 2117
2117 2117
2117 1740
2117 1887
2117 1889
2117 2117
2117 2117
2118 2118
2118 2118
2118 2118
2118 2118
2119 2120
2120 2120
2120 2120
2120 2119
2120 2120
2120 2120
1744 2121
1741 2121
1743 2121
1745 2121
1742 2121
2121 2121
2121 2121
2121 1741
2121 1743
2121 1744
2121 1742
2121 1745
2121 2121
2121 2121
1886 2122
2122 2122
2122 2122
2122 1886
2122 2122
2122 2122
1747 2123
1746 2123
2123 2123
2123 2123
2123 1746
2123 1747
2123 2123
2123 2123
2124 2124
2124 2124
2124 2124
2124 2124
2125 2125
2125 2125
2125 2125
2125 2125
2126 2126
2126 2126
2126 2126
2126 2126
1866 2129
2127 2129
2128 2129
1932 2129
2083 2129
1865 2129
1922 2129
2129 2129
2129 2129
2129 1866
2129 1922
2129 1865
2129 1932
2129 2083
2129 2128
2129 2127
2129 2129
2129 2129
2061 2128
2130 2128
1924 2128
2129 2128
2131 2128
2128 2128
2128 2128
2128 1924
2128 2061
2128 2129
2128 2131
2128 2130
2128 2128
2128 2128
1922 2131
1866 2131
2128 2131
1865 2131
2131 2131
2131 2131
2131 1866
2131 1922
2131 1865
2131 2128
2131 2131
2131 2131
2062 2132
2132 2132
2132 2132
2132 2062
2132 2132
2132 2132
2090 2133
2133 2133
2133 2133
2133 2090
2133 2133
2133 2133
2090 2134
2134 2134
2134 2134
2134 2090
2134 2134
2134 2134
2128 2130
2130 2130
2130 2130
2130 2128
2130 2130
2130 2130
2135 2135
2135 2135
2135 2135
2135 2135
2136 2136
2136 2136
2136 2136
2136 2136
2072 2137
1966 2137
1778 2137
2073 2137
2137 2137
2137 2137
2137 1778
2137 1966
2137 2072
2137 2073
2137 2137
2137 2137
1748 2138
2138 2138
2138 2138
2138 1748
2138 2138
2138 2138
2086 2139
2139 2139
2139 2139
2139 2086
2139 2139
2139 2139
2031 2140
1900 2140
2140 2140
2140 2140
2140 1900
2140 2031
2140 2140
2140 2140
1750 2141
1749 2141
2141 2141
2141 2141
2141 1749
2141 1750
2141 2141
2141 2141
1751 2142
2142 2142
2142 2142
2142 1751
2142 2142
2142 2142
2143 2143
2143 2143
2143 2143
2143 2143
1865 2127
2129 2127
1754 2127
1755 2127
2084 2127
1922 2127
2127 2127
2127 2127
2127 1754
2127 1755
2127 1922
2127 1865
2127 2084
2127 2129
2127 2127
2127 2127
2144 2145
1975 2145
2145 2145
2145 2145
2145 1975
2145 2144
2145 2145
2145 2145
2146 2149
2147 2149
2148 2149
2149 2149
2149 2149
2149 2146
2149 2148
2149 2147
2149 2149
2149 2149
1905 2150
1902 2150
2150 2150
2150 2150
2150 1902
2150 1905
2150 2150
2150 2150
2151 2151
2151 2151
2151 2151
2151 2151
1771 2146
2149 2146
2146 2146
2146 2146
2146 1771
2146 2149
2146 2146
2146 2146
1756 2152
2152 2152
2152 2152
2152 1756
2152 2152
2152 2152
2120 2119
2119 2119
2119 2119
2119 2120
2119 2119
2119 2119
2153 2154
1757 2154
1704 2154
2154 2154
2154 2154
2154 1704
2154 1757
2154 2153
2154 2154
2154 2154
1705 2155
2155 2155
2155 2155
2155 1705
2155 2155
2155 2155
2154 2153
2153 2153
2153 2153
2153 2154
2153 2153
2153 2153
2156 2156
2156 2156
2156 2156
2156 2156
1758 2157
2157 2157
2157 2157
2157 1758
2157 2157
2157 2157
2158 2158
2158 2158
2158 2158
2158 2158
1759 2159
2159 2159
2159 2159
2159 1759
2159 2159
2159 2159
1760 2160
1761 2160
1762 2160
2160 2160
2160 2160
2160 1760
2160 1761
2160 1762
2160 2160
2160 2160
1762 2161
1763 2161
2161 2161
2161 2161
2161 1762
2161 1763
2161 2161
2161 2161
1767 2162
1764 2162
1766 2162
2162 2162
2162 2162
2162 1766
2162 1764
2162 1767
2162 2162
2162 2162
2163 2164
2164 2164
2164 2164
2164 2163
2164 2164
2164 2164
2164 2163
2163 2163
2163 2163
2163 2164
2163 2163
2163 2163
2165 2165
2165 2165
2165 2165
2165 2165
1765 2167
2166 2167
2167 2167
2167 2167
2167 1765
2167 2166
2167 2167
2167 2167
1941 2168
2168 2168
2168 2168
2168 1941
2168 2168
2168 2168
1768 2169
2169 2169
2169 2169
2169 1768
2169 2169
2169 2169
2170 2170
2170 2170
2170 2170
2170 2170
2171 2171
2171 2171
2171 2171
2171 2171
2084 2172
2083 2172
1929 2172
1972 2172
1862 2172
1964 2172
2172 2172
2172 2172
2172 1862
2172 1929
2172 1964
2172 1972
2172 2084
2172 2083
2172 2172
2172 2172
1769 2173
2173 2173
2173 2173
2173 1769
2173 2173
2173 2173
2145 2144
2144 2144
2144 2144
2144 2145
2144 2144
2144 2144
1770 2174
2174 2174
2174 2174
2174 1770
2174 2174
2174 2174
2175 2175
2175 2175
2175 2175
2175 2175
2176 2176
2176 2176
2176 2176
2176 2176
2149 2148
1868 2148
1771 2148
1772 2148
2148 2148
2148 2148
2148 1771
2148 1772
2148 1868
2148 2149
2148 2148
2148 2148
2177 2179
2178 2179
1777 2179
2179 2179
2179 2179
2179 1777
2179 2178
2179 2177
2179 2179
2179 2179
2180 2180
2180 2180
2180 2180
2180 2180
1773 2147
2149 2147
1775 2147
1938 2147
1957 2147
1774 2147
2147 2147
2147 2147
2147 1773
2147 1774
2147 1775
2147 1938
2147 1957
2147 2149
2147 2147
2147 2147
2181 2182
1777 2182
1776 2182
2182 2182
2182 2182
2182 1776
2182 1777
2182 2181
2182 2182
2182 2182
2181 2183
2183 2183
2183 2183
2183 2181
2183 2183
2183 2183
2179 2178
2177 2178
2178 2178
2178 2178
2178 2179
2178 2177
2178 2178
2178 2178
2184 2177
2179 2177
2178 2177
2177 2177
2177 2177
2177 2179
2177 2178
2177 2184
2177 2177
2177 2177
2181 2185
2185 2185
2185 2185
2185 2181
2185 2185
2185 2185
2181 2184
2177 2184
2184 2184
2184 2184
2184 2177
2184 2181
2184 2184
2184 2184
2182 2181
2186 2181
2185 2181
1779 2181
2184 2181
2183 2181
1778 2181
2181 2181
2181 2181
2181 1778
2181 1779
2181 2182
2181 2183
2181 2185
2181 2184
2181 2186
2181 2181
2181 2181
2187 2187
2187 2187
2187 2187
2187 2187
1780 2186
2181 2186
1781 2186
2186 2186
2186 2186
2186 1781
2186 1780
2186 2181
2186 2186
2186 2186
1782 2188
2188 2188
2188 2188
2188 1782
2188 2188
2188 2188
2189 2190
2190 2190
2190 2190
2190 2189
2190 2190
2190 2190
2190 2189
2189 2189
2189 2189
2189 2190
2189 2189
2189 2189
2191 2191
2191 2191
2191 2191
2191 2191
1783 2192
2192 2192
2192 2192
2192 1783
2192 2192
2192 2192
2167 2166
2166 2166
2166 2166
2166 2167
2166 2166
2166 2166
1785 2193
1784 2193
2193 2193
2193 2193
2193 1784
2193 1785
2193 2193
2193 2193
2040 2194
2194 2194
2194 2194
2194 2040
2194 2194
2194 2194
2195 2195
2195 2195
2195 2195
2195 2195
2196 2196
2196 2196
2196 2196
2196 2196
2197 2197
2197 2197
2197 2197
2197 2197
2198 2198
2198 2198
2198 2198
2198 2198
1786 2199
1787 2199
1788 2199
2199 2199
2199 2199
2199 1787
2199 1786
2199 1788
2199 2199
2199 2199
2200 2200
2200 2200
2200 2200
2200 2200
2201 2202
2202 2202
2202 2202
2202 2201
2202 2202
2202 2202
2202 2201
2201 2201
2201 2201
2201 2202
2201 2201
2201 2201
2203 2203
2203 2203
2203 2203
2203 2203
1789 2204
2204 2204
2204 2204
2204 1789
2204 2204
2204 2204
2205 2205
2205 2205
2205 2205
2205 2205
2206 2206
2206 2206
2206 2206
2206 2206
1805 2208
2207 2208
2208 2208
2208 2208
2208 1805
2208 2207
2208 2208
2208 2208
2208 2207
2207 2207
2207 2207
2207 2208
2207 2207
2207 2207
1790 2209
2209 2209
2209 2209
2209 1790
2209 2209
2209 2209
1793 2210
1792 2210
2210 2210
2210 2210
2210 1792
2210 1793
2210 2210
2210 2210
1791 2211
2211 2211
2211 2211
2211 1791
2211 2211
2211 2211
2212 2212
2212 2212
2212 2212
2212 2212
1794 2213
1795 2213
2213 2213
2213 2213
2213 1794
2213 1795
2213 2213
2213 2213
1796 2214
2214 2214
2214 2214
2214 1796
2214 2214
2214 2214
2215 2215
2215 2215
2215 2215
2215 2215
1804 2216
1797 2216
2216 2216
2216 2216
2216 1797
2216 1804
2216 2216
2216 2216
2217 2217
2217 2217
2217 2217
2217 2217
1798 2218
2218 2218
2218 2218
2218 1798
2218 2218
2218 2218
2219 2219
2219 2219
2219 2219
2219 2219
2220 2220
2220 2220
2220 2220
2220 2220
2221 2221
2221 2221
2221 2221
2221 2221
2222 2222
2222 2222
2222 2222
2222 2222
2223 2223
2223 2223
2223 2223
2223 2223
1800 2224
1799 2224
2224 2224
2224 2224
2224 1799
2224 1800
2224 2224
2224 2224
2225 2225
2225 2225
2225 2225
2225 2225
2226 2227
1804 2227
1801 2227
1802 2227
1843 2227
1803 2227
2227 2227
2227 2227
2227 1801
2227 1802
2227 1804
2227 1803
2227 1843
2227 2226
2227 2227
2227 2227
1804 2228
2226 2228
1803 2228
1843 2228
2228 2228
2228 2228
2228 1804
2228 1803
2228 1843
2228 2226
2228 2228
2228 2228
1805 2226
2228 2226
1807 2226
2227 2226
2226 2226
2226 2226
2226 1805
2226 1807
2226 2227
2226 2228
2226 2226
2226 2226
2049 2229
2229 2229
2229 2229
2229 2049
2229 2229
2229 2229
1806 2230
2230 2230
2230 2230
2230 1806
2230 2230
2230 2230
1807 2231
1808 2231
2231 2231
2231 2231
2231 1807
2231 1808
2231 2231
2231 2231
2232 2232
2232 2232
2232 2232
2232 2232
2233 2233
2233 2233
2233 2233
2233 2233
2234 2234
2234 2234
2234 2234
2234 2234
1809 2235
2235 2235
2235 2235
2235 1809
2235 2235
2235 2235
1810 2236
2236 2236
2236 2236
2236 1810
2236 2236
2236 2236
2237 2237
2237 2237
2237 2237
2237 2237
2238 2238
2238 2238
2238 2238
2238 2238
1970 2109
1956 2109
1812 2109
1811 2109
1753 2109
2110 2109
1752 2109
1813 2109
2109 2109
2109 2109
2109 1752
2109 1753
2109 1811
2109 1812
2109 1813
2109 1956
2109 1970
2109 2110
2109 2109
2109 2109
2239 2239
2239 2239
2239 2239
2239 2239
2240 2240
2240 2240
2240 2240
2240 2240
2241 2241
2241 2241
2241 2241
2241 2241
1814 2242
2242 2242
2242 2242
2242 1814
2242 2242
2242 2242
2015 2243
2243 2243
2243 2243
2243 2015
2243 2243
2243 2243
1852 2244
2244 2244
2244 2244
2244 1852
2244 2244
2244 2244
2245 2245
2245 2245
2245 2245
2245 2245
2246 2246
2246 2246
2246 2246
2246 2246
1843 2247
2247 2247
2247 2247
2247 1843
2247 2247
2247 2247
1815 2248
2248 2248
2248 2248
2248 1815
2248 2248
2248 2248
2249 2249
2249 2249
2249 2249
2249 2249
2250 2250
2250 2250
2250 2250
2250 2250
1816 2251
1818 2251
1817 2251
2251 2251
2251 2251
2251 1817
2251 1816
2251 1818
2251 2251
2251 2251
2252 2253
1962 2253
1910 2253
2253 2253
2253 2253
2253 1910
2253 1962
2253 2252
2253 2253
2253 2253
1819 2254
2254 2254
2254 2254
2254 1819
2254 2254
2254 2254
2255 2255
2255 2255
2255 2255
2255 2255
1820 2256
2256 2256
2256 2256
2256 1820
2256 2256
2256 2256
1829 2257
1828 2257
1826 2257
1822 2257
1825 2257
1823 2257
1827 2257
1831 2257
1833 2257
1834 2257
1832 2257
1830 2257
2257 2257
2257 2257
2257 1823
2257 1825
2257 1822
2257 1826
2257 1828
2257 1829
2257 1827
2257 1831
2257 1832
2257 1830
2257 1833
2257 1834
2257 2257
2257 2257
1835 2259
1836 2259
2258 2259
1837 2259
2259 2259
2259 2259
2259 1836
2259 1837
2259 1835
2259 2258
2259 2259
2259 2259
2258 2260
1837 2260
1835 2260
2260 2260
2260 2260
2260 1837
2260 1835
2260 2258
2260 2260
2260 2260
2259 2258
1835 2258
2260 2258
2258 2258
2258 2258
2258 1835
2258 2259
2258 2260
2258 2258
2258 2258
1821 2261
2261 2261
2261 2261
2261 1821
2261 2261
2261 2261
2253 2252
2252 2252
2252 2252
2252 2253
2252 2252
2252 2252
2262 2262
2262 2262
2262 2262
2262 2262
2263 2263
2263 2263
2263 2263
2263 2263
2264 2265
2265 2265
2265 2265
2265 2264
2265 2265
2265 2265
2265 2264
2264 2264
2264 2264
2264 2265
2264 2264
2264 2264
2266 2266
2266 2266
2266 2266
2266 2266
1838 2267
1839 2267
1840 2267
2267 2267
2267 2267
2267 1838
2267 1839
2267 1840
2267 2267
2267 2267
1839 2268
1838 2268
1840 2268
2268 2268
2268 2268
2268 1838
2268 1839
2268 1840
2268 2268
2268 2268
2269 2269
2269 2269
2269 2269
2269 2269
1852 2272
1851 2272
2270 2272
2271 2272
2272 2272
2272 2272
2272 1851
2272 1852
2272 2271
2272 2270
2272 2272
2272 2272
1852 2271
1851 2271
2272 2271
2271 2271
2271 2271
2271 1851
2271 1852
2271 2272
2271 2271
2271 2271
1851 2270
2272 2270
1852 2270
2270 2270
2270 2270
2270 1851
2270 1852
2270 2272
2270 2270
2270 2270
