0 2
1 3
2 1
3 0
4 6
5 5
6 4
7 7
8 8
9 9
10 10
11 11
12 12
13 13
14 14
15 15
16 16
17 17
18 18
19 19
20 20
21 21
22 22
23 23
24 25
25 26
26 24
27 27
28 28
29 29
30 30
31 31
32 32
33 33
34 35
35 36
36 34
37 39
38 38
39 37
40 40
41 41
42 42
43 43
44 46
45 45
46 44
47 47
48 48
49 49
50 50
51 51
52 52
53 53
54 54
55 55
56 57
57 59
58 56
59 61
60 60
61 58
62 62
63 63
64 64
65 65
66 67
67 68
68 66
69 69
70 71
71 72
72 70
73 73
74 74
75 75
76 77
77 78
78 76
79 79
80 80
81 81
82 84
83 83
84 82
85 85
86 86
87 87
88 88
89 90
90 91
91 89
92 92
93 96
94 94
95 95
96 93
97 97
98 98
99 99
100 100
101 101
102 102
103 105
104 104
105 103
106 106
107 108
108 109
109 107
110 110
111 112
112 111
113 114
114 113
115 115
116 116
117 118
118 119
119 117
120 120
121 122
122 121
123 124
124 123
125 126
126 125
127 128
128 127
129 130
130 129
131 131
132 133
133 132
134 134
135 136
136 135
137 137
138 139
139 138
140 141
141 140
142 143
143 144
144 142
145 145
146 147
147 146
148 150
149 149
150 148
151 151
152 152
153 153
154 155
155 156
156 154
157 157
158 159
159 158
160 160
161 162
162 161
163 164
164 163
165 166
166 165
167 168
168 167
169 170
170 169
171 172
172 171
173 174
174 173
175 176
176 175
177 178
178 177
179 180
180 179
181 182
182 181
183 183
184 184
185 186
186 185
187 188
188 187
189 190
190 189
191 192
192 191
193 194
194 193
195 196
196 195
197 198
198 197
199 200
200 199
201 202
202 201
203 204
204 205
205 203
206 206
207 207
208 209
209 208
210 211
211 210
212 212
213 214
214 213
215 216
216 215
217 218
218 217
219 220
220 219
221 221
222 223
223 222
224 224
225 227
226 226
227 225
228 228
229 229
230 230
231 232
232 233
233 231
234 235
235 234
236 236
237 238
238 237
239 240
240 239
241 242
242 241
243 244
244 243
245 245
246 247
247 246
248 249
249 248
250 251
251 250
252 253
253 252
254 255
255 254
256 256
257 258
258 257
259 260
260 259
261 261
262 262
263 264
264 263
265 265
266 266
267 268
268 267
269 270
270 269
271 272
272 271
273 274
274 273
275 276
276 275
277 278
278 277
279 280
280 279
281 282
282 281
283 284
284 283
285 286
286 285
287 288
288 287
289 289
290 291
291 290
292 293
293 292
294 296
295 294
296 295
297 297
298 301
299 298
300 299
301 300
302 302
303 303
304 304
305 305
306 306
307 308
308 307
309 309
310 311
311 310
312 313
313 312
314 315
315 314
316 316
317 318
318 317
319 320
320 319
321 322
322 321
323 324
324 323
325 326
326 325
327 328
328 327
329 330
330 329
331 331
332 333
333 332
334 334
335 336
336 335
337 338
338 337
339 339
340 341
341 340
342 343
343 342
344 345
345 344
346 347
347 346
348 351
349 350
350 348
351 352
352 349
353 353
354 356
355 354
356 355
357 357
358 359
359 358
360 361
361 360
362 363
363 362
364 364
365 365
366 367
367 366
368 369
369 368
370 371
371 370
372 372
373 375
374 373
375 374
376 376
377 378
378 377
379 379
380 381
381 380
382 383
383 382
384 385
385 384
386 387
387 386
388 388
389 390
390 389
391 392
392 391
393 394
394 393
395 396
396 395
397 399
398 397
399 398
400 400
401 401
402 403
403 402
404 405
405 404
406 407
407 406
408 409
409 408
410 411
411 410
412 413
413 412
414 415
415 414
416 417
417 416
418 419
419 418
420 421
421 420
422 422
423 424
424 423
425 427
426 426
427 425
428 428
429 431
430 430
431 429
432 432
433 434
434 433
435 436
436 435
437 437
438 439
439 438
440 441
441 440
442 443
443 442
444 445
445 446
446 444
447 447
448 449
449 448
450 450
451 452
452 451
453 454
454 453
455 456
456 455
457 458
458 457
459 459
460 461
461 462
462 460
463 463
464 465
465 464
466 466
467 468
468 467
469 470
470 469
471 472
472 471
473 473
474 475
475 474
476 477
477 476
478 478
479 480
480 479
481 481
482 483
483 482
484 484
485 485
486 486
487 488
488 487
489 490
490 489
491 492
492 491
493 494
494 493
495 497
496 495
497 496
498 498
499 499
500 501
501 500
502 503
503 502
504 505
505 504
506 507
507 506
508 508
509 510
510 509
511 512
512 511
513 513
514 515
515 514
516 517
517 516
518 518
519 520
520 519
521 522
522 521
523 524
524 523
525 526
526 525
527 530
528 527
529 528
530 529
531 531
532 533
533 532
534 535
535 534
536 537
537 536
538 540
539 539
540 538
541 541
542 543
543 542
544 545
545 544
546 547
547 546
548 548
549 550
550 549
551 552
552 551
553 554
554 553
555 556
556 555
557 557
558 559
559 558
560 561
561 560
562 563
563 562
564 565
565 564
566 566
567 567
568 569
569 568
570 571
571 570
572 573
573 572
574 574
575 576
576 575
577 578
578 579
579 577
580 580
581 582
582 581
583 584
584 583
585 586
586 585
587 587
588 589
589 588
590 591
591 590
592 593
593 592
594 594
595 595
596 597
597 596
598 599
599 598
600 601
601 600
602 603
603 605
604 602
605 606
606 607
607 604
608 608
609 609
610 610
611 611
612 613
613 612
614 615
615 614
616 617
617 616
618 618
619 620
620 619
621 621
622 624
623 622
624 623
625 626
626 625
627 629
628 627
629 628
630 630
631 632
632 631
633 633
634 636
635 634
636 635
637 637
638 639
639 638
640 640
641 642
642 641
643 644
644 643
645 646
646 645
647 651
648 647
649 652
650 648
651 653
652 649
653 654
654 650
655 656
656 657
657 658
658 655
659 659
660 660
661 662
662 661
663 663
664 665
665 664
666 667
667 666
668 668
669 670
670 669
671 672
672 671
673 676
674 673
675 674
676 675
677 677
678 679
679 678
680 681
681 680
682 683
683 682
684 685
685 684
686 687
687 686
688 688
689 691
690 689
691 692
692 690
693 693
694 694
695 695
696 697
697 696
698 699
699 698
700 701
701 700
702 702
703 704
704 706
705 703
706 705
707 707
708 709
709 708
710 711
711 710
712 713
713 712
714 715
715 714
716 718
717 716
718 717
719 719
720 722
721 720
722 721
723 723
724 725
725 724
726 727
727 726
728 729
729 728
730 730
731 732
732 731
733 734
734 733
735 736
736 735
737 737
738 739
739 738
740 740
741 742
742 741
743 744
744 745
745 743
746 750
747 747
748 746
749 748
750 749
751 751
752 755
753 752
754 756
755 753
756 757
757 754
758 759
759 758
760 760
761 762
762 761
763 764
764 763
765 766
766 765
767 768
768 767
769 769
770 773
771 770
772 771
773 774
774 772
775 775
776 776
777 777
778 778
779 780
780 779
781 782
782 781
783 783
784 786
785 784
786 785
787 787
788 789
789 788
790 791
791 790
792 793
793 792
794 795
795 794
796 797
797 796
798 799
799 798
800 800
801 802
802 801
803 804
804 803
805 806
806 805
807 808
808 807
809 810
810 809
811 812
812 811
813 814
814 813
815 816
816 815
817 818
818 817
819 819
820 821
821 820
822 822
823 824
824 823
825 826
826 825
827 828
828 827
829 830
830 829
831 831
832 833
833 832
834 845
835 835
836 834
837 836
838 837
839 838
840 839
841 840
842 846
843 841
844 847
845 842
846 848
847 843
848 844
849 849
850 850
851 851
852 853
853 852
854 855
855 854
856 857
857 856
858 859
859 858
860 861
861 860
862 862
863 866
864 865
865 864
866 863
867 869
868 867
869 868
870 870
871 872
872 871
873 874
874 873
875 876
876 875
877 879
878 877
879 881
880 880
881 878
882 882
883 884
884 883
885 885
886 886
887 892
888 891
889 887
890 888
891 893
892 889
893 890
894 894
895 895
896 896
897 897
898 899
899 898
900 901
901 900
902 902
903 904
904 903
905 907
906 910
907 906
908 905
909 908
910 909
911 911
912 913
913 912
914 914
915 916
916 915
917 918
918 917
919 920
920 919
921 922
922 921
923 924
924 923
925 926
926 925
927 927
928 929
929 928
930 931
931 930
932 933
933 932
934 935
935 934
936 936
937 937
938 939
939 938
940 942
941 940
942 941
943 943
944 945
945 944
946 947
947 946
948 949
949 948
950 950
951 951
952 954
953 955
954 953
955 952
956 956
957 958
958 957
959 960
960 959
961 962
962 961
963 964
964 963
965 966
966 965
967 968
968 967
969 970
970 969
971 972
972 971
973 974
974 973
975 976
976 975
977 978
978 977
979 980
980 979
981 982
982 981
983 984
984 983
985 986
986 985
987 987
988 989
989 988
990 991
991 990
992 993
993 992
994 995
995 994
996 996
997 997
998 999
999 998
1000 1001
1001 1000
1002 1002
1003 1005
1004 1003
1005 1006
1006 1004
1007 1007
1008 1009
1009 1008
1010 1010
1011 1013
1012 1011
1013 1012
1014 1014
1015 1017
1016 1015
1017 1016
1018 1018
1019 1020
1020 1019
1021 1022
1022 1021
1023 1024
1024 1023
1025 1025
1026 1027
1027 1026
1028 1029
1029 1030
1030 1028
1031 1031
1032 1033
1033 1032
1034 1035
1035 1034
1036 1038
1037 1036
1038 1037
1039 1039
1040 1041
1041 1040
1042 1043
1043 1042
1044 1044
1045 1046
1046 1045
1047 1048
1048 1047
1049 1049
1050 1051
1051 1050
1052 1052
1053 1053
1054 1055
1055 1054
1056 1057
1057 1056
1058 1059
1059 1058
1060 1061
1061 1060
1062 1063
1063 1062
1064 1065
1065 1064
1066 1067
1067 1066
1068 1069
1069 1068
1070 1071
1071 1070
1072 1074
1073 1072
1074 1073
1075 1077
1076 1076
1077 1081
1078 1079
1079 1080
1080 1078
1081 1082
1082 1083
1083 1085
1084 1084
1085 1087
1086 1086
1087 1088
1088 1089
1089 1090
1090 1092
1091 1091
1092 1094
1093 1093
1094 1096
1095 1095
1096 1098
1097 1097
1098 1102
1099 1099
1100 1100
1101 1101
1102 1103
1103 1105
1104 1104
1105 1107
1106 1106
1107 1108
1108 1110
1109 1109
1110 1112
1111 1111
1112 1114
1113 1113
1114 1116
1115 1115
1116 1118
1117 1117
1118 1120
1119 1119
1120 1122
1121 1121
1122 1124
1123 1123
1124 1128
1125 1125
1126 1126
1127 1127
1128 1129
1129 1130
1130 1132
1131 1131
1132 1134
1133 1133
1134 1137
1135 1135
1136 1136
1137 1138
1138 1139
1139 1141
1140 1140
1141 1143
1142 1142
1143 1145
1144 1144
1145 1147
1146 1146
1147 1149
1148 1148
1149 1153
1150 1150
1151 1154
1152 1151
1153 1152
1154 1155
1155 1156
1156 1158
1157 1157
1158 1163
1159 1160
1160 1161
1161 1162
1162 1164
1163 1166
1164 1165
1165 1168
1166 1167
1167 1170
1168 1169
1169 1172
1170 1171
1171 1173
1172 1175
1173 1174
1174 1177
1175 1176
1176 1179
1177 1178
1178 1181
1179 1180
1180 1183
1181 1182
1182 1185
1183 1184
1184 1186
1185 1187
1186 1190
1187 1193
1188 1188
1189 1195
1190 1189
1191 1191
1192 1196
1193 1192
1194 1194
1195 1197
1196 1198
1197 1199
1198 1200
1199 1202
1200 1201
1201 1204
1202 1203
1203 1207
1204 1205
1205 1209
1206 1206
1207 1214
1208 1215
1209 1208
1210 1217
1211 1218
1212 1210
1213 1211
1214 1219
1215 1212
1216 1220
1217 1213
1218 1225
1219 1216
1220 1228
1221 1230
1222 1231
1223 1221
1224 1235
1225 1222
1226 1237
1227 1223
1228 1224
1229 1227
1230 1226
1231 1238
1232 1241
1233 1249
1234 1229
1235 1232
1236 1233
1237 1234
1238 1236
1239 1239
1240 1240
1241 1242
1242 1243
1243 1244
1244 1246
1245 1245
1246 1247
1247 1248
1248 1306
1249 1251
1250 1309
1251 1252
1252 1253
1253 1311
1254 1254
1255 1313
1256 1255
1257 1256
1258 1317
1259 1257
1260 1258
1261 1318
1262 1259
1263 1321
1264 1260
1265 1261
1266 1262
1267 1323
1268 1263
1269 1324
1270 1264
1271 1330
1272 1265
1273 1331
1274 1266
1275 1346
1276 1267
1277 1268
1278 1342
1279 1347
1280 1269
1281 1270
1282 1271
1283 1272
1284 1273
1285 1274
1286 1275
1287 1329
1288 1276
1289 1277
1290 1278
1291 1279
1292 1280
1293 1282
1294 1281
1295 1283
1296 1284
1297 1285
1298 1287
1299 1286
1300 1288
1301 1289
1302 1290
1303 1291
1304 1292
1305 1293
1306 1294
1307 1295
1308 1297
1309 1296
1310 1298
1311 1299
1312 1300
1313 1301
1314 1302
1315 1303
1316 1304
1317 1305
1318 1307
1319 1308
1320 1312
1321 1310
1322 1314
1323 1315
1324 1316
1325 1319
1326 1320
1327 1322
1328 1326
1329 1325
1330 1327
1331 1328
1332 1332
1333 1333
1334 1345
1335 1334
1336 1336
1337 1335
1338 1337
1339 1339
1340 1343
1341 1338
1342 1340
1343 1341
1344 1344
1345 1349
1346 1351
1347 1350
1348 1352
1349 1353
1350 1354
1351 1355
1352 1356
1353 1357
1354 1359
1355 1360
1356 1358
1357 1361
1358 1364
1359 1362
1360 1363
1361 1365
1362 1366
1363 1452
1364 1451
1365 1367
1366 1370
1367 1368
1368 1369
1369 1425
1370 1371
1371 1372
1372 1373
1373 1374
1374 1375
1375 1376
1376 1377
1377 1378
1378 1379
1379 1380
1380 1381
1381 1382
1382 1383
1383 1384
1384 1387
1385 1388
1386 1386
1387 1385
1388 1389
1389 1391
1390 1390
1391 1392
1392 1393
1393 1394
1394 1395
1395 1396
1396 1397
1397 1398
1398 1399
1399 1400
1400 1401
1401 1402
1402 1403
1403 1404
1404 1405
1405 1406
1406 1407
1407 1409
1408 1408
1409 1410
1410 1411
1411 1412
1412 1413
1413 1414
1414 1415
1415 1416
1416 1417
1417 1418
1418 1419
1419 1420
1420 1421
1421 1423
1422 1422
1423 1424
1424 1426
1425 1428
1426 1429
1427 1427
1428 1430
1429 1431
1430 1432
1431 1433
1432 1434
1433 1435
1434 1436
1435 1442
1436 1437
1437 1438
1438 1439
1439 1440
1440 1441
1441 1443
1442 1446
1443 1447
1444 1444
1445 1445
1446 1448
1447 1449
1448 1450
1449 1454
1450 1455
1451 1457
1452 1456
1453 1460
1454 1458
1455 1459
1456 1531
1457 1461
1458 1462
1459 1464
1460 1463
1461 1465
1462 1466
1463 1467
1464 1468
1465 1469
1466 1470
1467 1471
1468 1472
1469 1473
1470 1474
1471 1475
1472 1476
1473 1477
1474 1478
1475 1479
1476 1480
1477 1482
1478 1481
1479 1484
1480 1483
1481 1485
1482 1489
1483 1487
1484 1500
1485 1490
1486 1495
1487 1499
1488 1494
1489 1491
1490 1488
1491 1486
1492 1492
1493 1493
1494 1496
1495 1497
1496 1498
1497 1501
1498 1502
1499 1503
1500 1504
1501 1505
1502 1506
1503 1507
1504 1508
1505 1509
1506 1510
1507 1511
1508 1512
1509 1513
1510 1515
1511 1514
1512 1516
1513 1517
1514 1518
1515 1519
1516 1520
1517 1521
1518 1522
1519 1523
1520 1524
1521 1525
1522 1526
1523 1527
1524 1528
1525 1536
1526 1535
1527 1529
1528 1540
1529 1530
1530 1541
1531 1532
1532 1533
1533 1534
1534 1537
1535 1538
1536 1539
1537 1543
1538 1542
1539 1544
1540 1546
1541 1545
1542 1550
1543 1547
1544 1548
1545 1549
1546 1551
1547 1552
1548 1553
1549 1554
1550 1555
1551 1556
1552 1557
1553 1558
1554 1559
1555 1560
1556 1561
1557 1562
1558 1564
1559 1563
1560 1565
1561 1566
1562 1568
1563 1625
1564 1569
1565 1570
1566 1571
1567 1572
1568 1573
1569 1574
1570 1575
1571 1576
1572 1578
1573 1581
1574 1577
1575 1579
1576 1582
1577 1580
1578 1583
1579 1584
1580 1585
1581 1590
1582 1586
1583 1587
1584 1589
1585 1588
1586 1591
1587 1592
1588 1593
1589 1686
1590 1594
1591 1595
1592 1596
1593 1597
1594 1598
1595 1600
1596 1599
1597 1601
1598 1602
1599 1603
1600 1604
1601 1605
1602 1606
1603 1607
1604 1609
1605 1608
1606 1610
1607 1611
1608 1612
1609 1613
1610 1614
1611 1615
1612 1617
1613 1616
1614 1619
1615 1618
1616 1620
1617 1669
1618 1621
1619 1622
1620 1623
1621 1624
1622 1626
1623 1627
1624 1628
1625 1629
1626 1630
1627 1631
1628 1633
1629 1632
1630 1634
1631 1635
1632 1636
1633 1658
1634 1637
1635 1638
1636 1639
1637 1640
1638 1641
1639 1642
1640 1643
1641 1644
1642 1645
1643 1646
1644 1647
1645 1648
1646 1649
1647 1650
1648 1651
1649 1652
1650 1653
1651 1654
1652 1655
1653 1656
1654 1657
1655 1659
1656 1660
1657 1661
1658 1662
1659 1663
1660 1664
1661 1668
1662 1665
1663 1666
1664 1667
1665 1671
1666 1670
1667 1672
1668 1673
1669 1674
1670 1675
1671 1676
1672 1677
1673 1678
1674 1679
1675 1680
1676 1681
1677 1682
1678 1683
1679 1684
1680 1685
1681 1688
1682 1687
1683 1690
1684 1691
1685 1692
1686 1693
1687 1694
1688 1695
1689 1696
1690 1698
1691 1697
1692 1699
1693 1700
1694 1701
1695 1702
1696 1703
1697 1704
1698 1705
1699 1706
1700 1707
1701 1708
1702 1709
1703 1710
1704 1760
1705 1762
1706 1711
1707 1712
1708 1713
1709 1714
1710 1715
1711 1716
1712 1717
1713 1718
1714 1719
1715 1720
1716 1721
1717 1722
1718 1724
1719 1723
1720 1725
1721 1726
1722 1727
1723 1728
1724 1729
1725 1730
1726 1731
1727 1732
1728 1733
1729 1734
1730 1735
1731 1736
1732 1738
1733 1737
1734 1739
1735 1740
1736 1741
1737 1742
1738 1743
1739 1744
1740 1745
1741 1746
1742 1749
1743 1747
1744 1748
1745 1750
1746 1751
1747 1752
1748 1753
1749 1754
1750 1755
1751 1756
1752 1816
1753 1817
1754 1757
1755 1758
1756 1759
1757 1761
1758 1763
1759 1764
1760 1765
1761 1766
1762 1767
1763 1768
1764 1770
1765 1772
1766 1769
1767 1771
1768 1773
1769 1774
1770 1775
1771 1776
1772 1777
1773 1778
1774 1779
1775 1780
1776 1781
1777 1782
1778 1783
1779 1784
1780 1786
1781 1785
1782 1787
1783 1788
1784 1789
1785 1790
1786 1792
1787 1791
1788 1793
1789 1794
1790 1795
1791 1798
1792 1796
1793 1797
1794 1799
1795 1800
1796 1801
1797 1802
1798 1803
1799 1804
1800 1805
1801 1806
1802 1807
1803 1809
1804 1808
1805 1810
1806 1811
1807 1812
1808 1813
1809 1814
1810 1815
1811 1818
1812 1819
1813 1820
1814 1822
1815 1823
1816 1825
1817 1824
1818 1826
1819 1827
1820 1828
1821 1844
1822 1831
1823 1829
1824 1888
1825 1830
1826 1832
1827 1835
1828 1833
1829 1834
1830 1838
1831 1836
1832 1837
1833 1839
1834 1840
1835 1843
1836 1841
1837 1842
1838 1845
1839 1846
1840 1847
1841 1848
1842 1849
1843 1850
1844 1851
1845 1852
1846 1853
1847 1854
1848 1855
1849 1856
1850 1859
1851 1857
1852 1858
1853 1860
1854 1861
1855 1862
1856 1863
1857 1868
1858 1864
1859 1865
1860 1866
1861 1867
1862 1920
1863 1869
1864 1870
1865 1919
1866 1871
1867 1872
1868 1873
1869 1874
1870 1875
1871 1876
1872 1877
1873 1878
1874 1879
1875 1880
1876 1881
1877 1882
1878 1883
1879 1884
1880 1885
1881 1922
1882 1886
1883 1887
1884 1889
1885 1890
1886 1893
1887 1891
1888 1892
1889 1894
1890 1895
1891 1896
1892 1897
1893 1904
1894 1898
1895 1937
1896 1899
1897 1900
1898 1901
1899 1902
1900 1903
1901 1928
1902 1905
1903 1927
1904 1929
1905 1940
1906 1906
1907 1931
1908 1907
1909 1908
1910 1909
1911 1910
1912 1911
1913 1912
1914 1913
1915 1914
1916 1915
1917 1916
1918 1923
1919 1925
1920 1921
1921 1917
1922 1918
1923 1924
1924 1926
1925 1930
1926 1932
1927 1938
1928 1933
1929 1934
1930 1935
1931 1936
1932 1939
1933 1941
1934 1942
1935 1943
1936 1944
1937 1945
1938 1946
1939 1947
1940 1948
1941 1949
1942 1950
1943 1951
1944 1952
1945 1953
1946 1954
1947 1959
1948 1955
1949 1956
1950 1957
1951 1958
1952 1960
1953 1961
1954 1962
1955 1963
