2273 2273
2273 2273
2273 2273
2273 2273
1841 2274
2274 2274
2274 2274
2274 1841
2274 2274
2274 2274
2275 2275
2275 2275
2275 2275
2275 2275
2276 2276
2276 2276
2276 2276
2276 2276
1848 2277
1877 2277
1842 2277
2277 2277
2277 2277
2277 1842
2277 1848
2277 1877
2277 2277
2277 2277
2227 2278
2230 2278
1844 2278
2049 2278
2198 2278
2012 2278
1843 2278
2228 2278
2278 2278
2278 2278
2278 1843
2278 1844
2278 2012
2278 2049
2278 2198
2278 2227
2278 2228
2278 2230
2278 2278
2278 2278
1845 2279
2279 2279
2279 2279
2279 1845
2279 2279
2279 2279
2280 2280
2280 2280
2280 2280
2280 2280
1846 2282
1850 2282
2281 2282
2272 2282
2271 2282
1847 2282
2270 2282
2282 2282
2282 2282
2282 1846
2282 1847
2282 1850
2282 2272
2282 2271
2282 2270
2282 2281
2282 2282
2282 2282
2046 2283
2283 2283
2283 2283
2283 2046
2283 2283
2283 2283
1848 2284
2284 2284
2284 2284
2284 1848
2284 2284
2284 2284
2285 2285
2285 2285
2285 2285
2285 2285
1849 2286
2286 2286
2286 2286
2286 1849
2286 2286
2286 2286
1851 2281
1850 2281
2282 2281
2271 2281
2272 2281
2270 2281
1852 2281
2281 2281
2281 2281
2281 1851
2281 1852
2281 1850
2281 2272
2281 2271
2281 2270
2281 2282
2281 2281
2281 2281
1850 2287
2287 2287
2287 2287
2287 1850
2287 2287
2287 2287
2288 2288
2288 2288
2288 2288
2288 2288
2289 2289
2289 2289
2289 2289
2289 2289
2290 2291
2291 2291
2291 2291
2291 2290
2291 2291
2291 2291
1854 2294
2292 2294
1858 2294
2293 2294
1853 2294
1857 2294
2294 2294
2294 2294
2294 1853
2294 1854
2294 1858
2294 1857
2294 2293
2294 2292
2294 2294
2294 2294
1858 2295
2292 2295
1854 2295
1857 2295
1853 2295
2293 2295
2295 2295
2295 2295
2295 1853
2295 1854
2295 1858
2295 1857
2295 2293
2295 2292
2295 2295
2295 2295
1858 2293
2294 2293
2296 2293
2295 2293
2293 2293
2293 2293
2293 1858
2293 2294
2293 2295
2293 2296
2293 2293
2293 2293
2293 2296
2296 2296
2296 2296
2296 2293
2296 2296
2296 2296
1855 2297
1856 2297
2297 2297
2297 2297
2297 1855
2297 1856
2297 2297
2297 2297
2295 2292
1858 2292
2294 2292
2292 2292
2292 2292
2292 1858
2292 2294
2292 2295
2292 2292
2292 2292
1857 2298
1861 2298
1860 2298
1859 2298
2298 2298
2298 2298
2298 1859
2298 1860
2298 1861
2298 1857
2298 2298
2298 2298
1857 2290
2291 2290
2290 2290
2290 2290
2290 1857
2290 2291
2290 2290
2290 2290
2299 2299
2299 2299
2299 2299
2299 2299
2300 2300
2300 2300
2300 2300
2300 2300
2202 2301
2301 2301
2301 2301
2301 2202
2301 2301
2301 2301
2302 2303
2303 2303
2303 2303
2303 2302
2303 2303
2303 2303
2304 2304
2304 2304
2304 2304
2304 2304
2305 2305
2305 2305
2305 2305
2305 2305
1901 2314
1904 2314
2306 2314
2061 2314
1926 2314
2307 2314
2066 2314
1965 2314
2308 2314
2069 2314
2309 2314
2084 2314
2067 2314
1864 2314
1933 2314
1907 2314
2131 2314
1937 2314
1939 2314
1865 2314
2172 2314
1862 2314
1903 2314
1894 2314
2310 2314
2311 2314
1881 2314
2312 2314
2313 2314
1924 2314
1863 2314
1920 2314
2314 2314
2314 2314
2314 1863
2314 1864
2314 1894
2314 1865
2314 1862
2314 1920
2314 1881
2314 1924
2314 1903
2314 1901
2314 1904
2314 1907
2314 1926
2314 1933
2314 1937
2314 1939
2314 1965
2314 2061
2314 2069
2314 2067
2314 2066
2314 2084
2314 2131
2314 2172
2314 2310
2314 2312
2314 2311
2314 2306
2314 2309
2314 2307
2314 2308
2314 2313
2314 2314
2314 2314
2129 2310
1907 2310
2128 2310
2307 2310
1926 2310
2086 2310
1904 2310
2308 2310
1929 2310
2306 2310
1901 2310
1903 2310
1918 2310
2311 2310
1920 2310
1894 2310
1865 2310
1922 2310
2131 2310
2172 2310
1927 2310
2061 2310
1943 2310
1866 2310
2314 2310
2313 2310
1935 2310
1932 2310
2145 2310
1867 2310
2310 2310
2310 2310
2310 1866
2310 1867
2310 1894
2310 1922
2310 1865
2310 1920
2310 1918
2310 1903
2310 1901
2310 1904
2310 1907
2310 1926
2310 1929
2310 1927
2310 1932
2310 1935
2310 1943
2310 2061
2310 2086
2310 2129
2310 2128
2310 2131
2310 2145
2310 2172
2310 2314
2310 2311
2310 2306
2310 2307
2310 2308
2310 2313
2310 2310
2310 2310
1924 2318
2184 2318
1868 2318
2145 2318
1944 2318
1965 2318
2309 2318
2315 2318
1870 2318
1952 2318
1954 2318
2128 2318
1946 2318
2316 2318
1922 2318
2317 2318
2147 2318
2318 2318
2318 2318
2318 1868
2318 1870
2318 1922
2318 1924
2318 1944
2318 1946
2318 1952
2318 1954
2318 1965
2318 2128
2318 2145
2318 2147
2318 2184
2318 2315
2318 2317
2318 2316
2318 2309
2318 2318
2318 2318
2319 2319
2319 2319
2319 2319
2319 2319
1901 2320
1903 2320
2060 2320
1908 2320
2085 2320
1904 2320
2320 2320
2320 2320
2320 1908
2320 1903
2320 1901
2320 1904
2320 2060
2320 2085
2320 2320
2320 2320
2148 2315
1869 2315
2321 2315
2124 2315
1870 2315
2318 2315
2315 2315
2315 2315
2315 1869
2315 1870
2315 2124
2315 2148
2315 2318
2315 2321
2315 2315
2315 2315
1937 2312
2148 2312
2322 2312
2182 2312
2131 2312
2314 2312
2312 2312
2312 2312
2312 1937
2312 2131
2312 2148
2312 2182
2312 2314
2312 2322
2312 2312
2312 2312
2323 2311
2322 2311
2310 2311
2172 2311
2308 2311
2314 2311
2311 2311
2311 2311
2311 2172
2311 2314
2311 2310
2311 2323
2311 2322
2311 2308
2311 2311
2311 2311
2322 2317
1870 2317
2318 2317
2317 2317
2317 2317
2317 1870
2317 2318
2317 2322
2317 2317
2317 2317
2318 2316
1870 2316
2322 2316
2316 2316
2316 2316
2316 1870
2316 2318
2316 2322
2316 2316
2316 2316
2152 2324
1935 2324
2324 2324
2324 2324
2324 1935
2324 2152
2324 2324
2324 2324
2325 2325
2325 2325
2325 2325
2325 2325
2326 2326
2326 2326
2326 2326
2326 2326
1874 2328
1873 2328
1872 2328
2327 2328
1871 2328
2328 2328
2328 2328
2328 1871
2328 1872
2328 1873
2328 1874
2328 2327
2328 2328
2328 2328
1875 2330
2329 2330
1876 2330
2327 2330
2330 2330
2330 2330
2330 1875
2330 1876
2330 2327
2330 2329
2330 2330
2330 2330
2327 2332
2331 2332
2114 2332
2242 2332
2332 2332
2332 2332
2332 2114
2332 2242
2332 2327
2332 2331
2332 2332
2332 2332
2329 2327
2332 2327
2330 2327
2328 2327
2327 2327
2327 2327
2327 2328
2327 2330
2327 2332
2327 2329
2327 2327
2327 2327
2330 2329
2327 2329
2329 2329
2329 2329
2329 2330
2329 2327
2329 2329
2329 2329
1877 2333
2333 2333
2333 2333
2333 1877
2333 2333
2333 2333
1878 2334
1879 2334
2334 2334
2334 2334
2334 1878
2334 1879
2334 2334
2334 2334
1880 2335
2335 2335
2335 2335
2335 1880
2335 2335
2335 2335
2336 2337
1882 2337
1913 2337
2337 2337
2337 2337
2337 1882
2337 1913
2337 2336
2337 2337
2337 2337
2338 2336
2339 2336
2337 2336
2336 2336
2336 2336
2336 2337
2336 2338
2336 2339
2336 2336
2336 2336
2336 2338
1913 2338
2340 2338
2338 2338
2338 2338
2338 1913
2338 2336
2338 2340
2338 2338
2338 2338
2341 2341
2341 2341
2341 2341
2341 2341
2323 2342
2342 2342
2342 2342
2342 2323
2342 2342
2342 2342
1824 2343
1883 2343
2343 2343
2343 2343
2343 1883
2343 1824
2343 2343
2343 2343
1884 2344
1824 2344
2344 2344
2344 2344
2344 1824
2344 1884
2344 2344
2344 2344
2345 2345
2345 2345
2345 2345
2345 2345
2346 2346
2346 2346
2346 2346
2346 2346
2347 2348
2048 2348
1885 2348
2348 2348
2348 2348
2348 1885
2348 2048
2348 2347
2348 2348
2348 2348
2349 2321
2350 2321
2315 2321
1886 2321
1887 2321
2086 2321
2117 2321
2351 2321
2139 2321
2321 2321
2321 2321
2321 1887
2321 1886
2321 2086
2321 2117
2321 2139
2321 2315
2321 2349
2321 2351
2321 2350
2321 2321
2321 2321
2069 2349
2321 2349
2352 2349
1891 2349
1890 2349
1928 2349
1888 2349
2349 2349
2349 2349
2349 1888
2349 1890
2349 1891
2349 1928
2349 2069
2349 2321
2349 2352
2349 2349
2349 2349
1889 2351
2353 2351
2321 2351
2117 2351
1886 2351
2351 2351
2351 2351
2351 1886
2351 1889
2351 2117
2351 2321
2351 2353
2351 2351
2351 2351
2321 2350
1928 2350
2352 2350
1890 2350
1891 2350
2069 2350
2350 2350
2350 2350
2350 1890
2350 1891
2350 1928
2350 2069
2350 2321
2350 2352
2350 2350
2350 2350
1891 2352
2350 2352
2349 2352
1892 2352
2352 2352
2352 2352
2352 1891
2352 1892
2352 2349
2352 2350
2352 2352
2352 2352
2139 2353
2351 2353
2353 2353
2353 2353
2353 2139
2353 2351
2353 2353
2353 2353
2354 2355
2355 2355
2355 2355
2355 2354
2355 2355
2355 2355
2307 2306
2314 2306
2308 2306
1939 2306
1893 2306
1904 2306
2172 2306
1907 2306
2322 2306
1862 2306
1923 2306
1903 2306
1918 2306
1896 2306
1901 2306
1894 2306
2310 2306
2306 2306
2306 2306
2306 1894
2306 1896
2306 1893
2306 1862
2306 1918
2306 1923
2306 1903
2306 1901
2306 1904
2306 1907
2306 1939
2306 2172
2306 2314
2306 2310
2306 2322
2306 2307
2306 2308
2306 2306
2306 2306
2356 2357
1897 2357
2357 2357
2357 2357
2357 1897
2357 2356
2357 2357
2357 2357
1928 2358
1988 2358
2358 2358
2358 2358
2358 1928
2358 1988
2358 2358
2358 2358
2357 2356
2356 2356
2356 2356
2356 2357
2356 2356
2356 2356
2355 2354
2354 2354
2354 2354
2354 2355
2354 2354
2354 2354
1899 2309
2128 2309
2318 2309
2322 2309
2314 2309
2060 2309
2147 2309
2145 2309
1898 2309
2309 2309
2309 2309
2309 1898
2309 1899
2309 2060
2309 2128
2309 2145
2309 2147
2309 2314
2309 2318
2309 2322
2309 2309
2309 2309
1900 2359
2359 2359
2359 2359
2359 1900
2359 2359
2359 2359
2067 2323
2177 2323
2360 2323
1936 2323
2187 2323
1929 2323
1910 2323
1906 2323
1908 2323
1902 2323
2083 2323
1923 2323
2311 2323
2085 2323
1893 2323
1920 2323
1922 2323
2342 2323
1909 2323
1911 2323
2086 2323
2323 2323
2323 2323
2323 1893
2323 1902
2323 1906
2323 1908
2323 1909
2323 1910
2323 1911
2323 1922
2323 1920
2323 1923
2323 1929
2323 1936
2323 2067
2323 2085
2323 2086
2323 2083
2323 2177
2323 2187
2323 2311
2323 2342
2323 2360
2323 2323
2323 2323
2099 2361
1912 2361
2361 2361
2361 2361
2361 1912
2361 2099
2361 2361
2361 2361
2362 2362
2362 2362
2362 2362
2362 2362
2340 2339
2336 2339
1913 2339
2339 2339
2339 2339
2339 1913
2339 2336
2339 2340
2339 2339
2339 2339
2070 2364
1917 2364
2363 2364
2364 2364
2364 2364
2364 1917
2364 2070
2364 2363
2364 2364
2364 2364
1915 2365
1914 2365
2365 2365
2365 2365
2365 1914
2365 1915
2365 2365
2365 2365
2339 2340
2338 2340
2340 2340
2340 2340
2340 2338
2340 2339
2340 2340
2340 2340
1916 2366
2366 2366
2366 2366
2366 1916
2366 2366
2366 2366
2364 2363
2363 2363
2363 2363
2363 2364
2363 2363
2363 2363
1917 2367
2367 2367
2367 2367
2367 1917
2367 2367
2367 2367
2368 2368
2368 2368
2368 2368
2368 2368
2148 2322
2056 2322
1944 2322
1939 2322
1940 2322
2369 2322
1943 2322
2172 2322
1942 2322
1907 2322
2187 2322
1941 2322
1937 2322
1946 2322
1961 2322
1960 2322
1959 2322
1958 2322
1957 2322
2308 2322
1956 2322
2307 2322
1955 2322
1954 2322
2147 2322
1953 2322
1952 2322
1947 2322
1951 2322
1950 2322
1949 2322
1948 2322
1975 2322
1964 2322
1945 2322
2179 2322
1927 2322
1881 2322
1918 2322
1923 2322
1919 2322
1932 2322
1924 2322
2083 2322
1895 2322
2312 2322
1931 2322
1930 2322
1903 2322
1929 2322
2311 2322
2093 2322
2306 2322
1928 2322
2086 2322
1904 2322
1926 2322
2309 2322
2067 2322
1925 2322
2066 2322
2055 2322
1901 2322
1905 2322
1938 2322
2149 2322
2316 2322
1935 2322
1865 2322
2061 2322
1922 2322
2062 2322
1920 2322
1862 2322
2145 2322
1921 2322
2317 2322
1936 2322
1933 2322
2069 2322
1934 2322
2150 2322
2322 2322
2322 2322
2322 1921
2322 1922
2322 1865
2322 1862
2322 1920
2322 1881
2322 1918
2322 1923
2322 1919
2322 1924
2322 1903
2322 1901
2322 1904
2322 1925
2322 1907
2322 1926
2322 1928
2322 1929
2322 1930
2322 1931
2322 1895
2322 1927
2322 1932
2322 1905
2322 1933
2322 1934
2322 1935
2322 1936
2322 1937
2322 1938
2322 1939
2322 1940
2322 1941
2322 1942
2322 1943
2322 1944
2322 1945
2322 1946
2322 1948
2322 1949
2322 1950
2322 1951
2322 1947
2322 1952
2322 1953
2322 1954
2322 1955
2322 1956
2322 1957
2322 1958
2322 1959
2322 1960
2322 1961
2322 1964
2322 1975
2322 2056
2322 2061
2322 2062
2322 2069
2322 2067
2322 2066
2322 2055
2322 2086
2322 2093
2322 2083
2322 2145
2322 2149
2322 2150
2322 2172
2322 2148
2322 2179
2322 2147
2322 2187
2322 2312
2322 2311
2322 2317
2322 2316
2322 2306
2322 2309
2322 2307
2322 2308
2322 2369
2322 2322
2322 2322
1962 2370
2370 2370
2370 2370
2370 1962
2370 2370
2370 2370
1963 2371
2371 2371
2371 2371
2371 1963
2371 2371
2371 2371
2306 2307
2172 2307
2314 2307
2083 2307
2058 2307
2322 2307
2310 2307
2056 2307
2084 2307
2057 2307
2307 2307
2307 2307
2307 2056
2307 2057
2307 2058
2307 2084
2307 2083
2307 2172
2307 2314
2307 2310
2307 2306
2307 2322
2307 2307
2307 2307
2306 2308
1964 2308
2084 2308
2310 2308
1972 2308
2311 2308
2172 2308
2322 2308
2314 2308
2308 2308
2308 2308
2308 1964
2308 1972
2308 2084
2308 2172
2308 2314
2308 2310
2308 2311
2308 2306
2308 2322
2308 2308
2308 2308
2360 2372
1965 2372
1971 2372
2073 2372
1968 2372
1967 2372
2137 2372
1969 2372
2372 2372
2372 2372
2372 1965
2372 1967
2372 1968
2372 1971
2372 2073
2372 1969
2372 2137
2372 2360
2372 2372
2372 2372
2372 2360
2323 2360
1969 2360
2137 2360
1971 2360
2360 2360
2360 2360
2360 1971
2360 1969
2360 2137
2360 2323
2360 2372
2360 2360
2360 2360
2074 2373
2075 2373
2373 2373
2373 2373
2373 2075
2373 2074
2373 2373
2373 2373
1972 2374
2118 2374
1973 2374
1974 2374
2374 2374
2374 2374
2374 1973
2374 1974
2374 1972
2374 2118
2374 2374
2374 2374
1975 2313
1976 2313
2310 2313
2314 2313
2313 2313
2313 2313
2313 1975
2313 1976
2313 2314
2313 2310
2313 2313
2313 2313
2322 2369
1979 2369
2369 2369
2369 2369
2369 1979
2369 2322
2369 2369
2369 2369
1972 2375
2375 2375
2375 2375
2375 1972
2375 2375
2375 2375
1980 2376
2376 2376
2376 2376
2376 1980
2376 2376
2376 2376
1981 2377
2377 2377
2377 2377
2377 1981
2377 2377
2377 2377
2378 2378
2378 2378
2378 2378
2378 2378
2332 2331
2331 2331
2331 2331
2331 2332
2331 2331
2331 2331
2379 2379
2379 2379
2379 2379
2379 2379
2113 2381
1983 2381
2380 2381
2381 2381
2381 2381
2381 1983
2381 2113
2381 2380
2381 2381
2381 2381
1987 2347
2348 2347
2347 2347
2347 2347
2347 1987
2347 2348
2347 2347
2347 2347
2380 2382
2382 2382
2382 2382
2382 2380
2382 2382
2382 2382
1984 2383
2383 2383
2383 2383
2383 1984
2383 2383
2383 2383
2071 2384
2072 2384
2384 2384
2384 2384
2384 2072
2384 2071
2384 2384
2384 2384
1986 2385
1985 2385
2385 2385
2385 2385
2385 1986
2385 1985
2385 2385
2385 2385
2386 2387
1982 2387
1987 2387
1990 2387
1988 2387
1998 2387
2387 2387
2387 2387
2387 1982
2387 1987
2387 1988
2387 1990
2387 1998
2387 2386
2387 2387
2387 2387
1992 2380
1989 2380
2381 2380
2382 2380
2380 2380
2380 2380
2380 1989
2380 1992
2380 2381
2380 2382
2380 2380
2380 2380
1991 2388
1990 2388
1998 2388
2180 2388
2388 2388
2388 2388
2388 1990
2388 1991
2388 1998
2388 2180
2388 2388
2388 2388
1998 2386
2387 2386
1992 2386
2386 2386
2386 2386
2386 1992
2386 1998
2386 2387
2386 2386
2386 2386
1998 2389
1993 2389
1994 2389
2389 2389
2389 2389
2389 1994
2389 1993
2389 1998
2389 2389
2389 2389
1996 2390
1995 2390
2390 2390
2390 2390
2390 1995
2390 1996
2390 2390
2390 2390
1997 2391
2391 2391
2391 2391
2391 1997
2391 2391
2391 2391
1998 2392
2392 2392
2392 2392
2392 1998
2392 2392
2392 2392
2393 2393
2393 2393
2393 2393
2393 2393
2394 2394
2394 2394
2394 2394
2394 2394
2395 2395
2395 2395
2395 2395
2395 2395
1999 2396
2396 2396
2396 2396
2396 1999
2396 2396
2396 2396
2397 2397
2397 2397
2397 2397
2397 2397
2000 2398
2398 2398
2398 2398
2398 2000
2398 2398
2398 2398
2399 2399
2399 2399
2399 2399
2399 2399
2224 2400
2400 2400
2400 2400
2400 2224
2400 2400
2400 2400
2001 2401
2401 2401
2401 2401
2401 2001
2401 2401
2401 2401
2002 2402
2402 2402
2402 2402
2402 2002
2402 2402
2402 2402
2403 2407
2404 2407
2112 2407
2405 2407
2406 2407
2407 2407
2407 2407
2407 2112
2407 2406
2407 2405
2407 2404
2407 2403
2407 2407
2407 2407
2005 2406
2404 2406
2004 2406
2003 2406
2407 2406
2406 2406
2406 2406
2406 2003
2406 2004
2406 2005
2406 2407
2406 2404
2406 2406
2406 2406
2407 2405
2404 2405
2108 2405
2107 2405
2405 2405
2405 2405
2405 2107
2405 2108
2405 2407
2405 2404
2405 2405
2405 2405
2407 2404
2405 2404
2096 2404
2406 2404
2404 2404
2404 2404
2404 2096
2404 2407
2404 2406
2404 2405
2404 2404
2404 2404
2407 2403
2403 2403
2403 2403
2403 2407
2403 2403
2403 2403
2006 2408
2408 2408
2408 2408
2408 2006
2408 2408
2408 2408
2409 2409
2409 2409
2409 2409
2409 2409
2410 2410
2410 2410
2410 2410
2410 2410
2007 2411
2411 2411
2411 2411
2411 2007
2411 2411
2411 2411
2412 2413
2413 2413
2413 2413
2413 2412
2413 2413
2413 2413
2414 2414
2414 2414
2414 2414
2414 2414
2007 2415
2415 2415
2415 2415
2415 2007
2415 2415
2415 2415
2416 2416
2416 2416
2416 2416
2416 2416
2303 2302
2200 2302
2302 2302
2302 2302
2302 2200
2302 2303
2302 2302
2302 2302
2417 2417
2417 2417
2417 2417
2417 2417
2418 2418
2418 2418
2418 2418
2418 2418
2413 2412
2412 2412
2412 2412
2412 2413
2412 2412
2412 2412
2419 2420
2420 2420
2420 2420
2420 2419
2420 2420
2420 2420
2008 2421
2421 2421
2421 2421
2421 2008
2421 2421
2421 2421
2422 2422
2422 2422
2422 2422
2422 2422
2423 2423
2423 2423
2423 2423
2423 2423
2200 2419
2420 2419
2419 2419
2419 2419
2419 2200
2419 2420
2419 2419
2419 2419
2009 2425
2424 2425
2013 2425
2011 2425
2016 2425
2015 2425
2017 2425
2012 2425
2010 2425
2014 2425
2425 2425
2425 2425
2425 2009
2425 2013
2425 2015
2425 2016
2425 2014
2425 2010
2425 2012
2425 2017
2425 2011
2425 2424
2425 2425
2425 2425
2425 2424
2426 2424
2424 2424
2424 2424
2424 2425
2424 2426
2424 2424
2424 2424
2018 2426
2424 2426
2426 2426
2426 2426
2426 2018
2426 2424
2426 2426
2426 2426
2019 2427
2020 2427
2021 2427
2427 2427
2427 2427
2427 2019
2427 2020
2427 2021
2427 2427
2427 2427
2428 2428
2428 2428
2428 2428
2428 2428
2429 2431
2191 2431
2430 2431
2022 2431
2431 2431
2431 2431
2431 2022
2431 2191
2431 2429
2431 2430
2431 2431
2431 2431
2430 2429
2431 2429
2432 2429
2429 2429
2429 2429
2429 2431
2429 2432
2429 2430
2429 2429
2429 2429
2429 2432
2024 2432
2433 2432
2432 2432
2432 2432
2432 2024
2432 2429
2432 2433
2432 2432
2432 2432
2429 2430
2023 2430
2431 2430
2430 2430
2430 2430
2430 2023
2430 2431
2430 2429
2430 2430
2430 2430
2432 2433
2433 2433
2433 2433
2433 2432
2433 2433
2433 2433
2024 2434
2434 2434
2434 2434
2434 2024
2434 2434
2434 2434
2435 2435
2435 2435
2435 2435
2435 2435
2025 2436
2027 2436
2026 2436
2436 2436
2436 2436
2436 2025
2436 2026
2436 2027
2436 2436
2436 2436
2028 2437
2437 2437
2437 2437
2437 2028
2437 2437
2437 2437
2438 2438
2438 2438
2438 2438
2438 2438
2439 2439
2439 2439
2439 2439
2439 2439
2440 2440
2440 2440
2440 2440
2440 2440
2441 2441
2441 2441
2441 2441
2441 2441
2442 2442
2442 2442
2442 2442
2442 2442
2443 2443
2443 2443
2443 2443
2443 2443
2030 2444
2029 2444
2444 2444
2444 2444
2444 2030
2444 2029
2444 2444
2444 2444
2031 2445
2032 2445
2445 2445
2445 2445
2445 2031
2445 2032
2445 2445
2445 2445
2446 2446
2446 2446
2446 2446
2446 2446
2447 2447
2447 2447
2447 2447
2447 2447
2034 2449
2033 2449
2448 2449
2035 2449
2449 2449
2449 2449
2449 2034
2449 2033
2449 2035
2449 2448
2449 2449
2449 2449
2034 2448
2035 2448
2449 2448
2033 2448
2448 2448
2448 2448
2448 2034
2448 2033
2448 2035
2448 2449
2448 2448
2448 2448
