1248 1249
1249 1249
1249 1249
1249 1248
1249 1249
1249 1249
1250 1251
1251 1251
1251 1251
1251 1250
1251 1251
1251 1251
1250 1252
1252 1252
1252 1252
1252 1250
1252 1252
1252 1252
1253 1254
1234 1254
1254 1254
1254 1254
1254 1234
1254 1253
1254 1254
1254 1254
1255 1256
1256 1256
1256 1256
1256 1255
1256 1256
1256 1256
1255 1257
1257 1257
1257 1257
1257 1255
1257 1257
1257 1257
1258 1259
1259 1259
1259 1259
1259 1258
1259 1259
1259 1259
1258 1260
1260 1260
1260 1260
1260 1258
1260 1260
1260 1260
1261 1262
1262 1262
1262 1262
1262 1261
1262 1262
1262 1262
1263 1264
1221 1264
1264 1264
1264 1264
1264 1221
1264 1263
1264 1264
1264 1264
1263 1265
1265 1265
1265 1265
1265 1263
1265 1265
1265 1265
1263 1266
1266 1266
1266 1266
1266 1263
1266 1266
1266 1266
1267 1268
1268 1268
1268 1268
1268 1267
1268 1268
1268 1268
1269 1270
1222 1270
1235 1270
1270 1270
1270 1270
1270 1222
1270 1235
1270 1269
1270 1270
1270 1270
1271 1272
1236 1272
1272 1272
1272 1272
1272 1236
1272 1271
1272 1272
1272 1272
1273 1274
1274 1274
1274 1274
1274 1273
1274 1274
1274 1274
1275 1276
1276 1276
1276 1276
1276 1275
1276 1276
1276 1276
1275 1277
1277 1277
1277 1277
1277 1275
1277 1277
1277 1277
1278 1280
1279 1280
1280 1280
1280 1280
1280 1278
1280 1279
1280 1280
1280 1280
1281 1281
1281 1281
1281 1281
1281 1281
1282 1282
1282 1282
1282 1282
1282 1282
1283 1283
1283 1283
1283 1283
1283 1283
1237 1284
1284 1284
1284 1284
1284 1237
1284 1284
1284 1284
1285 1285
1285 1285
1285 1285
1285 1285
1286 1286
1286 1286
1286 1286
1286 1286
1287 1288
1288 1288
1288 1288
1288 1287
1288 1288
1288 1288
1224 1289
1289 1289
1289 1289
1289 1224
1289 1289
1289 1289
1238 1290
1290 1290
1290 1290
1290 1238
1290 1290
1290 1290
1291 1291
1291 1291
1291 1291
1291 1291
1292 1292
1292 1292
1292 1292
1292 1292
1293 1294
1294 1294
1294 1294
1294 1293
1294 1294
1294 1294
1294 1293
1293 1293
1293 1293
1293 1294
1293 1293
1293 1293
1295 1295
1295 1295
1295 1295
1295 1295
1226 1296
1296 1296
1296 1296
1296 1226
1296 1296
1296 1296
1297 1297
1297 1297
1297 1297
1297 1297
1298 1299
1239 1299
1231 1299
1299 1299
1299 1299
1299 1231
1299 1239
1299 1298
1299 1299
1299 1299
1299 1298
1240 1298
1298 1298
1298 1298
1298 1240
1298 1299
1298 1298
1298 1298
1300 1300
1300 1300
1300 1300
1300 1300
1232 1301
1241 1301
1301 1301
1301 1301
1301 1232
1301 1241
1301 1301
1301 1301
1242 1302
1302 1302
1302 1302
1302 1242
1302 1302
1302 1302
1303 1303
1303 1303
1303 1303
1303 1303
1304 1304
1304 1304
1304 1304
1304 1304
1305 1305
1305 1305
1305 1305
1305 1305
1243 1306
1306 1306
1306 1306
1306 1243
1306 1306
1306 1306
1244 1307
1245 1307
1246 1307
1307 1307
1307 1307
1307 1245
1307 1244
1307 1246
1307 1307
1307 1307
1308 1309
1309 1309
1309 1309
1309 1308
1309 1309
1309 1309
1309 1308
1308 1308
1308 1308
1308 1309
1308 1308
1308 1308
1310 1310
1310 1310
1310 1310
1310 1310
1311 1311
1311 1311
1311 1311
1311 1311
1312 1312
1312 1312
1312 1312
1312 1312
1247 1313
1313 1313
1313 1313
1313 1247
1313 1313
1313 1313
1314 1314
1314 1314
1314 1314
1314 1314
1233 1315
1315 1315
1315 1315
1315 1233
1315 1315
1315 1315
1316 1316
1316 1316
1316 1316
1316 1316
1317 1317
1317 1317
1317 1317
1317 1317
1318 1248
1249 1248
1248 1248
1248 1248
1248 1249
1248 1318
1248 1248
1248 1248
1248 1318
1318 1318
1318 1318
1318 1248
1318 1318
1318 1318
1319 1319
1319 1319
1319 1319
1319 1319
1251 1250
1252 1250
1250 1250
1250 1250
1250 1251
1250 1252
1250 1250
1250 1250
1320 1321
1321 1321
1321 1321
1321 1320
1321 1321
1321 1321
1320 1253
1254 1253
1253 1253
1253 1253
1253 1254
1253 1320
1253 1253
1253 1253
1253 1320
1321 1320
1320 1320
1320 1320
1320 1321
1320 1253
1320 1320
1320 1320
1257 1255
1256 1255
1255 1255
1255 1255
1255 1256
1255 1257
1255 1255
1255 1255
1322 1322
1322 1322
1322 1322
1322 1322
1323 1323
1323 1323
1323 1323
1323 1323
1324 1324
1324 1324
1324 1324
1324 1324
1260 1258
1259 1258
1258 1258
1258 1258
1258 1259
1258 1260
1258 1258
1258 1258
1262 1261
1261 1261
1261 1261
1261 1262
1261 1261
1261 1261
1325 1325
1325 1325
1325 1325
1325 1325
1326 1326
1326 1326
1326 1326
1326 1326
1265 1263
1266 1263
1264 1263
1263 1263
1263 1263
1263 1264
1263 1265
1263 1266
1263 1263
1263 1263
1327 1327
1327 1327
1327 1327
1327 1327
1268 1267
1267 1267
1267 1267
1267 1268
1267 1267
1267 1267
1270 1269
1328 1269
1269 1269
1269 1269
1269 1270
1269 1328
1269 1269
1269 1269
1329 1329
1329 1329
1329 1329
1329 1329
1269 1328
1328 1328
1328 1328
1328 1269
1328 1328
1328 1328
1330 1330
1330 1330
1330 1330
1330 1330
1331 1331
1331 1331
1331 1331
1331 1331
1288 1287
1287 1287
1287 1287
1287 1288
1287 1287
1287 1287
1272 1271
1271 1271
1271 1271
1271 1272
1271 1271
1271 1271
1332 1273
1274 1273
1273 1273
1273 1273
1273 1274
1273 1332
1273 1273
1273 1273
1273 1332
1332 1332
1332 1332
1332 1273
1332 1332
1332 1332
1275 1333
1333 1333
1333 1333
1333 1275
1333 1333
1333 1333
1334 1335
1335 1335
1335 1335
1335 1334
1335 1335
1335 1335
1334 1337
1336 1337
1337 1337
1337 1337
1337 1336
1337 1334
1337 1337
1337 1337
1337 1336
1334 1336
1336 1336
1336 1336
1336 1337
1336 1334
1336 1336
1336 1336
1338 1338
1338 1338
1338 1338
1338 1338
1339 1341
1340 1341
1278 1341
1341 1341
1341 1341
1341 1339
1341 1278
1341 1340
1341 1341
1341 1341
1341 1339
1339 1339
1339 1339
1339 1341
1339 1339
1339 1339
1342 1342
1342 1342
1342 1342
1342 1342
1343 1343
1343 1343
1343 1343
1343 1343
1341 1278
1280 1278
1279 1278
1340 1278
1278 1278
1278 1278
1278 1280
1278 1341
1278 1340
1278 1279
1278 1278
1278 1278
1341 1340
1278 1340
1279 1340
1340 1340
1340 1340
1340 1341
1340 1278
1340 1279
1340 1340
1340 1340
1344 1344
1344 1344
1344 1344
1344 1344
1335 1334
1336 1334
1337 1334
1334 1334
1334 1334
1334 1335
1334 1337
1334 1336
1334 1334
1334 1334
1333 1275
1277 1275
1276 1275
1275 1275
1275 1275
1275 1276
1275 1277
1275 1333
1275 1275
1275 1275
1340 1279
1278 1279
1280 1279
1279 1279
1279 1279
1279 1280
1279 1278
1279 1340
1279 1279
1279 1279
