1156 1159
1158 1159
1159 1159
1159 1159
1159 1156
1159 1158
1159 1159
1159 1159
1158 1160
1160 1160
1160 1160
1160 1158
1160 1160
1160 1160
1158 1161
1161 1161
1161 1161
1161 1158
1161 1161
1161 1161
1159 1158
1162 1158
1160 1158
1161 1158
1158 1158
1158 1158
1158 1159
1158 1160
1158 1161
1158 1162
1158 1158
1158 1158
1158 1162
1162 1162
1162 1162
1162 1158
1162 1162
1162 1162
1163 1164
1164 1164
1164 1164
1164 1163
1164 1164
1164 1164
1164 1163
1163 1163
1163 1163
1163 1164
1163 1163
1163 1163
1165 1166
1166 1166
1166 1166
1166 1165
1166 1166
1166 1166
1166 1165
1165 1165
1165 1165
1165 1166
1165 1165
1165 1165
1167 1168
1168 1168
1168 1168
1168 1167
1168 1168
1168 1168
1168 1167
1167 1167
1167 1167
1167 1168
1167 1167
1167 1167
1169 1170
1170 1170
1170 1170
1170 1169
1170 1170
1170 1170
1170 1169
1171 1169
1169 1169
1169 1169
1169 1170
1169 1171
1169 1169
1169 1169
1169 1171
1171 1171
1171 1171
1171 1169
1171 1171
1171 1171
1172 1173
1173 1173
1173 1173
1173 1172
1173 1173
1173 1173
1173 1172
1172 1172
1172 1172
1172 1173
1172 1172
1172 1172
1174 1175
1175 1175
1175 1175
1175 1174
1175 1175
1175 1175
1175 1174
1174 1174
1174 1174
1174 1175
1174 1174
1174 1174
1176 1177
1177 1177
1177 1177
1177 1176
1177 1177
1177 1177
1177 1176
1176 1176
1176 1176
1176 1177
1176 1176
1176 1176
1178 1179
1179 1179
1179 1179
1179 1178
1179 1179
1179 1179
1179 1178
1178 1178
1178 1178
1178 1179
1178 1178
1178 1178
1180 1181
1181 1181
1181 1181
1181 1180
1181 1181
1181 1181
1181 1180
1180 1180
1180 1180
1180 1181
1180 1180
1180 1180
1182 1183
1183 1183
1183 1183
1183 1182
1183 1183
1183 1183
1183 1182
1184 1182
1182 1182
1182 1182
1182 1183
1182 1184
1182 1182
1182 1182
1182 1184
1185 1184
1184 1184
1184 1184
1184 1182
1184 1185
1184 1184
1184 1184
1184 1185
1185 1185
1185 1185
1185 1184
1185 1185
1185 1185
1186 1188
1187 1188
1188 1188
1188 1188
1188 1186
1188 1187
1188 1188
1188 1188
1189 1190
1190 1190
1190 1190
1190 1189
1190 1190
1190 1190
1191 1186
1188 1186
1192 1186
1193 1186
1186 1186
1186 1186
1186 1188
1186 1191
1186 1193
1186 1192
1186 1186
1186 1186
1192 1191
1186 1191
1193 1191
1191 1191
1191 1191
1191 1186
1191 1193
1191 1192
1191 1191
1191 1191
1192 1193
1186 1193
1191 1193
1193 1193
1193 1193
1193 1186
1193 1191
1193 1192
1193 1193
1193 1193
1192 1187
1188 1187
1187 1187
1187 1187
1187 1188
1187 1192
1187 1187
1187 1187
1192 1194
1194 1194
1194 1194
1194 1192
1194 1194
1194 1194
1195 1189
1190 1189
1189 1189
1189 1189
1189 1190
1189 1195
1189 1189
1189 1189
1196 1192
1194 1192
1187 1192
1193 1192
1191 1192
1186 1192
1192 1192
1192 1192
1192 1186
1192 1191
1192 1193
1192 1187
1192 1194
1192 1196
1192 1192
1192 1192
1196 1195
1189 1195
1195 1195
1195 1195
1195 1189
1195 1196
1195 1195
1195 1195
1197 1196
1192 1196
1195 1196
1196 1196
1196 1196
1196 1192
1196 1195
1196 1197
1196 1196
1196 1196
1196 1197
1198 1197
1197 1197
1197 1197
1197 1196
1197 1198
1197 1197
1197 1197
1197 1198
1198 1198
1198 1198
1198 1197
1198 1198
1198 1198
1199 1200
1200 1200
1200 1200
1200 1199
1200 1200
1200 1200
1200 1199
1199 1199
1199 1199
1199 1200
1199 1199
1199 1199
1201 1202
1202 1202
1202 1202
1202 1201
1202 1202
1202 1202
1202 1201
1201 1201
1201 1201
1201 1202
1201 1201
1201 1201
1203 1204
1204 1204
1204 1204
1204 1203
1204 1204
1204 1204
1205 1206
1206 1206
1206 1206
1206 1205
1206 1206
1206 1206
1207 1203
1204 1203
1203 1203
1203 1203
1203 1204
1203 1207
1203 1203
1203 1203
1208 1209
1209 1209
1209 1209
1209 1208
1209 1209
1209 1209
1210 1205
1206 1205
1205 1205
1205 1205
1205 1206
1205 1210
1205 1205
1205 1205
1211 1212
1210 1212
1212 1212
1212 1212
1212 1210
1212 1211
1212 1212
1212 1212
1211 1213
1213 1213
1213 1213
1213 1211
1213 1213
1213 1213
1214 1215
1215 1215
1215 1215
1215 1214
1215 1215
1215 1215
1216 1217
1217 1217
1217 1217
1217 1216
1217 1217
1217 1217
1218 1207
1203 1207
1207 1207
1207 1207
1207 1203
1207 1218
1207 1207
1207 1207
1209 1208
1218 1208
1208 1208
1208 1208
1208 1209
1208 1218
1208 1208
1208 1208
1218 1219
1219 1219
1219 1219
1219 1218
1219 1219
1219 1219
1220 1210
1211 1210
1205 1210
1212 1210
1210 1210
1210 1210
1210 1205
1210 1212
1210 1211
1210 1220
1210 1210
1210 1210
1210 1211
1212 1211
1213 1211
1220 1211
1211 1211
1211 1211
1211 1212
1211 1213
1211 1210
1211 1220
1211 1211
1211 1211
1221 1214
1215 1214
1214 1214
1214 1214
1214 1215
1214 1221
1214 1214
1214 1214
1221 1216
1217 1216
1216 1216
1216 1216
1216 1217
1216 1221
1216 1216
1216 1216
1222 1223
1223 1223
1223 1223
1223 1222
1223 1223
1223 1223
1224 1225
1225 1225
1225 1225
1225 1224
1225 1225
1225 1225
1226 1227
1227 1227
1227 1227
1227 1226
1227 1227
1227 1227
1226 1228
1228 1228
1228 1228
1228 1226
1228 1228
1228 1228
1219 1218
1229 1218
1208 1218
1230 1218
1231 1218
1207 1218
1218 1218
1218 1218
1218 1207
1218 1208
1218 1219
1218 1230
1218 1229
1218 1231
1218 1218
1218 1218
1232 1230
1229 1230
1218 1230
1230 1230
1230 1230
1230 1218
1230 1229
1230 1232
1230 1230
1230 1230
1230 1229
1218 1229
1232 1229
1229 1229
1229 1229
1229 1218
1229 1230
1229 1232
1229 1229
1229 1229
1233 1220
1210 1220
1211 1220
1220 1220
1220 1220
1220 1210
1220 1211
1220 1233
1220 1220
1220 1220
1234 1234
1234 1234
1234 1234
1234 1234
1214 1221
1216 1221
1221 1221
1221 1221
1221 1214
1221 1216
1221 1221
1221 1221
1223 1222
1222 1222
1222 1222
1222 1223
1222 1222
1222 1222
1235 1235
1235 1235
1235 1235
1235 1235
1236 1236
1236 1236
1236 1236
1236 1236
1237 1237
1237 1237
1237 1237
1237 1237
1225 1224
1224 1224
1224 1224
1224 1225
1224 1224
1224 1224
1238 1238
1238 1238
1238 1238
1238 1238
1228 1226
1227 1226
1226 1226
1226 1226
1226 1227
1226 1228
1226 1226
1226 1226
1218 1231
1231 1231
1231 1231
1231 1218
1231 1231
1231 1231
1239 1239
1239 1239
1239 1239
1239 1239
1240 1240
1240 1240
1240 1240
1240 1240
1229 1232
1230 1232
1232 1232
1232 1232
1232 1230
1232 1229
1232 1232
1232 1232
1241 1241
1241 1241
1241 1241
1241 1241
1242 1242
1242 1242
1242 1242
1242 1242
1243 1243
1243 1243
1243 1243
1243 1243
1244 1245
1245 1245
1245 1245
1245 1244
1245 1245
1245 1245
1245 1244
1244 1244
1244 1244
1244 1245
1244 1244
1244 1244
1246 1246
1246 1246
1246 1246
1246 1246
1247 1247
1247 1247
1247 1247
1247 1247
1220 1233
1233 1233
1233 1233
1233 1220
1233 1233
1233 1233
