1506 1683
1683 1683
1683 1683
1683 1506
1683 1683
1683 1683
1684 1684
1684 1684
1684 1684
1684 1684
1508 1685
1507 1685
1685 1685
1685 1685
1685 1507
1685 1508
1685 1685
1685 1685
1686 1686
1686 1686
1686 1686
1686 1686
1687 1687
1687 1687
1687 1687
1687 1687
1688 1688
1688 1688
1688 1688
1688 1688
1689 1689
1689 1689
1689 1689
1689 1689
1690 1691
1509 1691
1691 1691
1691 1691
1691 1509
1691 1690
1691 1691
1691 1691
1691 1690
1509 1690
1690 1690
1690 1690
1690 1509
1690 1691
1690 1690
1690 1690
1509 1692
1692 1692
1692 1692
1692 1509
1692 1692
1692 1692
1693 1693
1693 1693
1693 1693
1693 1693
1510 1694
1511 1694
1694 1694
1694 1694
1694 1511
1694 1510
1694 1694
1694 1694
1512 1695
1695 1695
1695 1695
1695 1512
1695 1695
1695 1695
1513 1696
1696 1696
1696 1696
1696 1513
1696 1696
1696 1696
1697 1697
1697 1697
1697 1697
1697 1697
1514 1698
1515 1698
1698 1698
1698 1698
1698 1514
1698 1515
1698 1698
1698 1698
1699 1699
1699 1699
1699 1699
1699 1699
1516 1700
1700 1700
1700 1700
1700 1516
1700 1700
1700 1700
1701 1701
1701 1701
1701 1701
1701 1701
1702 1702
1702 1702
1702 1702
1702 1702
1517 1703
1703 1703
1703 1703
1703 1517
1703 1703
1703 1703
1704 1706
1705 1706
1706 1706
1706 1706
1706 1704
1706 1705
1706 1706
1706 1706
1707 1707
1707 1707
1707 1707
1707 1707
1705 1708
1708 1708
1708 1708
1708 1705
1708 1708
1708 1708
1518 1709
1709 1709
1709 1709
1709 1518
1709 1709
1709 1709
1710 1710
1710 1710
1710 1710
1710 1710
1711 1711
1711 1711
1711 1711
1711 1711
1712 1712
1712 1712
1712 1712
1712 1712
1519 1713
1520 1713
1713 1713
1713 1713
1713 1519
1713 1520
1713 1713
1713 1713
1714 1714
1714 1714
1714 1714
1714 1714
1521 1715
1715 1715
1715 1715
1715 1521
1715 1715
1715 1715
1522 1716
1524 1716
1523 1716
1716 1716
1716 1716
1716 1522
1716 1523
1716 1524
1716 1716
1716 1716
1717 1717
1717 1717
1717 1717
1717 1717
1718 1719
1719 1719
1719 1719
1719 1718
1719 1719
1719 1719
1719 1718
1718 1718
1718 1718
1718 1719
1718 1718
1718 1718
1720 1720
1720 1720
1720 1720
1720 1720
1721 1721
1721 1721
1721 1721
1721 1721
1722 1722
1722 1722
1722 1722
1722 1722
1723 1723
1723 1723
1723 1723
1723 1723
1724 1724
1724 1724
1724 1724
1724 1724
1725 1725
1725 1725
1725 1725
1725 1725
1726 1726
1726 1726
1726 1726
1726 1726
1727 1727
1727 1727
1727 1727
1727 1727
1728 1728
1728 1728
1728 1728
1728 1728
1729 1729
1729 1729
1729 1729
1729 1729
1730 1730
1730 1730
1730 1730
1730 1730
1731 1731
1731 1731
1731 1731
1731 1731
1617 1733
1607 1733
1529 1733
1732 1733
1527 1733
1456 1733
1531 1733
1535 1733
1532 1733
1533 1733
1526 1733
1525 1733
1534 1733
1590 1733
1733 1733
1733 1733
1733 1527
1733 1529
1733 1456
1733 1531
1733 1532
1733 1533
1733 1526
1733 1525
1733 1534
1733 1535
1733 1590
1733 1607
1733 1617
1733 1732
1733 1733
1733 1733
1666 1732
1733 1732
1536 1732
1732 1732
1732 1732
1732 1536
1732 1666
1732 1733
1732 1732
1732 1732
1528 1734
1661 1734
1530 1734
1734 1734
1734 1734
1734 1528
1734 1530
1734 1661
1734 1734
1734 1734
1666 1735
1735 1735
1735 1735
1735 1666
1735 1735
1735 1735
1538 1736
1736 1736
1736 1736
1736 1538
1736 1736
1736 1736
1537 1737
1538 1737
1737 1737
1737 1737
1737 1538
1737 1537
1737 1737
1737 1737
1539 1738
1738 1738
1738 1738
1738 1539
1738 1738
1738 1738
1739 1739
1739 1739
1739 1739
1739 1739
1740 1740
1740 1740
1740 1740
1740 1740
1543 1741
1541 1741
1540 1741
1542 1741
1544 1741
1545 1741
1741 1741
1741 1741
1741 1541
1741 1540
1741 1543
1741 1544
1741 1545
1741 1542
1741 1741
1741 1741
1742 1743
1743 1743
1743 1743
1743 1742
1743 1743
1743 1743
1546 1744
1542 1744
1744 1744
1744 1744
1744 1542
1744 1546
1744 1744
1744 1744
1743 1742
1742 1742
1742 1742
1742 1743
1742 1742
1742 1742
1745 1745
1745 1745
1745 1745
1745 1745
1746 1746
1746 1746
1746 1746
1746 1746
1747 1747
1747 1747
1747 1747
1747 1747
1748 1748
1748 1748
1748 1748
1748 1748
1547 1749
1749 1749
1749 1749
1749 1547
1749 1749
1749 1749
1548 1750
1750 1750
1750 1750
1750 1548
1750 1750
1750 1750
1549 1751
1751 1751
1751 1751
1751 1549
1751 1751
1751 1751
1552 1754
1752 1754
1551 1754
1753 1754
1550 1754
1754 1754
1754 1754
1754 1550
1754 1551
1754 1552
1754 1752
1754 1753
1754 1754
1754 1754
1755 1755
1755 1755
1755 1755
1755 1755
1554 1756
1553 1756
1756 1756
1756 1756
1756 1553
1756 1554
1756 1756
1756 1756
1757 1704
1706 1704
1704 1704
1704 1704
1704 1706
1704 1757
1704 1704
1704 1704
1704 1757
1555 1757
1757 1757
1757 1757
1757 1555
1757 1704
1757 1757
1757 1757
1706 1705
1556 1705
1708 1705
1705 1705
1705 1705
1705 1556
1705 1706
1705 1708
1705 1705
1705 1705
1758 1758
1758 1758
1758 1758
1758 1758
1759 1759
1759 1759
1759 1759
1759 1759
1760 1760
1760 1760
1760 1760
1760 1760
1761 1761
1761 1761
1761 1761
1761 1761
1762 1762
1762 1762
1762 1762
1762 1762
1763 1763
1763 1763
1763 1763
1763 1763
1764 1766
1765 1766
1766 1766
1766 1766
1766 1764
1766 1765
1766 1766
1766 1766
1766 1764
1765 1764
1764 1764
1764 1764
1764 1766
1764 1765
1764 1764
1764 1764
1557 1767
1767 1767
1767 1767
1767 1557
1767 1767
1767 1767
1764 1765
1559 1765
1558 1765
1766 1765
1765 1765
1765 1765
1765 1559
1765 1558
1765 1766
1765 1764
1765 1765
1765 1765
1768 1768
1768 1768
1768 1768
1768 1768
1769 1769
1769 1769
1769 1769
1769 1769
1560 1770
1770 1770
1770 1770
1770 1560
1770 1770
1770 1770
1771 1771
1771 1771
1771 1771
1771 1771
1772 1772
1772 1772
1772 1772
1772 1772
1651 1773
1773 1773
1773 1773
1773 1651
1773 1773
1773 1773
1774 1774
1774 1774
1774 1774
1774 1774
1775 1775
1775 1775
1775 1775
1775 1775
1776 1776
1776 1776
1776 1776
1776 1776
1777 1777
1777 1777
1777 1777
1777 1777
1561 1778
1778 1778
1778 1778
1778 1561
1778 1778
1778 1778
1779 1779
1779 1779
1779 1779
1779 1779
1780 1781
1781 1781
1781 1781
1781 1780
1781 1781
1781 1781
1781 1780
1780 1780
1780 1780
1780 1781
1780 1780
1780 1780
1782 1782
1782 1782
1782 1782
1782 1782
1783 1783
1783 1783
1783 1783
1783 1783
1565 1784
1564 1784
1562 1784
1784 1784
1784 1784
1784 1562
1784 1564
1784 1565
1784 1784
1784 1784
1785 1785
1785 1785
1785 1785
1785 1785
1566 1787
1786 1787
1787 1787
1787 1787
1787 1566
1787 1786
1787 1787
1787 1787
1787 1786
1786 1786
1786 1786
1786 1787
1786 1786
1786 1786
1566 1788
1788 1788
1788 1788
1788 1566
1788 1788
1788 1788
1789 1789
1789 1789
1789 1789
1789 1789
1567 1790
1790 1790
1790 1790
1790 1567
1790 1790
1790 1790
1791 1792
1792 1792
1792 1792
1792 1791
1792 1792
1792 1792
1793 1793
1793 1793
1793 1793
1793 1793
1792 1791
1791 1791
1791 1791
1791 1792
1791 1791
1791 1791
1794 1794
1794 1794
1794 1794
1794 1794
1795 1795
1795 1795
1795 1795
1795 1795
1796 1796
1796 1796
1796 1796
1796 1796
1797 1797
1797 1797
1797 1797
1797 1797
1798 1798
1798 1798
1798 1798
1798 1798
1799 1799
1799 1799
1799 1799
1799 1799
1800 1800
1800 1800
1800 1800
1800 1800
1568 1801
1801 1801
1801 1801
1801 1568
1801 1801
1801 1801
1802 1802
1802 1802
1802 1802
1802 1802
1803 1804
1804 1804
1804 1804
1804 1803
1804 1804
1804 1804
1804 1803
1803 1803
1803 1803
1803 1804
1803 1803
1803 1803
1569 1805
1805 1805
1805 1805
1805 1569
1805 1805
1805 1805
1570 1806
1806 1806
1806 1806
1806 1570
1806 1806
1806 1806
1807 1807
1807 1807
1807 1807
1807 1807
1808 1808
1808 1808
1808 1808
1808 1808
1809 1809
1809 1809
1809 1809
1809 1809
1810 1810
1810 1810
1810 1810
1810 1810
1753 1752
1754 1752
1752 1752
1752 1752
1752 1754
1752 1753
1752 1752
1752 1752
1754 1753
1752 1753
1753 1753
1753 1753
1753 1754
1753 1752
1753 1753
1753 1753
1811 1811
1811 1811
1811 1811
1811 1811
1812 1812
1812 1812
1812 1812
1812 1812
1813 1813
1813 1813
1813 1813
1813 1813
