2 0
3 1
1 2
0 3
6 4
5 5
4 6
7 7
8 8
9 9
10 10
11 11
12 12
13 13
14 14
15 15
16 16
17 17
18 18
19 19
20 20
21 21
22 22
23 23
25 24
26 25
24 26
27 27
28 28
29 29
30 30
31 31
32 32
33 33
35 34
36 35
34 36
39 37
38 38
37 39
40 40
41 41
42 42
43 43
46 44
45 45
44 46
47 47
48 48
49 49
50 50
51 51
52 52
53 53
54 54
55 55
57 56
59 57
56 58
61 59
60 60
58 61
62 62
63 63
64 64
65 65
67 66
68 67
66 68
69 69
71 70
72 71
70 72
73 73
74 74
75 75
77 76
78 77
76 78
79 79
80 80
81 81
84 82
83 83
82 84
85 85
86 86
87 87
88 88
90 89
91 90
89 91
92 92
96 93
94 94
95 95
93 96
97 97
98 98
99 99
100 100
101 101
102 102
105 103
104 104
103 105
106 106
108 107
109 108
107 109
110 110
112 111
111 112
114 113
113 114
115 115
116 116
118 117
119 118
117 119
120 120
122 121
121 122
124 123
123 124
126 125
125 126
128 127
127 128
130 129
129 130
131 131
133 132
132 133
134 134
136 135
135 136
137 137
139 138
138 139
141 140
140 141
143 142
144 143
142 144
145 145
147 146
146 147
150 148
149 149
148 150
151 151
152 152
153 153
155 154
156 155
154 156
157 157
159 158
158 159
160 160
162 161
161 162
164 163
163 164
166 165
165 166
168 167
167 168
170 169
169 170
172 171
171 172
174 173
173 174
176 175
175 176
178 177
177 178
180 179
179 180
182 181
181 182
183 183
184 184
186 185
185 186
188 187
187 188
190 189
189 190
192 191
191 192
194 193
193 194
196 195
195 196
198 197
197 198
200 199
199 200
202 201
201 202
204 203
205 204
203 205
206 206
207 207
209 208
208 209
211 210
210 211
212 212
214 213
213 214
216 215
215 216
218 217
217 218
220 219
219 220
221 221
223 222
222 223
224 224
227 225
226 226
225 227
228 228
229 229
230 230
232 231
233 232
231 233
235 234
234 235
236 236
238 237
237 238
240 239
239 240
242 241
241 242
244 243
243 244
245 245
247 246
246 247
249 248
248 249
251 250
250 251
253 252
252 253
255 254
254 255
256 256
258 257
257 258
260 259
259 260
261 261
262 262
264 263
263 264
265 265
266 266
268 267
267 268
270 269
269 270
272 271
271 272
274 273
273 274
276 275
275 276
278 277
277 278
280 279
279 280
282 281
281 282
284 283
283 284
286 285
285 286
288 287
287 288
289 289
291 290
290 291
293 292
292 293
296 294
294 295
295 296
297 297
301 298
298 299
299 300
300 301
302 302
303 303
304 304
305 305
306 306
308 307
307 308
309 309
311 310
310 311
313 312
312 313
315 314
314 315
316 316
318 317
317 318
320 319
319 320
322 321
321 322
324 323
323 324
326 325
325 326
328 327
327 328
330 329
329 330
331 331
333 332
332 333
334 334
336 335
335 336
338 337
337 338
339 339
341 340
340 341
343 342
342 343
345 344
344 345
347 346
346 347
351 348
350 349
348 350
352 351
349 352
353 353
356 354
354 355
355 356
357 357
359 358
358 359
361 360
360 361
363 362
362 363
364 364
365 365
367 366
366 367
369 368
368 369
371 370
370 371
372 372
375 373
373 374
374 375
376 376
378 377
377 378
379 379
381 380
380 381
383 382
382 383
385 384
384 385
387 386
386 387
388 388
390 389
389 390
392 391
391 392
394 393
393 394
396 395
395 396
399 397
397 398
398 399
400 400
401 401
403 402
402 403
405 404
404 405
407 406
406 407
409 408
408 409
411 410
410 411
413 412
412 413
415 414
414 415
417 416
416 417
419 418
418 419
421 420
420 421
422 422
424 423
423 424
427 425
426 426
425 427
428 428
431 429
430 430
429 431
432 432
434 433
433 434
436 435
435 436
437 437
439 438
438 439
441 440
440 441
443 442
442 443
445 444
446 445
444 446
447 447
449 448
448 449
450 450
452 451
451 452
454 453
453 454
456 455
455 456
458 457
457 458
459 459
461 460
462 461
460 462
463 463
465 464
464 465
466 466
468 467
467 468
470 469
469 470
472 471
471 472
473 473
475 474
474 475
477 476
476 477
478 478
480 479
479 480
481 481
483 482
482 483
484 484
485 485
486 486
488 487
487 488
490 489
489 490
492 491
491 492
494 493
493 494
497 495
495 496
496 497
498 498
499 499
501 500
500 501
503 502
502 503
505 504
504 505
507 506
506 507
508 508
510 509
509 510
512 511
511 512
513 513
515 514
514 515
517 516
516 517
518 518
520 519
519 520
522 521
521 522
524 523
523 524
526 525
525 526
530 527
527 528
528 529
529 530
531 531
533 532
532 533
535 534
534 535
537 536
536 537
540 538
539 539
538 540
541 541
543 542
542 543
545 544
544 545
547 546
546 547
548 548
550 549
549 550
552 551
551 552
554 553
553 554
556 555
555 556
557 557
559 558
558 559
561 560
560 561
563 562
562 563
565 564
564 565
566 566
567 567
569 568
568 569
571 570
570 571
573 572
572 573
574 574
576 575
575 576
578 577
579 578
577 579
580 580
582 581
581 582
584 583
583 584
586 585
585 586
587 587
589 588
588 589
591 590
590 591
593 592
592 593
594 594
595 595
597 596
596 597
599 598
598 599
601 600
600 601
603 602
605 603
602 604
606 605
607 606
604 607
608 608
609 609
610 610
611 611
613 612
612 613
615 614
614 615
617 616
616 617
618 618
620 619
619 620
621 621
624 622
622 623
623 624
626 625
625 626
629 627
627 628
628 629
630 630
632 631
631 632
633 633
636 634
634 635
635 636
637 637
639 638
638 639
640 640
642 641
641 642
644 643
643 644
646 645
645 646
651 647
647 648
652 649
648 650
653 651
649 652
654 653
650 654
656 655
657 656
658 657
655 658
659 659
660 660
662 661
661 662
663 663
665 664
664 665
667 666
666 667
668 668
670 669
669 670
672 671
671 672
676 673
673 674
674 675
675 676
677 677
679 678
678 679
681 680
680 681
683 682
682 683
685 684
684 685
687 686
686 687
688 688
691 689
689 690
692 691
690 692
693 693
694 694
695 695
697 696
696 697
699 698
698 699
701 700
700 701
702 702
704 703
706 704
703 705
705 706
707 707
709 708
708 709
711 710
710 711
713 712
712 713
715 714
714 715
718 716
716 717
717 718
719 719
722 720
720 721
721 722
723 723
725 724
724 725
727 726
726 727
729 728
728 729
730 730
732 731
731 732
734 733
733 734
736 735
735 736
737 737
739 738
738 739
740 740
742 741
741 742
744 743
745 744
743 745
750 746
747 747
746 748
748 749
749 750
751 751
755 752
752 753
756 754
753 755
757 756
754 757
759 758
758 759
760 760
762 761
761 762
764 763
763 764
766 765
765 766
768 767
767 768
769 769
773 770
770 771
771 772
774 773
772 774
775 775
776 776
777 777
778 778
780 779
779 780
782 781
781 782
783 783
786 784
784 785
785 786
787 787
789 788
788 789
791 790
790 791
793 792
792 793
795 794
794 795
797 796
796 797
799 798
798 799
800 800
802 801
801 802
804 803
803 804
806 805
805 806
808 807
807 808
810 809
809 810
812 811
811 812
814 813
813 814
816 815
815 816
818 817
817 818
819 819
821 820
820 821
822 822
824 823
823 824
826 825
825 826
828 827
827 828
830 829
829 830
831 831
833 832
832 833
845 834
835 835
834 836
836 837
837 838
838 839
839 840
840 841
846 842
841 843
847 844
842 845
848 846
843 847
844 848
849 849
850 850
851 851
853 852
852 853
855 854
854 855
857 856
856 857
859 858
858 859
861 860
860 861
862 862
866 863
865 864
864 865
863 866
869 867
867 868
868 869
870 870
872 871
871 872
874 873
873 874
876 875
875 876
879 877
877 878
881 879
880 880
878 881
882 882
884 883
883 884
885 885
886 886
892 887
891 888
887 889
888 890
893 891
889 892
890 893
894 894
895 895
896 896
897 897
899 898
898 899
901 900
900 901
902 902
904 903
903 904
907 905
910 906
906 907
905 908
908 909
909 910
911 911
913 912
912 913
914 914
916 915
915 916
918 917
917 918
920 919
919 920
922 921
921 922
924 923
923 924
926 925
925 926
927 927
929 928
928 929
931 930
930 931
933 932
932 933
935 934
934 935
936 936
937 937
939 938
938 939
942 940
940 941
941 942
943 943
945 944
944 945
947 946
946 947
949 948
948 949
950 950
951 951
954 952
955 953
953 954
952 955
956 956
958 957
957 958
960 959
959 960
962 961
961 962
964 963
963 964
966 965
965 966
968 967
967 968
970 969
969 970
972 971
971 972
974 973
973 974
976 975
975 976
978 977
977 978
980 979
979 980
982 981
981 982
984 983
983 984
986 985
985 986
987 987
989 988
988 989
991 990
990 991
993 992
992 993
995 994
994 995
996 996
997 997
999 998
998 999
1001 1000
1000 1001
1002 1002
1005 1003
1003 1004
1006 1005
1004 1006
1007 1007
1009 1008
1008 1009
1010 1010
1013 1011
1011 1012
1012 1013
1014 1014
1017 1015
1015 1016
1016 1017
1018 1018
1020 1019
1019 1020
1022 1021
1021 1022
1024 1023
1023 1024
1025 1025
1027 1026
1026 1027
1029 1028
1030 1029
1028 1030
1031 1031
1033 1032
1032 1033
1035 1034
1034 1035
1038 1036
1036 1037
1037 1038
1039 1039
1041 1040
1040 1041
1043 1042
1042 1043
1044 1044
1046 1045
1045 1046
1048 1047
1047 1048
1049 1049
1051 1050
1050 1051
1052 1052
1053 1053
1055 1054
1054 1055
1057 1056
1056 1057
1059 1058
1058 1059
1061 1060
1060 1061
1063 1062
1062 1063
1065 1064
1064 1065
1067 1066
1066 1067
1069 1068
1068 1069
1071 1070
1070 1071
1074 1072
1072 1073
1073 1074
1077 1075
1076 1076
1081 1077
1079 1078
1080 1079
1078 1080
1082 1081
1083 1082
1085 1083
1084 1084
1087 1085
1086 1086
1088 1087
1089 1088
1090 1089
1092 1090
1091 1091
1094 1092
1093 1093
1096 1094
1095 1095
1098 1096
1097 1097
1102 1098
1099 1099
1100 1100
1101 1101
1103 1102
1105 1103
1104 1104
1107 1105
1106 1106
1108 1107
1110 1108
1109 1109
1112 1110
1111 1111
1114 1112
1113 1113
1116 1114
1115 1115
1118 1116
1117 1117
1120 1118
1119 1119
1122 1120
1121 1121
1124 1122
1123 1123
1128 1124
1125 1125
1126 1126
1127 1127
1129 1128
1130 1129
1132 1130
1131 1131
1134 1132
1133 1133
1137 1134
1135 1135
1136 1136
1138 1137
1139 1138
1141 1139
1140 1140
1143 1141
1142 1142
1145 1143
1144 1144
1147 1145
1146 1146
1149 1147
1148 1148
1153 1149
1150 1150
1154 1151
1151 1152
1152 1153
1155 1154
1156 1155
1158 1156
1157 1157
1163 1158
1160 1159
1161 1160
1162 1161
1164 1162
1166 1163
1165 1164
1168 1165
1167 1166
1170 1167
1169 1168
1172 1169
1171 1170
1173 1171
1175 1172
1174 1173
1177 1174
1176 1175
1179 1176
1178 1177
1181 1178
1180 1179
1183 1180
1182 1181
1185 1182
1184 1183
1186 1184
1187 1185
1190 1186
1193 1187
1188 1188
1195 1189
1189 1190
1191 1191
1196 1192
1192 1193
1194 1194
1197 1195
1198 1196
1199 1197
1200 1198
1202 1199
1201 1200
1204 1201
1203 1202
1207 1203
1205 1204
1209 1205
1206 1206
1214 1207
1215 1208
1208 1209
1217 1210
1218 1211
1210 1212
1211 1213
1219 1214
1212 1215
1220 1216
1213 1217
1225 1218
1216 1219
1228 1220
1230 1221
1231 1222
1221 1223
1235 1224
1222 1225
1237 1226
1223 1227
1224 1228
1227 1229
1226 1230
1238 1231
1241 1232
1249 1233
1229 1234
1232 1235
1233 1236
1234 1237
1236 1238
1239 1239
1240 1240
1242 1241
1243 1242
1244 1243
1246 1244
1245 1245
1247 1246
1248 1247
1306 1248
1251 1249
1309 1250
1252 1251
1253 1252
1311 1253
1254 1254
1313 1255
1255 1256
1256 1257
1317 1258
1257 1259
1258 1260
1318 1261
1259 1262
1321 1263
1260 1264
1261 1265
1262 1266
1323 1267
1263 1268
1324 1269
1264 1270
1330 1271
1265 1272
1331 1273
1266 1274
1346 1275
1267 1276
1268 1277
1342 1278
1347 1279
1269 1280
1270 1281
1271 1282
1272 1283
1273 1284
1274 1285
1275 1286
1329 1287
1276 1288
1277 1289
1278 1290
1279 1291
1280 1292
1282 1293
1281 1294
1283 1295
1284 1296
1285 1297
1287 1298
1286 1299
1288 1300
1289 1301
1290 1302
1291 1303
1292 1304
1293 1305
1294 1306
1295 1307
1297 1308
1296 1309
1298 1310
1299 1311
1300 1312
1301 1313
1302 1314
1303 1315
1304 1316
1305 1317
1307 1318
1308 1319
1312 1320
1310 1321
1314 1322
1315 1323
1316 1324
1319 1325
1320 1326
1322 1327
1326 1328
1325 1329
1327 1330
1328 1331
1332 1332
1333 1333
1345 1334
1334 1335
1336 1336
1335 1337
1337 1338
1339 1339
1343 1340
1338 1341
1340 1342
1341 1343
1344 1344
1349 1345
1351 1346
1350 1347
1352 1348
1353 1349
1354 1350
1355 1351
1356 1352
1357 1353
1359 1354
1360 1355
1358 1356
1361 1357
1364 1358
1362 1359
1363 1360
1365 1361
1366 1362
1452 1363
1451 1364
1367 1365
1370 1366
1368 1367
1369 1368
1425 1369
1371 1370
1372 1371
1373 1372
1374 1373
1375 1374
1376 1375
1377 1376
1378 1377
1379 1378
1380 1379
1381 1380
1382 1381
1383 1382
1384 1383
1387 1384
1388 1385
1386 1386
1385 1387
1389 1388
1391 1389
1390 1390
1392 1391
1393 1392
1394 1393
1395 1394
1396 1395
1397 1396
1398 1397
1399 1398
1400 1399
1401 1400
1402 1401
1403 1402
1404 1403
1405 1404
1406 1405
1407 1406
1409 1407
1408 1408
1410 1409
1411 1410
1412 1411
1413 1412
1414 1413
1415 1414
1416 1415
1417 1416
1418 1417
1419 1418
1420 1419
1421 1420
1423 1421
1422 1422
1424 1423
1426 1424
1428 1425
1429 1426
1427 1427
1430 1428
1431 1429
1432 1430
1433 1431
1434 1432
1435 1433
1436 1434
1442 1435
1437 1436
1438 1437
1439 1438
1440 1439
1441 1440
1443 1441
1446 1442
1447 1443
1444 1444
1445 1445
1448 1446
1449 1447
1450 1448
1454 1449
1455 1450
1457 1451
1456 1452
1460 1453
1458 1454
1459 1455
1531 1456
1461 1457
1462 1458
1464 1459
1463 1460
1465 1461
1466 1462
1467 1463
1468 1464
1469 1465
1470 1466
1471 1467
1472 1468
1473 1469
1474 1470
1475 1471
1476 1472
1477 1473
1478 1474
1479 1475
1480 1476
1482 1477
1481 1478
1484 1479
1483 1480
1485 1481
1489 1482
1487 1483
1500 1484
1490 1485
1495 1486
1499 1487
1494 1488
1491 1489
1488 1490
1486 1491
1492 1492
1493 1493
1496 1494
1497 1495
1498 1496
1501 1497
1502 1498
1503 1499
1504 1500
1505 1501
1506 1502
1507 1503
1508 1504
1509 1505
1510 1506
1511 1507
1512 1508
1513 1509
1515 1510
1514 1511
1516 1512
1517 1513
1518 1514
1519 1515
1520 1516
1521 1517
1522 1518
1523 1519
1524 1520
1525 1521
1526 1522
1527 1523
1528 1524
1536 1525
1535 1526
1529 1527
1540 1528
1530 1529
1541 1530
1532 1531
1533 1532
1534 1533
1537 1534
1538 1535
1539 1536
1543 1537
1542 1538
1544 1539
1546 1540
1545 1541
1550 1542
1547 1543
1548 1544
1549 1545
1551 1546
1552 1547
1553 1548
1554 1549
1555 1550
1556 1551
1557 1552
1558 1553
1559 1554
1560 1555
1561 1556
1562 1557
1564 1558
1563 1559
1565 1560
1566 1561
1568 1562
1625 1563
1569 1564
1570 1565
1571 1566
1572 1567
1573 1568
1574 1569
1575 1570
1576 1571
1578 1572
1581 1573
1577 1574
1579 1575
1582 1576
1580 1577
1583 1578
1584 1579
1585 1580
1590 1581
1586 1582
1587 1583
1589 1584
1588 1585
1591 1586
1592 1587
1593 1588
1686 1589
1594 1590
1595 1591
1596 1592
1597 1593
1598 1594
1600 1595
1599 1596
1601 1597
1602 1598
1603 1599
1604 1600
1605 1601
1606 1602
1607 1603
1609 1604
1608 1605
1610 1606
1611 1607
1612 1608
1613 1609
1614 1610
1615 1611
1617 1612
1616 1613
1619 1614
1618 1615
1620 1616
1669 1617
1621 1618
1622 1619
1623 1620
1624 1621
1626 1622
1627 1623
1628 1624
1629 1625
1630 1626
1631 1627
1633 1628
1632 1629
1634 1630
1635 1631
1636 1632
1658 1633
1637 1634
1638 1635
1639 1636
1640 1637
1641 1638
1642 1639
1643 1640
1644 1641
1645 1642
1646 1643
1647 1644
1648 1645
1649 1646
1650 1647
1651 1648
1652 1649
1653 1650
1654 1651
1655 1652
1656 1653
1657 1654
1659 1655
1660 1656
1661 1657
1662 1658
1663 1659
1664 1660
1668 1661
1665 1662
1666 1663
1667 1664
1671 1665
1670 1666
1672 1667
1673 1668
1674 1669
1675 1670
1676 1671
1677 1672
1678 1673
1679 1674
1680 1675
1681 1676
1682 1677
1683 1678
1684 1679
1685 1680
1688 1681
1687 1682
1690 1683
1691 1684
1692 1685
1693 1686
1694 1687
1695 1688
1696 1689
1698 1690
1697 1691
1699 1692
1700 1693
1701 1694
1702 1695
1703 1696
1704 1697
1705 1698
1706 1699
1707 1700
1708 1701
1709 1702
1710 1703
1760 1704
1762 1705
1711 1706
1712 1707
1713 1708
1714 1709
1715 1710
1716 1711
1717 1712
1718 1713
1719 1714
1720 1715
1721 1716
1722 1717
1724 1718
1723 1719
1725 1720
1726 1721
1727 1722
1728 1723
1729 1724
1730 1725
1731 1726
1732 1727
1733 1728
1734 1729
1735 1730
1736 1731
1738 1732
1737 1733
1739 1734
1740 1735
1741 1736
1742 1737
1743 1738
1744 1739
1745 1740
1746 1741
1749 1742
1747 1743
1748 1744
1750 1745
1751 1746
1752 1747
1753 1748
1754 1749
1755 1750
1756 1751
1816 1752
1817 1753
1757 1754
1758 1755
1759 1756
1761 1757
1763 1758
1764 1759
1765 1760
1766 1761
1767 1762
1768 1763
1770 1764
1772 1765
1769 1766
1771 1767
1773 1768
1774 1769
1775 1770
1776 1771
1777 1772
1778 1773
1779 1774
1780 1775
1781 1776
1782 1777
1783 1778
1784 1779
1786 1780
1785 1781
1787 1782
1788 1783
1789 1784
1790 1785
1792 1786
1791 1787
1793 1788
1794 1789
1795 1790
1798 1791
1796 1792
1797 1793
1799 1794
1800 1795
1801 1796
1802 1797
1803 1798
1804 1799
1805 1800
1806 1801
1807 1802
1809 1803
1808 1804
1810 1805
1811 1806
1812 1807
1813 1808
1814 1809
1815 1810
1818 1811
1819 1812
1820 1813
1822 1814
1823 1815
1825 1816
1824 1817
1826 1818
1827 1819
1828 1820
1844 1821
1831 1822
1829 1823
1888 1824
1830 1825
1832 1826
1835 1827
1833 1828
1834 1829
1838 1830
1836 1831
1837 1832
1839 1833
1840 1834
1843 1835
1841 1836
1842 1837
1845 1838
1846 1839
1847 1840
1848 1841
1849 1842
1850 1843
1851 1844
1852 1845
1853 1846
1854 1847
1855 1848
1856 1849
1859 1850
1857 1851
1858 1852
1860 1853
1861 1854
1862 1855
1863 1856
1868 1857
1864 1858
1865 1859
1866 1860
1867 1861
1920 1862
1869 1863
1870 1864
1919 1865
1871 1866
1872 1867
1873 1868
1874 1869
1875 1870
1876 1871
1877 1872
1878 1873
1879 1874
1880 1875
1881 1876
1882 1877
1883 1878
1884 1879
1885 1880
1922 1881
1886 1882
1887 1883
1889 1884
1890 1885
1893 1886
1891 1887
1892 1888
1894 1889
1895 1890
1896 1891
1897 1892
1904 1893
1898 1894
1937 1895
1899 1896
1900 1897
1901 1898
1902 1899
1903 1900
1928 1901
1905 1902
1927 1903
1929 1904
1940 1905
1906 1906
1931 1907
1907 1908
1908 1909
1909 1910
1910 1911
1911 1912
1912 1913
1913 1914
1914 1915
1915 1916
1916 1917
1923 1918
1925 1919
1921 1920
1917 1921
1918 1922
1924 1923
1926 1924
1930 1925
1932 1926
1938 1927
1933 1928
1934 1929
1935 1930
1936 1931
1939 1932
1941 1933
1942 1934
1943 1935
1944 1936
1945 1937
1946 1938
1947 1939
1948 1940
1949 1941
1950 1942
1951 1943
1952 1944
1953 1945
1954 1946
1959 1947
1955 1948
1956 1949
1957 1950
1958 1951
1960 1952
1961 1953
1962 1954
1963 1955
