1814 1814
1814 1814
1814 1814
1814 1814
1571 1815
1815 1815
1815 1815
1815 1571
1815 1815
1815 1815
1816 1817
1575 1817
1574 1817
1572 1817
1576 1817
1817 1817
1817 1817
1817 1574
1817 1572
1817 1575
1817 1576
1817 1816
1817 1817
1817 1817
1817 1816
1573 1816
1818 1816
1577 1816
1816 1816
1816 1816
1816 1577
1816 1573
1816 1817
1816 1818
1816 1816
1816 1816
1816 1818
1818 1818
1818 1818
1818 1816
1818 1818
1818 1818
1576 1819
1819 1819
1819 1819
1819 1576
1819 1819
1819 1819
1820 1820
1820 1820
1820 1820
1820 1820
1821 1823
1586 1823
1822 1823
1581 1823
1578 1823
1823 1823
1823 1823
1823 1578
1823 1581
1823 1586
1823 1822
1823 1821
1823 1823
1823 1823
1670 1825
1824 1825
1579 1825
1825 1825
1825 1825
1825 1579
1825 1670
1825 1824
1825 1825
1825 1825
1823 1822
1581 1822
1821 1822
1822 1822
1822 1822
1822 1581
1822 1823
1822 1821
1822 1822
1822 1822
1582 1826
1580 1826
1826 1826
1826 1826
1826 1580
1826 1582
1826 1826
1826 1826
1821 1828
1827 1828
1828 1828
1828 1828
1828 1827
1828 1821
1828 1828
1828 1828
1583 1829
1829 1829
1829 1829
1829 1583
1829 1829
1829 1829
1828 1827
1827 1827
1827 1827
1827 1828
1827 1827
1827 1827
1830 1831
1831 1831
1831 1831
1831 1830
1831 1831
1831 1831
1583 1832
1832 1832
1832 1832
1832 1583
1832 1832
1832 1832
1831 1830
1830 1830
1830 1830
1830 1831
1830 1830
1830 1830
1833 1833
1833 1833
1833 1833
1833 1833
1834 1834
1834 1834
1834 1834
1834 1834
1835 1836
1585 1836
1584 1836
1836 1836
1836 1836
1836 1585
1836 1584
1836 1835
1836 1836
1836 1836
1585 1837
1584 1837
1835 1837
1837 1837
1837 1837
1837 1585
1837 1584
1837 1835
1837 1837
1837 1837
1836 1835
1837 1835
1835 1835
1835 1835
1835 1836
1835 1837
1835 1835
1835 1835
1581 1821
1823 1821
1822 1821
1828 1821
1586 1821
1821 1821
1821 1821
1821 1581
1821 1586
1821 1823
1821 1822
1821 1828
1821 1821
1821 1821
1838 1838
1838 1838
1838 1838
1838 1838
1839 1839
1839 1839
1839 1839
1839 1839
1840 1840
1840 1840
1840 1840
1840 1840
1587 1841
1841 1841
1841 1841
1841 1587
1841 1841
1841 1841
1842 1842
1842 1842
1842 1842
1842 1842
1843 1843
1843 1843
1843 1843
1843 1843
1844 1844
1844 1844
1844 1844
1844 1844
1588 1845
1845 1845
1845 1845
1845 1588
1845 1845
1845 1845
1589 1846
1590 1846
1591 1846
1846 1846
1846 1846
1846 1590
1846 1591
1846 1589
1846 1846
1846 1846
1682 1847
1847 1847
1847 1847
1847 1682
1847 1847
1847 1847
1848 1848
1848 1848
1848 1848
1848 1848
1849 1849
1849 1849
1849 1849
1849 1849
1592 1851
1850 1851
1851 1851
1851 1851
1851 1592
1851 1850
1851 1851
1851 1851
1850 1852
1852 1852
1852 1852
1852 1850
1852 1852
1852 1852
1851 1850
1852 1850
1850 1850
1850 1850
1850 1851
1850 1852
1850 1850
1850 1850
1853 1853
1853 1853
1853 1853
1853 1853
1854 1854
1854 1854
1854 1854
1854 1854
1855 1855
1855 1855
1855 1855
1855 1855
1856 1856
1856 1856
1856 1856
1856 1856
1857 1858
1593 1858
1858 1858
1858 1858
1858 1593
1858 1857
1858 1858
1858 1858
1597 1859
1596 1859
1594 1859
1598 1859
1595 1859
1859 1859
1859 1859
1859 1594
1859 1596
1859 1595
1859 1597
1859 1598
1859 1859
1859 1859
1599 1860
1600 1860
1860 1860
1860 1860
1860 1599
1860 1600
1860 1860
1860 1860
1861 1861
1861 1861
1861 1861
1861 1861
1601 1857
1858 1857
1857 1857
1857 1857
1857 1601
1857 1858
1857 1857
1857 1857
1862 1863
1602 1863
1863 1863
1863 1863
1863 1602
1863 1862
1863 1863
1863 1863
1864 1864
1864 1864
1864 1864
1864 1864
1865 1866
1866 1866
1866 1866
1866 1865
1866 1866
1866 1866
1748 1867
1867 1867
1867 1867
1867 1748
1867 1867
1867 1867
1868 1868
1868 1868
1868 1868
1868 1868
1658 1869
1869 1869
1869 1869
1869 1658
1869 1869
1869 1869
1870 1870
1870 1870
1870 1870
1870 1870
1603 1871
1871 1871
1871 1871
1871 1603
1871 1871
1871 1871
1603 1872
1872 1872
1872 1872
1872 1603
1872 1872
1872 1872
1873 1873
1873 1873
1873 1873
1873 1873
1874 1874
1874 1874
1874 1874
1874 1874
1875 1875
1875 1875
1875 1875
1875 1875
1876 1876
1876 1876
1876 1876
1876 1876
1877 1877
1877 1877
1877 1877
1877 1877
1604 1878
1666 1878
1605 1878
1878 1878
1878 1878
1878 1605
1878 1604
1878 1666
1878 1878
1878 1878
1604 1879
1879 1879
1879 1879
1879 1604
1879 1879
1879 1879
1880 1880
1880 1880
1880 1880
1880 1880
1881 1882
1882 1882
1882 1882
1882 1881
1882 1882
1882 1882
1608 1883
1883 1883
1883 1883
1883 1608
1883 1883
1883 1883
1606 1824
1825 1824
1824 1824
1824 1824
1824 1606
1824 1825
1824 1824
1824 1824
1608 1884
1607 1884
1733 1884
1884 1884
1884 1884
1884 1607
1884 1608
1884 1733
1884 1884
1884 1884
1609 1885
1885 1885
1885 1885
1885 1609
1885 1885
1885 1885
1611 1887
1610 1887
1886 1887
1887 1887
1887 1887
1887 1610
1887 1611
1887 1886
1887 1887
1887 1887
1612 1888
1613 1888
1615 1888
1614 1888
1888 1888
1888 1888
1888 1613
1888 1612
1888 1615
1888 1614
1888 1888
1888 1888
1887 1886
1886 1886
1886 1886
1886 1887
1886 1886
1886 1886
1740 1889
1889 1889
1889 1889
1889 1740
1889 1889
1889 1889
1616 1890
1890 1890
1890 1890
1890 1616
1890 1890
1890 1890
1891 1891
1891 1891
1891 1891
1891 1891
1892 1892
1892 1892
1892 1892
1892 1892
1893 1894
1894 1894
1894 1894
1894 1893
1894 1894
1894 1894
1895 1896
1896 1896
1896 1896
1896 1895
1896 1896
1896 1896
1618 1897
1897 1897
1897 1897
1897 1618
1897 1897
1897 1897
1699 1898
1898 1898
1898 1898
1898 1699
1898 1898
1898 1898
1899 1899
1899 1899
1899 1899
1899 1899
1620 1900
1619 1900
1621 1900
1900 1900
1900 1900
1900 1619
1900 1620
1900 1621
1900 1900
1900 1900
1901 1893
1902 1893
1903 1893
1904 1893
1894 1893
1893 1893
1893 1893
1893 1894
1893 1902
1893 1903
1893 1901
1893 1904
1893 1893
1893 1893
1893 1902
1905 1902
1902 1902
1902 1902
1902 1893
1902 1905
1902 1902
1902 1902
1654 1906
1906 1906
1906 1906
1906 1654
1906 1906
1906 1906
1907 1908
1908 1908
1908 1908
1908 1907
1908 1908
1908 1908
1909 1909
1909 1909
1909 1909
1909 1909
1910 1910
1910 1910
1910 1910
1910 1910
1563 1911
1911 1911
1911 1911
1911 1563
1911 1911
1911 1911
1912 1912
1912 1912
1912 1912
1912 1912
1913 1913
1913 1913
1913 1913
1913 1913
1622 1914
1914 1914
1914 1914
1914 1622
1914 1914
1914 1914
1915 1915
1915 1915
1915 1915
1915 1915
1697 1916
1916 1916
1916 1916
1916 1697
1916 1916
1916 1916
1917 1917
1917 1917
1917 1917
1917 1917
1918 1921
1862 1921
1919 1921
1920 1921
1654 1921
1625 1921
1623 1921
1624 1921
1626 1921
1921 1921
1921 1921
1921 1623
1921 1624
1921 1625
1921 1626
1921 1654
1921 1862
1921 1920
1921 1918
1921 1919
1921 1921
1921 1921
1865 1922
1922 1922
1922 1922
1922 1865
1922 1922
1922 1922
1866 1865
1922 1865
1865 1865
1865 1865
1865 1866
1865 1922
1865 1865
1865 1865
1863 1862
1627 1862
1921 1862
1862 1862
1862 1862
1862 1627
1862 1863
1862 1921
1862 1862
1862 1862
1654 1920
1921 1920
1920 1920
1920 1920
1920 1654
1920 1921
1920 1920
1920 1920
1629 1881
1628 1881
1630 1881
1631 1881
1882 1881
1881 1881
1881 1881
1881 1629
1881 1628
1881 1630
1881 1631
1881 1882
1881 1881
1881 1881
1919 1918
1921 1918
1632 1918
1918 1918
1918 1918
1918 1632
1918 1921
1918 1919
1918 1918
1918 1918
1634 1923
1633 1923
1635 1923
1923 1923
1923 1923
1923 1634
1923 1635
1923 1633
1923 1923
1923 1923
1921 1919
1637 1919
1918 1919
1919 1919
1919 1919
1919 1637
1919 1921
1919 1918
1919 1919
1919 1919
1699 1924
1924 1924
1924 1924
1924 1699
1924 1924
1924 1924
1893 1903
1903 1903
1903 1903
1903 1893
1903 1903
1903 1903
1893 1901
1901 1901
1901 1901
1901 1893
1901 1901
1901 1901
1893 1904
1904 1904
1904 1904
1904 1893
1904 1904
1904 1904
1636 1925
1639 1925
1638 1925
1637 1925
1925 1925
1925 1925
1925 1636
1925 1637
1925 1638
1925 1639
1925 1925
1925 1925
1908 1907
1907 1907
1907 1907
1907 1908
1907 1907
1907 1907
1895 1926
1640 1926
1926 1926
1926 1926
1926 1640
1926 1895
1926 1926
1926 1926
1927 1928
1928 1928
1928 1928
1928 1927
1928 1928
1928 1928
1929 1929
1929 1929
1929 1929
1929 1929
1641 1930
1930 1930
1930 1930
1930 1641
1930 1930
1930 1930
1735 1931
1732 1931
1931 1931
1931 1931
1931 1732
1931 1735
1931 1931
1931 1931
1896 1895
1926 1895
1895 1895
1895 1895
1895 1896
1895 1926
1895 1895
1895 1895
1928 1927
1642 1927
1927 1927
1927 1927
1927 1642
1927 1928
1927 1927
1927 1927
1932 1932
1932 1932
1932 1932
1932 1932
1902 1905
1905 1905
1905 1905
1905 1902
1905 1905
1905 1905
1643 1933
1933 1933
1933 1933
1933 1643
1933 1933
1933 1933
1645 1934
1644 1934
1934 1934
1934 1934
1934 1644
1934 1645
1934 1934
1934 1934
1935 1935
1935 1935
1935 1935
1935 1935
1651 1936
1936 1936
1936 1936
1936 1651
1936 1936
1936 1936
1937 1937
1937 1937
1937 1937
1937 1937
1646 1938
1938 1938
1938 1938
1938 1646
1938 1938
1938 1938
1939 1939
1939 1939
1939 1939
1939 1939
1647 1940
1940 1940
1940 1940
1940 1647
1940 1940
1940 1940
1941 1941
1941 1941
1941 1941
1941 1941
1652 1942
1942 1942
1942 1942
1942 1652
1942 1942
1942 1942
1943 1943
1943 1943
1943 1943
1943 1943
1944 1944
1944 1944
1944 1944
1944 1944
1652 1945
1945 1945
1945 1945
1945 1652
1945 1945
1945 1945
1946 1946
1946 1946
1946 1946
1946 1946
1947 1948
1948 1948
1948 1948
1948 1947
1948 1948
1948 1948
1648 1949
1949 1949
1949 1949
1949 1648
1949 1949
1949 1949
1649 1950
1950 1950
1950 1950
1950 1649
1950 1950
1950 1950
1650 1951
1951 1951
1951 1951
1951 1650
1951 1951
1951 1951
1948 1947
1947 1947
1947 1947
1947 1948
1947 1947
1947 1947
1952 1952
1952 1952
1952 1952
1952 1952
1651 1953
1953 1953
1953 1953
1953 1651
1953 1953
1953 1953
1954 1954
1954 1954
1954 1954
1954 1954
1652 1955
1955 1955
1955 1955
1955 1652
1955 1955
1955 1955
