2 0
3 1
1 2
0 3
6 4
5 5
4 6
7 7
8 8
9 9
10 10
11 11
12 12
13 13
14 14
15 15
16 16
17 17
18 18
19 19
20 20
21 21
22 22
23 23
25 24
26 25
24 26
27 27
28 28
29 29
30 30
31 31
32 32
33 33
35 34
36 35
34 36
39 37
38 38
37 39
40 40
41 41
42 42
43 43
46 44
45 45
44 46
47 47
48 48
49 49
50 50
51 51
52 52
53 53
54 54
55 55
57 56
59 57
56 58
61 59
60 60
58 61
62 62
63 63
64 64
65 65
67 66
68 67
66 68
69 69
71 70
72 71
70 72
73 73
74 74
75 75
77 76
78 77
76 78
79 79
80 80
81 81
84 82
83 83
82 84
85 85
86 86
87 87
88 88
90 89
91 90
89 91
92 92
96 93
94 94
95 95
93 96
97 97
98 98
99 99
100 100
101 101
102 102
105 103
104 104
103 105
106 106
108 107
109 108
107 109
110 110
112 111
111 112
114 113
113 114
115 115
116 116
118 117
119 118
117 119
120 120
122 121
121 122
124 123
123 124
126 125
125 126
128 127
127 128
130 129
129 130
131 131
133 132
132 133
134 134
136 135
135 136
137 137
139 138
138 139
141 140
140 141
143 142
144 143
142 144
145 145
147 146
146 147
150 148
149 149
148 150
151 151
152 152
153 153
155 154
156 155
154 156
157 157
159 158
158 159
160 160
162 161
161 162
164 163
163 164
166 165
165 166
168 167
167 168
170 169
169 170
172 171
171 172
174 173
173 174
176 175
175 176
178 177
177 178
180 179
179 180
182 181
181 182
183 183
184 184
186 185
185 186
188 187
187 188
190 189
189 190
192 191
191 192
194 193
193 194
196 195
195 196
198 197
197 198
200 199
199 200
202 201
201 202
204 203
205 204
203 205
206 206
207 207
209 208
208 209
211 210
210 211
212 212
214 213
213 214
216 215
215 216
218 217
217 218
220 219
219 220
221 221
223 222
222 223
224 224
227 225
226 226
225 227
228 228
229 229
230 230
232 231
233 232
231 233
235 234
234 235
236 236
238 237
237 238
240 239
239 240
242 241
241 242
244 243
243 244
245 245
247 246
246 247
249 248
248 249
251 250
250 251
253 252
252 253
255 254
254 255
256 256
258 257
257 258
260 259
259 260
261 261
262 262
264 263
263 264
265 265
266 266
268 267
267 268
270 269
269 270
272 271
271 272
274 273
273 274
276 275
275 276
278 277
277 278
280 279
279 280
282 281
281 282
284 283
283 284
286 285
285 286
288 287
287 288
289 289
291 290
290 291
293 292
292 293
296 294
294 295
295 296
297 297
301 298
298 299
299 300
300 301
302 302
303 303
304 304
305 305
306 306
308 307
307 308
309 309
311 310
310 311
313 312
312 313
315 314
314 315
316 316
318 317
317 318
320 319
319 320
322 321
321 322
324 323
323 324
326 325
325 326
328 327
327 328
330 329
329 330
331 331
333 332
332 333
334 334
336 335
335 336
338 337
337 338
339 339
341 340
340 341
343 342
342 343
345 344
344 345
347 346
346 347
351 348
350 349
348 350
352 351
349 352
353 353
356 354
354 355
355 356
357 357
359 358
358 359
361 360
360 361
363 362
362 363
364 364
365 365
367 366
366 367
369 368
368 369
371 370
370 371
372 372
375 373
373 374
374 375
376 376
378 377
377 378
379 379
381 380
380 381
383 382
382 383
385 384
384 385
387 386
386 387
388 388
390 389
389 390
392 391
391 392
394 393
393 394
396 395
395 396
399 397
397 398
398 399
400 400
401 401
403 402
402 403
405 404
404 405
407 406
406 407
409 408
408 409
411 410
410 411
413 412
412 413
415 414
414 415
417 416
416 417
419 418
418 419
421 420
420 421
422 422
424 423
423 424
427 425
426 426
425 427
428 428
431 429
430 430
429 431
432 432
434 433
433 434
436 435
435 436
437 437
439 438
438 439
441 440
440 441
443 442
442 443
445 444
446 445
444 446
447 447
449 448
448 449
450 450
452 451
451 452
454 453
453 454
456 455
455 456
458 457
457 458
459 459
461 460
462 461
460 462
463 463
465 464
464 465
466 466
468 467
467 468
470 469
469 470
472 471
471 472
473 473
475 474
474 475
477 476
476 477
478 478
480 479
479 480
481 481
483 482
482 483
484 484
485 485
486 486
488 487
487 488
490 489
489 490
492 491
491 492
494 493
493 494
497 495
495 496
496 497
498 498
499 499
501 500
500 501
503 502
502 503
505 504
504 505
507 506
506 507
508 508
510 509
509 510
512 511
511 512
513 513
515 514
514 515
517 516
516 517
518 518
520 519
519 520
522 521
521 522
524 523
523 524
526 525
525 526
530 527
527 528
528 529
529 530
531 531
533 532
532 533
535 534
534 535
537 536
536 537
540 538
539 539
538 540
541 541
543 542
542 543
545 544
544 545
547 546
546 547
548 548
550 549
549 550
552 551
551 552
554 553
553 554
556 555
555 556
557 557
559 558
558 559
561 560
560 561
563 562
562 563
565 564
564 565
566 566
567 567
569 568
568 569
571 570
570 571
573 572
572 573
574 574
576 575
575 576
578 577
579 578
577 579
580 580
582 581
581 582
584 583
583 584
586 585
585 586
587 587
589 588
588 589
591 590
590 591
593 592
592 593
594 594
595 595
597 596
596 597
599 598
598 599
601 600
600 601
603 602
605 603
602 604
606 605
607 606
604 607
608 608
609 609
610 610
611 611
613 612
612 613
615 614
614 615
617 616
616 617
618 618
620 619
619 620
621 621
624 622
622 623
623 624
626 625
625 626
629 627
627 628
628 629
630 630
632 631
631 632
633 633
636 634
634 635
635 636
637 637
639 638
638 639
640 640
642 641
641 642
644 643
643 644
646 645
645 646
651 647
647 648
652 649
648 650
653 651
649 652
654 653
650 654
656 655
657 656
658 657
655 658
659 659
660 660
662 661
661 662
663 663
665 664
664 665
667 666
666 667
668 668
670 669
669 670
672 671
671 672
676 673
673 674
674 675
675 676
677 677
679 678
678 679
681 680
680 681
683 682
682 683
685 684
684 685
687 686
686 687
688 688
691 689
689 690
692 691
690 692
693 693
694 694
695 695
697 696
696 697
699 698
698 699
701 700
700 701
702 702
704 703
706 704
703 705
705 706
707 707
709 708
708 709
711 710
710 711
713 712
712 713
715 714
714 715
718 716
716 717
717 718
719 719
722 720
720 721
721 722
723 723
725 724
724 725
727 726
726 727
729 728
728 729
730 730
732 731
731 732
734 733
733 734
736 735
735 736
737 737
739 738
738 739
740 740
742 741
741 742
744 743
745 744
743 745
750 746
747 747
746 748
748 749
749 750
751 751
755 752
752 753
756 754
753 755
757 756
754 757
759 758
758 759
760 760
762 761
761 762
764 763
763 764
766 765
765 766
768 767
767 768
769 769
773 770
770 771
771 772
774 773
772 774
775 775
776 776
777 777
778 778
780 779
779 780
782 781
781 782
783 783
786 784
784 785
785 786
787 787
789 788
788 789
791 790
790 791
793 792
792 793
795 794
794 795
797 796
796 797
799 798
798 799
800 800
802 801
801 802
804 803
803 804
806 805
805 806
808 807
807 808
810 809
809 810
812 811
811 812
814 813
813 814
816 815
815 816
818 817
817 818
819 819
821 820
820 821
822 822
824 823
823 824
826 825
825 826
828 827
827 828
830 829
829 830
831 831
833 832
832 833
845 834
835 835
834 836
836 837
837 838
838 839
839 840
840 841
846 842
841 843
847 844
842 845
848 846
843 847
844 848
849 849
850 850
851 851
853 852
852 853
855 854
854 855
857 856
856 857
859 858
858 859
861 860
860 861
862 862
866 863
865 864
864 865
863 866
869 867
867 868
868 869
870 870
872 871
871 872
874 873
873 874
876 875
875 876
879 877
877 878
881 879
880 880
878 881
882 882
884 883
883 884
885 885
886 886
892 887
891 888
887 889
888 890
893 891
889 892
890 893
894 894
895 895
896 896
897 897
899 898
898 899
901 900
900 901
902 902
904 903
903 904
907 905
910 906
906 907
905 908
908 909
909 910
911 911
913 912
912 913
914 914
916 915
915 916
918 917
917 918
920 919
919 920
922 921
921 922
924 923
923 924
926 925
925 926
927 927
929 928
928 929
931 930
930 931
933 932
932 933
935 934
934 935
936 936
937 937
939 938
938 939
942 940
940 941
941 942
943 943
945 944
944 945
947 946
946 947
949 948
948 949
950 950
951 951
954 952
955 953
953 954
952 955
956 956
958 957
957 958
960 959
959 960
962 961
961 962
964 963
963 964
966 965
965 966
968 967
967 968
970 969
969 970
972 971
971 972
974 973
973 974
976 975
975 976
978 977
977 978
980 979
979 980
982 981
981 982
984 983
983 984
986 985
985 986
987 987
989 988
988 989
991 990
990 991
993 992
992 993
995 994
994 995
996 996
997 997
999 998
998 999
1001 1000
1000 1001
1002 1002
1005 1003
1003 1004
1006 1005
1004 1006
1007 1007
1009 1008
1008 1009
1010 1010
1013 1011
1011 1012
1012 1013
1014 1014
1017 1015
1015 1016
1016 1017
1018 1018
1020 1019
1019 1020
1022 1021
1021 1022
1024 1023
1023 1024
1025 1025
1027 1026
1026 1027
1029 1028
1030 1029
1028 1030
1031 1031
1033 1032
1032 1033
1035 1034
1034 1035
1038 1036
1036 1037
1037 1038
1039 1039
1041 1040
1040 1041
1043 1042
1042 1043
1044 1044
1046 1045
1045 1046
1048 1047
1047 1048
1049 1049
1051 1050
1050 1051
1052 1052
1053 1053
1055 1054
1054 1055
1057 1056
1056 1057
1059 1058
1058 1059
1061 1060
1060 1061
1063 1062
1062 1063
1065 1064
1064 1065
1067 1066
1066 1067
1069 1068
1068 1069
1071 1070
1070 1071
1074 1072
1072 1073
1073 1074
