1383 1562
1382 1562
1381 1562
1380 1562
1562 1562
1562 1562
1562 1380
1562 1381
1562 1382
1562 1383
1562 1562
1562 1562
1563 1564
1564 1564
1564 1564
1564 1563
1564 1564
1564 1564
1565 1565
1565 1565
1565 1565
1565 1565
1386 1566
1385 1566
1387 1566
1388 1566
1384 1566
1566 1566
1566 1566
1566 1387
1566 1386
1566 1384
1566 1385
1566 1388
1566 1566
1566 1566
1390 1567
1389 1567
1567 1567
1567 1567
1567 1390
1567 1389
1567 1567
1567 1567
1391 1568
1568 1568
1568 1568
1568 1391
1568 1568
1568 1568
1392 1569
1393 1569
1569 1569
1569 1569
1569 1392
1569 1393
1569 1569
1569 1569
1394 1570
1570 1570
1570 1570
1570 1394
1570 1570
1570 1570
1571 1571
1571 1571
1571 1571
1571 1571
1572 1574
1573 1574
1397 1574
1395 1574
1396 1574
1398 1574
1574 1574
1574 1574
1574 1395
1574 1396
1574 1397
1574 1398
1574 1572
1574 1573
1574 1574
1574 1574
1574 1572
1573 1572
1572 1572
1572 1572
1572 1574
1572 1573
1572 1572
1572 1572
1399 1575
1575 1575
1575 1575
1575 1399
1575 1575
1575 1575
1576 1577
1400 1577
1577 1577
1577 1577
1577 1400
1577 1576
1577 1577
1577 1577
1574 1573
1572 1573
1573 1573
1573 1573
1573 1574
1573 1572
1573 1573
1573 1573
1577 1576
1576 1576
1576 1576
1576 1577
1576 1576
1576 1576
1401 1578
1412 1578
1578 1578
1578 1578
1578 1401
1578 1412
1578 1578
1578 1578
1403 1579
1406 1579
1405 1579
1404 1579
1402 1579
1579 1579
1579 1579
1579 1402
1579 1403
1579 1404
1579 1405
1579 1406
1579 1579
1579 1579
1408 1580
1407 1580
1580 1580
1580 1580
1580 1408
1580 1407
1580 1580
1580 1580
1581 1582
1582 1582
1582 1582
1582 1581
1582 1582
1582 1582
1581 1583
1583 1583
1583 1583
1583 1581
1583 1583
1583 1583
1584 1585
1409 1585
1410 1585
1585 1585
1585 1585
1585 1409
1585 1410
1585 1584
1585 1585
1585 1585
1585 1584
1584 1584
1584 1584
1584 1585
1584 1584
1584 1584
1413 1581
1583 1581
1586 1581
1582 1581
1412 1581
1411 1581
1581 1581
1581 1581
1581 1411
1581 1412
1581 1413
1581 1582
1581 1583
1581 1586
1581 1581
1581 1581
1581 1586
1586 1586
1586 1586
1586 1581
1586 1586
1586 1586
1414 1587
1417 1587
1416 1587
1415 1587
1587 1587
1587 1587
1587 1414
1587 1415
1587 1416
1587 1417
1587 1587
1587 1587
1419 1588
1418 1588
1588 1588
1588 1588
1588 1418
1588 1419
1588 1588
1588 1588
1589 1590
1536 1590
1420 1590
1424 1590
1369 1590
1423 1590
1421 1590
1422 1590
1590 1590
1590 1590
1590 1420
1590 1422
1590 1421
1590 1423
1590 1369
1590 1424
1590 1536
1590 1589
1590 1590
1590 1590
1429 1591
1428 1591
1426 1591
1589 1591
1427 1591
1425 1591
1591 1591
1591 1591
1591 1427
1591 1425
1591 1426
1591 1428
1591 1429
1591 1589
1591 1591
1591 1591
1592 1592
1592 1592
1592 1592
1592 1592
1468 1593
1430 1593
1593 1593
1593 1593
1593 1430
1593 1468
1593 1593
1593 1593
1431 1594
1436 1594
1435 1594
1594 1594
1594 1594
1594 1431
1594 1436
1594 1435
1594 1594
1594 1594
1431 1596
1432 1596
1595 1596
1596 1596
1596 1596
1596 1431
1596 1432
1596 1595
1596 1596
1596 1596
1432 1595
1596 1595
1595 1595
1595 1595
1595 1432
1595 1596
1595 1595
1595 1595
1432 1597
1433 1597
1597 1597
1597 1597
1597 1432
1597 1433
1597 1597
1597 1597
1434 1598
1598 1598
1598 1598
1598 1434
1598 1598
1598 1598
1435 1599
1440 1599
1439 1599
1438 1599
1437 1599
1436 1599
1599 1599
1599 1599
1599 1436
1599 1437
1599 1438
1599 1439
1599 1440
1599 1435
1599 1599
1599 1599
1435 1600
1600 1600
1600 1600
1600 1435
1600 1600
1600 1600
1601 1601
1601 1601
1601 1601
1601 1601
1441 1602
1602 1602
1602 1602
1602 1441
1602 1602
1602 1602
1603 1603
1603 1603
1603 1603
1603 1603
1604 1605
1605 1605
1605 1605
1605 1604
1605 1605
1605 1605
1605 1604
1604 1604
1604 1604
1604 1605
1604 1604
1604 1604
1443 1606
1442 1606
1445 1606
1444 1606
1606 1606
1606 1606
1606 1444
1606 1445
1606 1442
1606 1443
1606 1606
1606 1606
1536 1607
1607 1607
1607 1607
1607 1536
1607 1607
1607 1607
1608 1608
1608 1608
1608 1608
1608 1608
1446 1609
1609 1609
1609 1609
1609 1446
1609 1609
1609 1609
1610 1610
1610 1610
1610 1610
1610 1610
1611 1611
1611 1611
1611 1611
1611 1611
1612 1613
1613 1613
1613 1613
1613 1612
1613 1613
1613 1613
1613 1612
1614 1612
1612 1612
1612 1612
1612 1613
1612 1614
1612 1612
1612 1612
1447 1615
1615 1615
1615 1615
1615 1447
1615 1615
1615 1615
1612 1614
1614 1614
1614 1614
1614 1612
1614 1614
1614 1614
1616 1616
1616 1616
1616 1616
1616 1616
1363 1618
1529 1618
1448 1618
1364 1618
1617 1618
1618 1618
1618 1618
1618 1448
1618 1364
1618 1363
1618 1529
1618 1617
1618 1618
1618 1618
1449 1619
1619 1619
1619 1619
1619 1449
1619 1619
1619 1619
1620 1620
1620 1620
1620 1620
1620 1620
1621 1621
1621 1621
1621 1621
1621 1621
1564 1563
1563 1563
1563 1563
1563 1564
1563 1563
1563 1563
1450 1622
1622 1622
1622 1622
1622 1450
1622 1622
1622 1622
1452 1623
1451 1623
1623 1623
1623 1623
1623 1452
1623 1451
1623 1623
1623 1623
1624 1624
1624 1624
1624 1624
1624 1624
1625 1625
1625 1625
1625 1625
1625 1625
1626 1626
1626 1626
1626 1626
1626 1626
1627 1627
1627 1627
1627 1627
1627 1627
1628 1629
1629 1629
1629 1629
1629 1628
1629 1629
1629 1629
1629 1628
1628 1628
1628 1628
1628 1629
1628 1628
1628 1628
1630 1630
1630 1630
1630 1630
1630 1630
1631 1631
1631 1631
1631 1631
1631 1631
1454 1632
1455 1632
1453 1632
1632 1632
1632 1632
1632 1454
1632 1455
1632 1453
1632 1632
1632 1632
1633 1634
1634 1634
1634 1634
1634 1633
1634 1634
1634 1634
1635 1635
1635 1635
1635 1635
1635 1635
1457 1636
1458 1636
1636 1636
1636 1636
1636 1457
1636 1458
1636 1636
1636 1636
1637 1637
1637 1637
1637 1637
1637 1637
1638 1638
1638 1638
1638 1638
1638 1638
1639 1639
1639 1639
1639 1639
1639 1639
1640 1640
1640 1640
1640 1640
1640 1640
1641 1641
1641 1641
1641 1641
1641 1641
1642 1642
1642 1642
1642 1642
1642 1642
1459 1643
1460 1643
1643 1643
1643 1643
1643 1460
1643 1459
1643 1643
1643 1643
1644 1644
1644 1644
1644 1644
1644 1644
1645 1645
1645 1645
1645 1645
1645 1645
1646 1646
1646 1646
1646 1646
1646 1646
1647 1647
1647 1647
1647 1647
1647 1647
1648 1648
1648 1648
1648 1648
1648 1648
1461 1649
1649 1649
1649 1649
1649 1461
1649 1649
1649 1649
1650 1650
1650 1650
1650 1650
1650 1650
1651 1651
1651 1651
1651 1651
1651 1651
1462 1652
1652 1652
1652 1652
1652 1462
1652 1652
1652 1652
1463 1653
1653 1653
1653 1653
1653 1463
1653 1653
1653 1653
1654 1654
1654 1654
1654 1654
1654 1654
1634 1633
1633 1633
1633 1633
1633 1634
1633 1633
1633 1633
1655 1655
1655 1655
1655 1655
1655 1655
1464 1656
1656 1656
1656 1656
1656 1464
1656 1656
1656 1656
1465 1657
1657 1657
1657 1657
1657 1465
1657 1657
1657 1657
1658 1658
1658 1658
1658 1658
1658 1658
1466 1659
1659 1659
1659 1659
1659 1466
1659 1659
1659 1659
1467 1660
1660 1660
1660 1660
1660 1467
1660 1660
1660 1660
1661 1662
1662 1662
1662 1662
1662 1661
1662 1662
1662 1662
1470 1663
1468 1663
1469 1663
1663 1663
1663 1663
1663 1468
1663 1469
1663 1470
1663 1663
1663 1663
1471 1664
1664 1664
1664 1664
1664 1471
1664 1664
1664 1664
1472 1661
1529 1661
1662 1661
1661 1661
1661 1661
1661 1472
1661 1529
1661 1662
1661 1661
1661 1661
1536 1617
1474 1617
1527 1617
1475 1617
1618 1617
1532 1617
1473 1617
1617 1617
1617 1617
1617 1473
1617 1474
1617 1475
1617 1527
1617 1532
1617 1536
1617 1618
1617 1617
1617 1617
1665 1666
1666 1666
1666 1666
1666 1665
1666 1666
1666 1666
1539 1665
1476 1665
1666 1665
1665 1665
1665 1665
1665 1476
1665 1539
1665 1666
1665 1665
1665 1665
1667 1667
1667 1667
1667 1667
1667 1667
1477 1668
1480 1668
1479 1668
1478 1668
1668 1668
1668 1668
1668 1478
1668 1477
1668 1480
1668 1479
1668 1668
1668 1668
1480 1669
1477 1669
1479 1669
1669 1669
1669 1669
1669 1477
1669 1480
1669 1479
1669 1669
1669 1669
1670 1670
1670 1670
1670 1670
1670 1670
1671 1671
1671 1671
1671 1671
1671 1671
1481 1672
1672 1672
1672 1672
1672 1481
1672 1672
1672 1672
1673 1673
1673 1673
1673 1673
1673 1673
1674 1674
1674 1674
1674 1674
1674 1674
1490 1675
1491 1675
1498 1675
1482 1675
1485 1675
1488 1675
1497 1675
1483 1675
1493 1675
1487 1675
1486 1675
1484 1675
1492 1675
1494 1675
1495 1675
1496 1675
1501 1675
1500 1675
1499 1675
1489 1675
1675 1675
1675 1675
1675 1491
1675 1483
1675 1490
1675 1482
1675 1485
1675 1489
1675 1492
1675 1493
1675 1488
1675 1486
1675 1494
1675 1495
1675 1496
1675 1487
1675 1484
1675 1497
1675 1498
1675 1499
1675 1500
1675 1501
1675 1675
1675 1675
1676 1676
1676 1676
1676 1676
1676 1676
1503 1677
1502 1677
1504 1677
1677 1677
1677 1677
1677 1502
1677 1503
1677 1504
1677 1677
1677 1677
1505 1678
1678 1678
1678 1678
1678 1505
1678 1678
1678 1678
1679 1679
1679 1679
1679 1679
1679 1679
1680 1680
1680 1680
1680 1680
1680 1680
1590 1589
1456 1589
1591 1589
1589 1589
1589 1589
1589 1456
1589 1590
1589 1591
1589 1589
1589 1589
1681 1682
1682 1682
1682 1682
1682 1681
1682 1682
1682 1682
1682 1681
1681 1681
1681 1681
1681 1682
1681 1681
1681 1681
