1072 1076
1075 1076
1076 1076
1076 1076
1076 1072
1076 1075
1076 1076
1076 1076
1076 1075
1075 1075
1075 1075
1075 1076
1075 1075
1075 1075
1077 1080
1078 1080
1079 1080
1080 1080
1080 1080
1080 1078
1080 1079
1080 1077
1080 1080
1080 1080
1080 1078
1081 1078
1078 1078
1078 1078
1078 1080
1078 1081
1078 1078
1078 1078
1080 1079
1081 1079
1079 1079
1079 1079
1079 1080
1079 1081
1079 1079
1079 1079
1080 1077
1081 1077
1077 1077
1077 1077
1077 1080
1077 1081
1077 1077
1077 1077
1078 1081
1079 1081
1077 1081
1082 1081
1081 1081
1081 1081
1081 1078
1081 1079
1081 1077
1081 1082
1081 1081
1081 1081
1081 1082
1082 1082
1082 1082
1082 1081
1082 1082
1082 1082
1083 1084
1084 1084
1084 1084
1084 1083
1084 1084
1084 1084
1084 1083
1083 1083
1083 1083
1083 1084
1083 1083
1083 1083
1085 1086
1086 1086
1086 1086
1086 1085
1086 1086
1086 1086
1087 1085
1088 1085
1086 1085
1085 1085
1085 1085
1085 1086
1085 1087
1085 1088
1085 1085
1085 1085
1085 1087
1088 1087
1087 1087
1087 1087
1087 1085
1087 1088
1087 1087
1087 1087
1085 1088
1087 1088
1089 1088
1088 1088
1088 1088
1088 1085
1088 1087
1088 1089
1088 1088
1088 1088
1088 1089
1089 1089
1089 1089
1089 1088
1089 1089
1089 1089
1090 1091
1091 1091
1091 1091
1091 1090
1091 1091
1091 1091
1091 1090
1090 1090
1090 1090
1090 1091
1090 1090
1090 1090
1092 1093
1093 1093
1093 1093
1093 1092
1093 1093
1093 1093
1093 1092
1092 1092
1092 1092
1092 1093
1092 1092
1092 1092
1094 1095
1095 1095
1095 1095
1095 1094
1095 1095
1095 1095
1095 1094
1094 1094
1094 1094
1094 1095
1094 1094
1094 1094
1096 1097
1097 1097
1097 1097
1097 1096
1097 1097
1097 1097
1097 1096
1096 1096
1096 1096
1096 1097
1096 1096
1096 1096
1098 1099
1099 1099
1099 1099
1099 1098
1099 1099
1099 1099
1098 1100
1100 1100
1100 1100
1100 1098
1100 1100
1100 1100
1098 1101
1101 1101
1101 1101
1101 1098
1101 1101
1101 1101
1102 1098
1100 1098
1101 1098
1099 1098
1098 1098
1098 1098
1098 1099
1098 1100
1098 1101
1098 1102
1098 1098
1098 1098
1098 1102
1102 1102
1102 1102
1102 1098
1102 1102
1102 1102
1103 1104
1104 1104
1104 1104
1104 1103
1104 1104
1104 1104
1104 1103
1103 1103
1103 1103
1103 1104
1103 1103
1103 1103
1105 1106
1106 1106
1106 1106
1106 1105
1106 1106
1106 1106
1106 1105
1107 1105
1105 1105
1105 1105
1105 1106
1105 1107
1105 1105
1105 1105
1105 1107
1107 1107
1107 1107
1107 1105
1107 1107
1107 1107
1108 1109
1109 1109
1109 1109
1109 1108
1109 1109
1109 1109
1109 1108
1108 1108
1108 1108
1108 1109
1108 1108
1108 1108
1110 1111
1111 1111
1111 1111
1111 1110
1111 1111
1111 1111
1111 1110
1110 1110
1110 1110
1110 1111
1110 1110
1110 1110
1112 1113
1113 1113
1113 1113
1113 1112
1113 1113
1113 1113
1113 1112
1112 1112
1112 1112
1112 1113
1112 1112
1112 1112
1114 1115
1115 1115
1115 1115
1115 1114
1115 1115
1115 1115
1115 1114
1114 1114
1114 1114
1114 1115
1114 1114
1114 1114
1116 1117
1117 1117
1117 1117
1117 1116
1117 1117
1117 1117
1117 1116
1116 1116
1116 1116
1116 1117
1116 1116
1116 1116
1118 1119
1119 1119
1119 1119
1119 1118
1119 1119
1119 1119
1119 1118
1118 1118
1118 1118
1118 1119
1118 1118
1118 1118
1120 1121
1121 1121
1121 1121
1121 1120
1121 1121
1121 1121
1121 1120
1120 1120
1120 1120
1120 1121
1120 1120
1120 1120
1122 1123
1123 1123
1123 1123
1123 1122
1123 1123
1123 1123
1123 1122
1122 1122
1122 1122
1122 1123
1122 1122
1122 1122
1124 1125
1125 1125
1125 1125
1125 1124
1125 1125
1125 1125
1124 1126
1126 1126
1126 1126
1126 1124
1126 1126
1126 1126
1124 1127
1127 1127
1127 1127
1127 1124
1127 1127
1127 1127
1128 1124
1125 1124
1126 1124
1127 1124
1124 1124
1124 1124
1124 1125
1124 1126
1124 1127
1124 1128
1124 1124
1124 1124
1124 1128
1129 1128
1128 1128
1128 1128
1128 1124
1128 1129
1128 1128
1128 1128
1128 1129
1129 1129
1129 1129
1129 1128
1129 1129
1129 1129
1130 1131
1131 1131
1131 1131
1131 1130
1131 1131
1131 1131
1131 1130
1130 1130
1130 1130
1130 1131
1130 1130
1130 1130
1132 1133
1133 1133
1133 1133
1133 1132
1133 1133
1133 1133
1133 1132
1134 1132
1132 1132
1132 1132
1132 1133
1132 1134
1132 1132
1132 1132
1134 1135
1135 1135
1135 1135
1135 1134
1135 1135
1135 1135
1134 1136
1136 1136
1136 1136
1136 1134
1136 1136
1136 1136
1137 1134
1135 1134
1132 1134
1136 1134
1134 1134
1134 1134
1134 1132
1134 1135
1134 1136
1134 1137
1134 1134
1134 1134
1134 1137
1138 1137
1137 1137
1137 1137
1137 1134
1137 1138
1137 1137
1137 1137
1137 1138
1138 1138
1138 1138
1138 1137
1138 1138
1138 1138
1139 1140
1140 1140
1140 1140
1140 1139
1140 1140
1140 1140
1140 1139
1139 1139
1139 1139
1139 1140
1139 1139
1139 1139
1141 1142
1142 1142
1142 1142
1142 1141
1142 1142
1142 1142
1142 1141
1141 1141
1141 1141
1141 1142
1141 1141
1141 1141
1143 1144
1144 1144
1144 1144
1144 1143
1144 1144
1144 1144
1144 1143
1143 1143
1143 1143
1143 1144
1143 1143
1143 1143
1145 1146
1146 1146
1146 1146
1146 1145
1146 1146
1146 1146
1146 1145
1145 1145
1145 1145
1145 1146
1145 1145
1145 1145
1147 1148
1148 1148
1148 1148
1148 1147
1148 1148
1148 1148
1148 1147
1147 1147
1147 1147
1147 1148
1147 1147
1147 1147
1149 1150
1150 1150
1150 1150
1150 1149
1150 1150
1150 1150
1149 1152
1151 1152
1152 1152
1152 1152
1152 1149
1152 1151
1152 1152
1152 1152
1149 1153
1151 1153
1153 1153
1153 1153
1153 1149
1153 1151
1153 1153
1153 1153
1152 1149
1153 1149
1150 1149
1154 1149
1151 1149
1149 1149
1149 1149
1149 1150
1149 1152
1149 1153
1149 1151
1149 1154
1149 1149
1149 1149
1154 1151
1149 1151
1153 1151
1152 1151
1151 1151
1151 1151
1151 1152
1151 1153
1151 1149
1151 1154
1151 1151
1151 1151
1151 1154
1149 1154
1155 1154
1154 1154
1154 1154
1154 1149
1154 1151
1154 1155
1154 1154
1154 1154
1154 1155
1155 1155
1155 1155
1155 1154
1155 1155
1155 1155
1156 1157
1157 1157
1157 1157
1157 1156
1157 1157
1157 1157
1157 1156
1156 1156
1156 1156
1156 1157
1156 1156
1156 1156
