1449 1449
1449 1449
1449 1449
1449 1449
1450 1450
1450 1450
1450 1450
1450 1450
1451 1452
1452 1452
1452 1452
1452 1451
1452 1452
1452 1452
1452 1451
1451 1451
1451 1451
1451 1452
1451 1451
1451 1451
1453 1454
1250 1454
1321 1454
1454 1454
1454 1454
1454 1250
1454 1321
1454 1453
1454 1454
1454 1454
1253 1455
1320 1455
1455 1455
1455 1455
1455 1253
1455 1320
1455 1455
1455 1455
1454 1453
1453 1453
1453 1453
1453 1454
1453 1453
1453 1453
1323 1457
1322 1457
1255 1457
1456 1457
1457 1457
1457 1457
1457 1255
1457 1322
1457 1323
1457 1456
1457 1457
1457 1457
1456 1458
1458 1458
1458 1458
1458 1456
1458 1458
1458 1458
1324 1460
1459 1460
1460 1460
1460 1460
1460 1324
1460 1459
1460 1460
1460 1460
1460 1459
1459 1459
1459 1459
1459 1460
1459 1459
1459 1459
1258 1461
1461 1461
1461 1461
1461 1258
1461 1461
1461 1461
1261 1462
1462 1462
1462 1462
1462 1261
1462 1462
1462 1462
1463 1463
1463 1463
1463 1463
1463 1463
1464 1464
1464 1464
1464 1464
1464 1464
1465 1465
1465 1465
1465 1465
1465 1465
1466 1466
1466 1466
1466 1466
1466 1466
1467 1467
1467 1467
1467 1467
1467 1467
1325 1468
1326 1468
1468 1468
1468 1468
1468 1325
1468 1326
1468 1468
1468 1468
1263 1469
1327 1469
1469 1469
1469 1469
1469 1263
1469 1327
1469 1469
1469 1469
1470 1470
1470 1470
1470 1470
1470 1470
1471 1471
1471 1471
1471 1471
1471 1471
1267 1472
1472 1472
1472 1472
1472 1267
1472 1472
1472 1472
1269 1473
1328 1473
1360 1473
1330 1473
1329 1473
1473 1473
1473 1473
1473 1269
1473 1329
1473 1328
1473 1330
1473 1360
1473 1473
1473 1473
1330 1474
1328 1474
1329 1474
1269 1474
1360 1474
1474 1474
1474 1474
1474 1269
1474 1329
1474 1328
1474 1330
1474 1360
1474 1474
1474 1474
1331 1475
1475 1475
1475 1475
1475 1331
1475 1475
1475 1475
1287 1476
1476 1476
1476 1476
1476 1287
1476 1476
1476 1476
1477 1478
1478 1478
1478 1478
1478 1477
1478 1478
1478 1478
1478 1477
1271 1477
1477 1477
1477 1477
1477 1271
1477 1478
1477 1477
1477 1477
1479 1480
1480 1480
1480 1480
1480 1479
1480 1480
1480 1480
1480 1479
1479 1479
1479 1479
1479 1480
1479 1479
1479 1479
1273 1481
1332 1481
1481 1481
1481 1481
1481 1273
1481 1332
1481 1481
1481 1481
1334 1491
1339 1491
1482 1491
1483 1491
1275 1491
1484 1491
1485 1491
1486 1491
1487 1491
1337 1491
1333 1491
1335 1491
1488 1491
1489 1491
1490 1491
1341 1491
1491 1491
1491 1491
1491 1333
1491 1335
1491 1337
1491 1341
1491 1339
1491 1334
1491 1275
1491 1483
1491 1490
1491 1482
1491 1485
1491 1489
1491 1488
1491 1486
1491 1487
1491 1484
1491 1491
1491 1491
1485 1483
1337 1483
1491 1483
1488 1483
1334 1483
1335 1483
1490 1483
1483 1483
1483 1483
1483 1335
1483 1337
1483 1334
1483 1491
1483 1490
1483 1485
1483 1488
1483 1483
1483 1483
1337 1490
1335 1490
1482 1490
1485 1490
1483 1490
1334 1490
1491 1490
1490 1490
1490 1490
1490 1335
1490 1337
1490 1334
1490 1491
1490 1483
1490 1482
1490 1485
1490 1490
1490 1490
1335 1482
1337 1482
1485 1482
1334 1482
1491 1482
1490 1482
1482 1482
1482 1482
1482 1335
1482 1337
1482 1334
1482 1491
1482 1490
1482 1485
1482 1482
1482 1482
1482 1485
1334 1485
1483 1485
1491 1485
1490 1485
1335 1485
1485 1485
1485 1485
1485 1335
1485 1334
1485 1491
1485 1483
1485 1490
1485 1482
1485 1485
1485 1485
1338 1489
1491 1489
1334 1489
1337 1489
1336 1489
1489 1489
1489 1489
1489 1337
1489 1336
1489 1338
1489 1334
1489 1491
1489 1489
1489 1489
1339 1492
1343 1492
1342 1492
1341 1492
1492 1492
1492 1492
1492 1341
1492 1339
1492 1342
1492 1343
1492 1492
1492 1492
1340 1493
1278 1493
1279 1493
1344 1493
1493 1493
1493 1493
1493 1278
1493 1340
1493 1344
1493 1279
1493 1493
1493 1493
1275 1488
1334 1488
1483 1488
1491 1488
1488 1488
1488 1488
1488 1334
1488 1275
1488 1491
1488 1483
1488 1488
1488 1488
1275 1486
1334 1486
1491 1486
1486 1486
1486 1486
1486 1334
1486 1275
1486 1491
1486 1486
1486 1486
1345 1494
1279 1494
1494 1494
1494 1494
1494 1279
1494 1345
1494 1494
1494 1494
1347 1495
1346 1495
1495 1495
1495 1495
1495 1347
1495 1346
1495 1495
1495 1495
1348 1496
1496 1496
1496 1496
1496 1348
1496 1496
1496 1496
1491 1487
1487 1487
1487 1487
1487 1491
1487 1487
1487 1487
1491 1484
1484 1484
1484 1484
1484 1491
1484 1484
1484 1484
1497 1497
1497 1497
1497 1497
1497 1497
1498 1498
1498 1498
1498 1498
1498 1498
1499 1499
1499 1499
1499 1499
1499 1499
1500 1500
1500 1500
1500 1500
1500 1500
1501 1501
1501 1501
1501 1501
1501 1501
1349 1502
1502 1502
1502 1502
1502 1349
1502 1502
1502 1502
1503 1503
1503 1503
1503 1503
1503 1503
1504 1504
1504 1504
1504 1504
1504 1504
1350 1505
1505 1505
1505 1505
1505 1350
1505 1505
1505 1505
1506 1506
1506 1506
1506 1506
1506 1506
1352 1507
1351 1507
1507 1507
1507 1507
1507 1351
1507 1352
1507 1507
1507 1507
1353 1508
1508 1508
1508 1508
1508 1353
1508 1508
1508 1508
1509 1509
1509 1509
1509 1509
1509 1509
1510 1511
1511 1511
1511 1511
1511 1510
1511 1511
1511 1511
1511 1510
1510 1510
1510 1510
1510 1511
1510 1510
1510 1510
1512 1512
1512 1512
1512 1512
1512 1512
1513 1513
1513 1513
1513 1513
1513 1513
1514 1514
1514 1514
1514 1514
1514 1514
1515 1515
1515 1515
1515 1515
1515 1515
1516 1516
1516 1516
1516 1516
1516 1516
1517 1517
1517 1517
1517 1517
1517 1517
1357 1518
1355 1518
1354 1518
1356 1518
1518 1518
1518 1518
1518 1356
1518 1354
1518 1355
1518 1357
1518 1518
1518 1518
1519 1519
1519 1519
1519 1519
1519 1519
1520 1520
1520 1520
1520 1520
1520 1520
1521 1521
1521 1521
1521 1521
1521 1521
1522 1522
1522 1522
1522 1522
1522 1522
1523 1523
1523 1523
1523 1523
1523 1523
1524 1524
1524 1524
1524 1524
1524 1524
1525 1527
1526 1527
1360 1527
1358 1527
1361 1527
1362 1527
1359 1527
1527 1527
1527 1527
1527 1359
1527 1360
1527 1358
1527 1361
1527 1362
1527 1526
1527 1525
1527 1527
1527 1527
1528 1529
1365 1529
1529 1529
1529 1529
1529 1365
1529 1528
1529 1529
1529 1529
1457 1456
1458 1456
1423 1456
1456 1456
1456 1456
1456 1423
1456 1457
1456 1458
1456 1456
1456 1456
1367 1531
1528 1531
1530 1531
1531 1531
1531 1531
1531 1367
1531 1528
1531 1530
1531 1531
1531 1531
1532 1532
1532 1532
1532 1532
1532 1532
1368 1533
1533 1533
1533 1533
1533 1368
1533 1533
1533 1533
1527 1526
1526 1526
1526 1526
1526 1527
1526 1526
1526 1526
1527 1525
1525 1525
1525 1525
1525 1527
1525 1525
1525 1525
1534 1534
1534 1534
1534 1534
1534 1534
1535 1535
1535 1535
1535 1535
1535 1535
1536 1536
1536 1536
1536 1536
1536 1536
1366 1528
1529 1528
1530 1528
1370 1528
1531 1528
1528 1528
1528 1528
1528 1366
1528 1370
1528 1529
1528 1531
1528 1530
1528 1528
1528 1528
1370 1530
1528 1530
1366 1530
1531 1530
1530 1530
1530 1530
1530 1366
1530 1370
1530 1531
1530 1528
1530 1530
1530 1530
1448 1538
1537 1538
1538 1538
1538 1538
1538 1448
1538 1537
1538 1538
1538 1538
1363 1537
1538 1537
1364 1537
1537 1537
1537 1537
1537 1364
1537 1363
1537 1538
1537 1537
1537 1537
1539 1539
1539 1539
1539 1539
1539 1539
1540 1541
1371 1541
1372 1541
1541 1541
1541 1541
1541 1371
1541 1372
1541 1540
1541 1541
1541 1541
1373 1540
1541 1540
1540 1540
1540 1540
1540 1373
1540 1541
1540 1540
1540 1540
1542 1543
1543 1543
1543 1543
1543 1542
1543 1543
1543 1543
1542 1544
1544 1544
1544 1544
1544 1542
1544 1544
1544 1544
1545 1545
1545 1545
1545 1545
1545 1545
1544 1542
1543 1542
1374 1542
1542 1542
1542 1542
1542 1374
1542 1543
1542 1544
1542 1542
1542 1542
1546 1546
1546 1546
1546 1546
1546 1546
1547 1547
1547 1547
1547 1547
1547 1547
1375 1548
1548 1548
1548 1548
1548 1375
1548 1548
1548 1548
1549 1549
1549 1549
1549 1549
1549 1549
1376 1550
1550 1550
1550 1550
1550 1376
1550 1550
1550 1550
1551 1551
1551 1551
1551 1551
1551 1551
1552 1552
1552 1552
1552 1552
1552 1552
1553 1553
1553 1553
1553 1553
1553 1553
1554 1554
1554 1554
1554 1554
1554 1554
1555 1555
1555 1555
1555 1555
1555 1555
1556 1556
1556 1556
1556 1556
1556 1556
1557 1557
1557 1557
1557 1557
1557 1557
1558 1559
1559 1559
1559 1559
1559 1558
1559 1559
1559 1559
1559 1558
1558 1558
1558 1558
1558 1559
1558 1558
1558 1558
1377 1560
1378 1560
1560 1560
1560 1560
1560 1377
1560 1378
1560 1560
1560 1560
1379 1561
1561 1561
1561 1561
1561 1379
1561 1561
1561 1561
