2450 2450
2450 2450
2450 2450
2450 2450
2038 2452
2451 2452
2039 2452
2452 2452
2452 2452
2452 2038
2452 2039
2452 2451
2452 2452
2452 2452
2039 2451
2452 2451
2451 2451
2451 2451
2451 2039
2451 2452
2451 2451
2451 2451
2453 2453
2453 2453
2453 2453
2453 2453
2040 2454
2454 2454
2454 2454
2454 2040
2454 2454
2454 2454
2041 2455
2455 2455
2455 2455
2455 2041
2455 2455
2455 2455
2456 2456
2456 2456
2456 2456
2456 2456
2043 2457
2042 2457
2457 2457
2457 2457
2457 2042
2457 2043
2457 2457
2457 2457
2458 2459
2459 2459
2459 2459
2459 2458
2459 2459
2459 2459
2460 2461
2044 2461
2461 2461
2461 2461
2461 2044
2461 2460
2461 2461
2461 2461
2045 2462
2462 2462
2462 2462
2462 2045
2462 2462
2462 2462
2463 2463
2463 2463
2463 2463
2463 2463
2464 2464
2464 2464
2464 2464
2464 2464
2281 2465
2283 2465
2047 2465
2046 2465
2465 2465
2465 2465
2465 2046
2465 2047
2465 2283
2465 2281
2465 2465
2465 2465
2048 2466
2466 2466
2466 2466
2466 2048
2466 2466
2466 2466
2049 2467
2467 2467
2467 2467
2467 2049
2467 2467
2467 2467
2468 2468
2468 2468
2468 2468
2468 2468
2469 2469
2469 2469
2469 2469
2469 2469
2470 2471
2471 2471
2471 2471
2471 2470
2471 2471
2471 2471
2471 2470
2470 2470
2470 2470
2470 2471
2470 2470
2470 2470
2472 2473
2473 2473
2473 2473
2473 2472
2473 2473
2473 2473
2473 2472
2472 2472
2472 2472
2472 2473
2472 2472
2472 2472
2474 2474
2474 2474
2474 2474
2474 2474
2475 2475
2475 2475
2475 2475
2475 2475
2050 2476
2476 2476
2476 2476
2476 2050
2476 2476
2476 2476
2477 2477
2477 2477
2477 2477
2477 2477
2051 2478
2478 2478
2478 2478
2478 2051
2478 2478
2478 2478
2052 2479
2479 2479
2479 2479
2479 2052
2479 2479
2479 2479
2052 2480
2480 2480
2480 2480
2480 2052
2480 2480
2480 2480
2053 2481
2481 2481
2481 2481
2481 2053
2481 2481
2481 2481
2054 2482
2482 2482
2482 2482
2482 2054
2482 2482
2482 2482
2156 2483
2483 2483
2483 2483
2483 2156
2483 2483
2483 2483
2323 2485
2172 2485
2314 2485
2127 2485
2310 2485
2132 2485
2129 2485
2318 2485
2084 2485
2306 2485
2484 2485
2058 2485
2059 2485
2057 2485
2056 2485
2322 2485
2485 2485
2485 2485
2485 2056
2485 2057
2485 2058
2485 2059
2485 2084
2485 2129
2485 2132
2485 2127
2485 2172
2485 2314
2485 2310
2485 2318
2485 2306
2485 2323
2485 2322
2485 2484
2485 2485
2485 2485
2486 2487
2060 2487
2318 2487
2350 2487
2061 2487
2349 2487
2487 2487
2487 2487
2487 2060
2487 2061
2487 2318
2487 2349
2487 2350
2487 2486
2487 2487
2487 2487
2322 2488
2310 2488
2488 2488
2488 2488
2488 2310
2488 2322
2488 2488
2488 2488
2489 2491
2490 2491
2491 2491
2491 2491
2491 2490
2491 2489
2491 2491
2491 2491
2120 2494
2492 2494
2493 2494
2431 2494
2337 2494
2494 2494
2494 2494
2494 2120
2494 2337
2494 2431
2494 2492
2494 2493
2494 2494
2494 2494
2494 2492
2431 2492
2493 2492
2337 2492
2495 2492
2492 2492
2492 2492
2492 2337
2492 2431
2492 2494
2492 2495
2492 2493
2492 2492
2492 2492
2493 2495
2431 2495
2492 2495
2495 2495
2495 2495
2495 2431
2495 2492
2495 2493
2495 2495
2495 2495
2337 2496
2496 2496
2496 2496
2496 2337
2496 2496
2496 2496
2062 2498
2061 2498
1977 2498
2497 2498
1978 2498
2065 2498
2310 2498
2323 2498
2063 2498
2322 2498
2064 2498
2498 2498
2498 2498
2498 2061
2498 1978
2498 2062
2498 1977
2498 2063
2498 2064
2498 2065
2498 2310
2498 2323
2498 2322
2498 2497
2498 2498
2498 2498
2365 2493
2499 2493
2191 2493
2495 2493
2492 2493
2494 2493
2493 2493
2493 2493
2493 2191
2493 2365
2493 2494
2493 2492
2493 2495
2493 2499
2493 2493
2493 2493
2069 2501
2067 2501
2500 2501
2128 2501
2068 2501
2070 2501
2081 2501
2066 2501
2501 2501
2501 2501
2501 2069
2501 2068
2501 2070
2501 2067
2501 2066
2501 2081
2501 2128
2501 2500
2501 2501
2501 2501
2502 2502
2502 2502
2502 2502
2502 2502
2078 2490
2076 2490
2074 2490
2072 2490
2075 2490
2484 2490
2491 2490
2373 2490
1966 2490
2073 2490
2077 2490
2490 2490
2490 2490
2490 1966
2490 2072
2490 2073
2490 2075
2490 2074
2490 2077
2490 2076
2490 2078
2490 2373
2490 2491
2490 2484
2490 2490
2490 2490
2373 2489
2484 2489
2074 2489
2072 2489
2077 2489
2076 2489
2078 2489
2491 2489
2075 2489
2073 2489
1966 2489
2489 2489
2489 2489
2489 1966
2489 2072
2489 2073
2489 2075
2489 2074
2489 2077
2489 2076
2489 2078
2489 2373
2489 2491
2489 2484
2489 2489
2489 2489
2067 2503
2066 2503
2055 2503
2079 2503
2085 2503
2083 2503
2503 2503
2503 2503
2503 2067
2503 2066
2503 2055
2503 2079
2503 2085
2503 2083
2503 2503
2503 2503
2080 2500
2082 2500
2081 2500
2501 2500
2500 2500
2500 2500
2500 2081
2500 2080
2500 2082
2500 2501
2500 2500
2500 2500
2085 2504
2322 2504
2084 2504
2504 2504
2504 2504
2504 2084
2504 2085
2504 2322
2504 2504
2504 2504
2125 2505
2124 2505
2086 2505
2088 2505
2087 2505
2505 2505
2505 2505
2505 2086
2505 2088
2505 2087
2505 2124
2505 2125
2505 2505
2505 2505
2506 2506
2506 2506
2506 2506
2506 2506
2089 2508
2378 2508
2507 2508
2508 2508
2508 2508
2508 2089
2508 2378
2508 2507
2508 2508
2508 2508
2090 2510
2133 2510
2509 2510
2510 2510
2510 2510
2510 2090
2510 2133
2510 2509
2510 2510
2510 2510
2091 2511
2092 2511
2511 2511
2511 2511
2511 2091
2511 2092
2511 2511
2511 2511
2093 2512
2512 2512
2512 2512
2512 2093
2512 2512
2512 2512
2513 2513
2513 2513
2513 2513
2513 2513
2133 2514
2514 2514
2514 2514
2514 2133
2514 2514
2514 2514
2490 2484
2384 2484
2083 2484
1969 2484
2071 2484
2307 2484
2137 2484
2489 2484
2485 2484
1970 2484
2484 2484
2484 2484
2484 2083
2484 1969
2484 2071
2484 1970
2484 2137
2484 2307
2484 2384
2484 2485
2484 2490
2484 2489
2484 2484
2484 2484
2095 2516
2515 2516
2094 2516
2096 2516
2516 2516
2516 2516
2516 2094
2516 2095
2516 2096
2516 2515
2516 2516
2516 2516
2517 2515
2518 2515
2516 2515
2515 2515
2515 2515
2515 2516
2515 2517
2515 2518
2515 2515
2515 2515
2519 2519
2519 2519
2519 2519
2519 2519
2520 2521
2521 2521
2521 2521
2521 2520
2521 2521
2521 2521
2521 2520
2520 2520
2520 2520
2520 2521
2520 2520
2520 2520
2099 2523
2101 2523
2097 2523
2352 2523
2098 2523
2100 2523
2522 2523
2102 2523
2103 2523
2104 2523
2361 2523
2523 2523
2523 2523
2523 2098
2523 2099
2523 2100
2523 2097
2523 2101
2523 2102
2523 2103
2523 2104
2523 2352
2523 2361
2523 2522
2523 2523
2523 2523
2097 2524
2103 2524
2352 2524
2104 2524
2101 2524
2102 2524
2522 2524
2100 2524
2361 2524
2524 2524
2524 2524
2524 2100
2524 2097
2524 2101
2524 2102
2524 2103
2524 2104
2524 2352
2524 2361
2524 2522
2524 2524
2524 2524
2111 2526
2107 2526
2525 2526
2106 2526
2110 2526
2108 2526
2105 2526
2526 2526
2526 2526
2526 2105
2526 2106
2526 2107
2526 2108
2526 2110
2526 2111
2526 2525
2526 2526
2526 2526
2527 2529
2528 2529
2529 2529
2529 2529
2529 2527
2529 2528
2529 2529
2529 2529
2529 2527
2527 2527
2527 2527
2527 2529
2527 2527
2527 2527
2529 2528
2528 2528
2528 2528
2528 2529
2528 2528
2528 2528
2429 2531
2530 2531
2531 2531
2531 2531
2531 2429
2531 2530
2531 2531
2531 2531
2112 2532
2532 2532
2532 2532
2532 2112
2532 2532
2532 2532
2533 2533
2533 2533
2533 2533
2533 2533
2534 2534
2534 2534
2534 2534
2534 2534
2508 2507
2114 2507
2113 2507
2116 2507
2115 2507
2507 2507
2507 2507
2507 2113
2507 2114
2507 2115
2507 2116
2507 2508
2507 2507
2507 2507
2353 2535
2321 2535
2351 2535
2117 2535
2499 2535
2535 2535
2535 2535
2535 2117
2535 2321
2535 2351
2535 2353
2535 2499
2535 2535
2535 2535
2321 2536
2499 2536
2351 2536
2353 2536
2536 2536
2536 2536
2536 2321
2536 2351
2536 2353
2536 2499
2536 2536
2536 2536
2523 2522
2118 2522
2524 2522
2522 2522
2522 2522
2522 2118
2522 2523
2522 2524
2522 2522
2522 2522
2120 2538
2537 2538
2538 2538
2538 2538
2538 2120
2538 2537
2538 2538
2538 2538
2121 2539
2539 2539
2539 2539
2539 2121
2539 2539
2539 2539
2538 2537
2122 2537
2537 2537
2537 2537
2537 2122
2537 2538
2537 2537
2537 2537
2123 2540
2540 2540
2540 2540
2540 2123
2540 2540
2540 2540
2526 2525
2499 2525
2525 2525
2525 2525
2525 2526
2525 2499
2525 2525
2525 2525
2325 2542
2322 2542
2315 2542
2320 2542
2541 2542
2124 2542
2125 2542
2126 2542
2542 2542
2542 2542
2542 2124
2542 2125
2542 2126
2542 2320
2542 2315
2542 2325
2542 2322
2542 2541
2542 2542
2542 2542
2314 2543
2131 2543
2129 2543
2132 2543
2172 2543
2128 2543
2543 2543
2543 2543
2543 2129
2543 2128
2543 2131
2543 2132
2543 2172
2543 2314
2543 2543
2543 2543
2134 2509
2510 2509
2133 2509
2509 2509
2509 2509
2509 2133
2509 2134
2509 2510
2509 2509
2509 2509
2544 2545
2136 2545
2135 2545
2130 2545
2545 2545
2545 2545
2545 2130
2545 2135
2545 2136
2545 2544
2545 2545
2545 2545
2136 2544
2545 2544
2544 2544
2544 2544
2544 2136
2544 2545
2544 2544
2544 2544
2137 2546
2546 2546
2546 2546
2546 2137
2546 2546
2546 2546
2138 2548
2547 2548
2548 2548
2548 2548
2548 2138
2548 2547
2548 2548
2548 2548
2548 2547
2547 2547
2547 2547
2547 2548
2547 2547
2547 2547
2140 2549
2141 2549
2142 2549
2143 2549
2139 2549
2549 2549
2549 2549
2549 2139
2549 2140
2549 2141
2549 2142
2549 2143
2549 2549
2549 2549
2550 2551
2551 2551
2551 2551
2551 2550
2551 2551
2551 2551
2552 2552
2552 2552
2552 2552
2552 2552
2309 2555
2308 2555
2541 2555
2486 2555
2553 2555
2149 2555
2322 2555
2150 2555
2148 2555
2127 2555
2324 2555
2151 2555
2316 2555
2145 2555
2317 2555
2554 2555
2152 2555
2187 2555
2555 2555
2555 2555
2555 2127
2555 2145
2555 2149
2555 2150
2555 2151
2555 2152
2555 2148
2555 2187
2555 2317
2555 2316
2555 2324
2555 2309
2555 2322
2555 2308
2555 2541
2555 2486
2555 2553
2555 2554
2555 2555
2555 2555
2146 2541
2148 2541
2542 2541
2486 2541
2320 2541
2555 2541
2556 2541
2541 2541
2541 2541
2541 2146
2541 2148
2541 2320
2541 2542
2541 2555
2541 2486
2541 2556
2541 2541
2541 2541
2555 2486
2541 2486
2152 2486
2487 2486
2557 2486
2556 2486
2486 2486
2486 2486
2486 2152
2486 2487
2486 2555
2486 2541
2486 2557
2486 2556
2486 2486
2486 2486
2555 2553
2556 2553
2557 2553
2318 2553
2553 2553
2553 2553
2553 2318
2553 2555
2553 2557
2553 2556
2553 2553
2553 2553
2119 2499
2535 2499
2536 2499
2525 2499
2493 2499
2499 2499
2499 2499
2499 2119
2499 2493
2499 2535
2499 2536
2499 2525
2499 2499
2499 2499
2154 2559
2155 2559
2153 2559
2558 2559
2559 2559
2559 2559
2559 2154
2559 2155
2559 2153
2559 2558
2559 2559
2559 2559
2447 2560
2156 2560
2560 2560
2560 2560
2560 2156
2560 2447
2560 2560
2560 2560
2558 2561
2561 2561
2561 2561
2561 2558
2561 2561
2561 2561
2562 2562
2562 2562
2562 2562
2562 2562
2563 2563
2563 2563
2563 2563
2563 2563
2157 2564
2158 2564
2564 2564
2564 2564
2564 2157
2564 2158
2564 2564
2564 2564
2561 2558
2559 2558
2558 2558
2558 2558
2558 2559
2558 2561
2558 2558
2558 2558
2515 2517
2517 2517
2517 2517
2517 2515
2517 2517
2517 2517
2565 2565
2565 2565
2565 2565
2565 2565
2566 2566
2566 2566
2566 2566
2566 2566
2567 2567
2567 2567
2567 2567
2567 2567
2568 2569
2569 2569
2569 2569
2569 2568
2569 2569
2569 2569
2159 2570
2570 2570
2570 2570
2570 2159
2570 2570
2570 2570
2569 2568
2568 2568
2568 2568
2568 2569
2568 2568
2568 2568
2571 2571
2571 2571
2571 2571
2571 2571
2572 2572
2572 2572
2572 2572
2572 2572
2161 2573
2160 2573
2573 2573
2573 2573
2573 2160
2573 2161
2573 2573
2573 2573
2251 2574
2162 2574
2574 2574
2574 2574
2574 2162
2574 2251
2574 2574
2574 2574
2163 2575
2164 2575
2165 2575
2575 2575
2575 2575
2575 2164
2575 2163
2575 2165
2575 2575
2575 2575
2576 2576
2576 2576
2576 2576
2576 2576
2515 2518
2169 2518
2168 2518
2170 2518
2167 2518
2171 2518
2518 2518
2518 2518
2518 2167
2518 2168
2518 2169
2518 2170
2518 2171
2518 2515
2518 2518
2518 2518
2577 2577
2577 2577
2577 2577
2577 2577
2578 2578
2578 2578
2578 2578
2578 2578
2486 2557
2554 2557
2553 2557
2557 2557
2557 2557
2557 2486
2557 2553
2557 2554
2557 2557
2557 2557
2184 2556
2541 2556
2308 2556
2172 2556
2173 2556
2144 2556
2579 2556
2580 2556
2174 2556
2553 2556
2342 2556
2178 2556
2486 2556
2324 2556
2177 2556
2369 2556
2309 2556
2581 2556
2187 2556
2556 2556
2556 2556
2556 2172
2556 2173
2556 2144
2556 2174
2556 2178
2556 2177
2556 2184
2556 2187
2556 2324
2556 2342
2556 2309
2556 2308
2556 2369
2556 2541
2556 2486
2556 2553
2556 2580
2556 2579
2556 2581
2556 2556
2556 2556
2579 2584
2322 2584
2318 2584
2582 2584
2182 2584
2184 2584
2323 2584
2581 2584
2319 2584
2181 2584
2178 2584
2185 2584
2175 2584
2583 2584
2584 2584
2584 2584
2584 2175
2584 2182
2584 2178
2584 2185
2584 2184
2584 2181
2584 2318
2584 2319
2584 2323
2584 2322
2584 2579
2584 2582
2584 2581
2584 2583
2584 2584
2584 2584
2322 2580
2583 2580
2556 2580
2184 2580
2579 2580
2319 2580
2177 2580
2318 2580
2585 2580
2178 2580
2182 2580
2581 2580
2580 2580
2580 2580
2580 2182
2580 2178
2580 2177
2580 2184
2580 2318
2580 2319
2580 2322
2580 2556
2580 2579
2580 2585
2580 2581
2580 2583
2580 2580
2580 2580
2584 2579
2178 2579
2582 2579
2586 2579
2583 2579
2556 2579
2587 2579
2581 2579
2184 2579
2588 2579
2318 2579
2580 2579
2177 2579
2585 2579
2579 2579
2579 2579
2579 2178
2579 2177
2579 2184
2579 2318
2579 2556
2579 2584
2579 2580
2579 2582
2579 2587
2579 2586
2579 2588
2579 2585
2579 2581
2579 2583
2579 2579
2579 2579
2581 2582
2183 2582
2584 2582
2184 2582
2319 2582
2181 2582
2530 2582
2587 2582
2185 2582
2322 2582
2579 2582
2588 2582
2586 2582
2582 2582
2582 2582
2582 2183
2582 2185
2582 2184
2582 2181
2582 2319
2582 2322
2582 2584
2582 2579
2582 2587
2582 2586
2582 2530
2582 2588
2582 2581
2582 2582
2582 2582
2581 2587
2318 2587
2319 2587
2322 2587
2585 2587
2583 2587
2582 2587
2178 2587
2579 2587
2181 2587
2177 2587
2184 2587
2587 2587
2587 2587
2587 2178
2587 2177
2587 2184
2587 2181
2587 2318
2587 2319
2587 2322
2587 2579
2587 2582
2587 2585
2587 2581
2587 2583
2587 2587
2587 2587
2581 2586
2181 2586
2579 2586
2184 2586
2582 2586
2319 2586
2178 2586
2179 2586
2318 2586
2177 2586
2148 2586
2586 2586
2586 2586
2586 2148
2586 2179
2586 2178
2586 2177
2586 2184
2586 2181
2586 2318
2586 2319
2586 2579
2586 2582
2586 2581
2586 2586
2586 2586
2176 2554
2318 2554
2557 2554
2317 2554
2555 2554
2316 2554
2319 2554
2375 2554
2322 2554
2554 2554
2554 2554
2554 2176
2554 2318
2554 2319
2554 2317
2554 2316
2554 2322
2554 2375
2554 2555
2554 2557
2554 2554
2554 2554
2531 2530
2582 2530
2318 2530
2184 2530
2581 2530
2181 2530
2319 2530
2323 2530
2322 2530
2530 2530
2530 2530
2530 2184
2530 2181
2530 2318
2530 2319
2530 2323
2530 2322
2530 2531
2530 2582
2530 2581
2530 2530
2530 2530
2319 2588
2581 2588
2179 2588
2148 2588
2318 2588
2582 2588
2184 2588
2579 2588
2181 2588
2588 2588
2588 2588
2588 2148
2588 2179
2588 2184
2588 2181
2588 2318
2588 2319
2588 2579
2588 2582
2588 2581
2588 2588
2588 2588
2183 2585
2587 2585
2580 2585
2579 2585
2319 2585
2180 2585
2184 2585
2581 2585
2585 2585
2585 2585
2585 2180
2585 2183
2585 2184
2585 2319
2585 2580
2585 2579
2585 2587
2585 2581
2585 2585
2585 2585
2147 2589
2183 2589
2186 2589
2181 2589
2319 2589
2182 2589
2589 2589
2589 2589
2589 2147
2589 2182
2589 2183
2589 2181
2589 2186
2589 2319
2589 2589
2589 2589
2319 2590
2348 2590
2583 2590
2590 2590
2590 2590
2590 2319
2590 2348
2590 2583
2590 2590
2590 2590
2318 2581
2587 2581
2586 2581
2184 2581
2584 2581
2579 2581
2185 2581
2580 2581
2556 2581
2585 2581
2177 2581
2530 2581
2178 2581
2588 2581
2582 2581
2581 2581
2581 2581
2581 2178
2581 2177
2581 2185
2581 2184
2581 2318
2581 2556
2581 2584
2581 2580
2581 2579
2581 2582
2581 2587
2581 2586
2581 2530
2581 2588
2581 2585
2581 2581
2581 2581
2579 2583
2580 2583
2181 2583
2584 2583
2184 2583
2187 2583
2188 2583
2590 2583
2587 2583
2186 2583
2583 2583
2583 2583
2583 2184
2583 2181
2583 2187
2583 2186
2583 2188
2583 2584
2583 2580
2583 2579
2583 2587
2583 2590
2583 2583
2583 2583
2591 2591
2591 2591
2591 2591
2591 2591
2592 2592
2592 2592
2592 2592
2592 2592
2593 2593
2593 2593
2593 2593
2593 2593
2594 2594
2594 2594
2594 2594
2594 2594
2189 2595
2190 2595
2595 2595
2595 2595
2595 2190
2595 2189
2595 2595
2595 2595
2596 2596
2596 2596
2596 2596
2596 2596
2498 2497
2365 2497
2192 2497
2597 2497
2191 2497
2497 2497
2497 2497
2497 2191
2497 2192
2497 2365
2497 2498
2497 2597
2497 2497
2497 2497
2497 2597
2371 2597
2597 2597
2597 2597
2597 2371
2597 2497
2597 2597
2597 2597
2551 2550
2550 2550
2550 2550
2550 2551
2550 2550
2550 2550
2598 2598
2598 2598
2598 2598
2598 2598
2599 2460
2600 2460
2461 2460
2458 2460
2460 2460
2460 2460
2460 2461
2460 2458
2460 2600
2460 2599
2460 2460
2460 2460
2166 2458
2600 2458
2460 2458
2459 2458
2458 2458
2458 2458
2458 2166
2458 2459
2458 2460
2458 2600
2458 2458
2458 2458
2458 2600
2460 2600
2600 2600
2600 2600
2600 2460
2600 2458
2600 2600
2600 2600
2460 2599
2193 2599
2599 2599
2599 2599
2599 2193
2599 2460
2599 2599
2599 2599
2195 2601
2194 2601
2601 2601
2601 2601
2601 2194
2601 2195
2601 2601
2601 2601
2602 2603
2196 2603
2262 2603
2197 2603
2603 2603
2603 2603
2603 2196
2603 2197
2603 2262
2603 2602
2603 2603
2603 2603
2303 2604
2604 2604
2604 2604
2604 2303
2604 2604
2604 2604
2605 2605
2605 2605
2605 2605
2605 2605
2606 2606
2606 2606
2606 2606
2606 2606
2607 2607
2607 2607
2607 2607
2607 2607
2198 2608
2608 2608
2608 2608
2608 2198
2608 2608
2608 2608
2609 2609
2609 2609
2609 2609
2609 2609
2199 2610
2610 2610
2610 2610
2610 2199
2610 2610
2610 2610
2205 2611
2227 2611
2200 2611
2228 2611
2278 2611
2611 2611
2611 2611
2611 2200
2611 2205
2611 2227
2611 2228
2611 2278
2611 2611
2611 2611
2202 2612
2301 2612
2201 2612
2205 2612
2612 2612
2612 2612
2612 2202
2612 2201
2612 2205
2612 2301
2612 2612
2612 2612
2205 2613
2203 2613
2201 2613
2202 2613
2613 2613
2613 2613
2613 2202
2613 2201
2613 2203
2613 2205
2613 2613
2613 2613
2614 2615
2615 2615
2615 2615
2615 2614
2615 2615
2615 2615
2205 2616
2616 2616
2616 2616
2616 2205
2616 2616
2616 2616
2204 2617
2617 2617
2617 2617
2617 2204
2617 2617
2617 2617
2205 2618
2618 2618
2618 2618
2618 2205
2618 2618
2618 2618
2205 2619
2619 2619
2619 2619
2619 2205
2619 2619
2619 2619
2205 2620
2620 2620
2620 2620
2620 2205
2620 2620
2620 2620
2621 2622
2206 2622
2213 2622
2226 2622
2622 2622
2622 2622
2622 2206
2622 2213
2622 2226
2622 2621
2622 2622
2622 2622
2213 2625
2623 2625
2624 2625
2208 2625
2207 2625
2625 2625
2625 2625
2625 2208
2625 2207
2625 2213
2625 2623
2625 2624
2625 2625
2625 2625
2213 2623
2625 2623
2209 2623
2621 2623
2623 2623
2623 2623
2623 2209
2623 2213
2623 2625
2623 2621
2623 2623
2623 2623
2212 2627
2626 2627
2211 2627
2210 2627
2627 2627
2627 2627
2627 2210
2627 2211
2627 2212
2627 2626
2627 2627
2627 2627
2213 2621
2622 2621
2628 2621
2623 2621
2621 2621
2621 2621
2621 2213
2621 2622
2621 2623
2621 2628
2621 2621
2621 2621
2279 2629
2629 2629
2629 2629
2629 2279
2629 2629
2629 2629
2625 2624
2624 2624
2624 2624
2624 2625
2624 2624
2624 2624
2621 2628
2628 2628
2628 2628
2628 2621
2628 2628
2628 2628
2215 2632
2630 2632
2631 2632
2214 2632
2632 2632
2632 2632
2632 2214
2632 2215
2632 2630
2632 2631
2632 2632
2632 2632
2603 2602
2602 2602
2602 2602
2602 2603
2602 2602
2602 2602
2216 2633
2633 2633
2633 2633
2633 2216
2633 2633
2633 2633
2627 2626
2626 2626
2626 2626
2626 2627
2626 2626
2626 2626
2634 2635
2409 2635
2635 2635
2635 2635
2635 2409
2635 2634
2635 2635
2635 2635
2635 2634
2409 2634
2634 2634
2634 2634
2634 2409
2634 2635
2634 2634
2634 2634
2615 2614
2614 2614
2614 2614
2614 2615
2614 2614
2614 2614
2636 2637
2221 2637
2637 2637
2637 2637
2637 2221
2637 2636
2637 2637
2637 2637
2638 2638
2638 2638
2638 2638
2638 2638
2217 2630
2632 2630
2631 2630
2630 2630
2630 2630
2630 2217
2630 2632
2630 2631
2630 2630
2630 2630
2632 2631
2630 2631
2218 2631
2631 2631
2631 2631
2631 2218
2631 2632
2631 2630
2631 2631
2631 2631
2219 2639
2220 2639
2229 2639
2639 2639
2639 2639
2639 2219
2639 2220
2639 2229
2639 2639
2639 2639
2640 2640
2640 2640
2640 2640
2640 2640
2221 2636
2637 2636
2636 2636
2636 2636
2636 2221
2636 2637
2636 2636
2636 2636
2288 2641
2223 2641
2222 2641
2641 2641
2641 2641
2641 2222
2641 2223
2641 2288
2641 2641
2641 2641
