0 2
1 3
2 1
3 0
4 6
5 5
6 4
7 7
8 8
9 9
10 10
11 11
12 12
13 13
14 14
15 15
16 16
17 17
18 18
19 19
20 20
21 21
22 22
23 23
24 25
25 26
26 24
27 27
28 28
29 29
30 30
31 31
32 32
33 33
34 35
35 36
36 34
37 39
38 38
39 37
40 40
41 41
42 42
43 43
44 46
45 45
46 44
47 47
48 48
49 49
50 50
51 51
52 52
53 53
54 54
55 55
56 57
57 59
58 56
59 61
60 60
61 58
62 62
63 63
64 64
65 65
66 67
67 68
68 66
69 69
70 71
71 72
72 70
73 73
74 74
75 75
76 77
77 78
78 76
79 79
80 80
81 81
82 84
83 83
84 82
85 85
86 86
87 87
88 88
89 90
90 91
91 89
92 92
93 96
94 94
95 95
96 93
97 97
98 98
99 99
100 100
101 101
102 102
103 105
104 104
105 103
106 106
107 108
108 109
109 107
110 110
111 112
112 111
113 114
114 113
115 115
116 116
117 118
118 119
119 117
120 120
121 122
122 121
123 124
124 123
125 126
126 125
127 128
128 127
129 130
130 129
131 131
132 133
133 132
134 134
135 136
136 135
137 137
138 139
139 138
140 141
141 140
142 143
143 144
144 142
145 145
146 147
147 146
148 150
149 149
150 148
151 151
152 152
153 153
154 155
155 156
156 154
157 157
158 159
159 158
160 160
161 162
162 161
163 164
164 163
165 166
166 165
167 168
168 167
169 170
170 169
171 172
172 171
173 174
174 173
175 176
176 175
177 178
178 177
179 180
180 179
181 182
182 181
183 183
184 184
185 186
186 185
187 188
188 187
189 190
190 189
191 192
192 191
193 194
194 193
195 196
196 195
197 198
198 197
199 200
200 199
201 202
202 201
203 204
204 205
205 203
206 206
207 207
208 209
209 208
210 211
211 210
212 212
213 214
214 213
215 216
216 215
217 218
218 217
219 220
220 219
221 221
222 223
223 222
224 224
225 227
226 226
227 225
228 228
229 229
230 230
231 232
232 233
233 231
234 235
235 234
236 236
237 238
238 237
239 240
240 239
241 242
242 241
243 244
244 243
245 245
246 247
247 246
248 249
249 248
250 251
251 250
252 253
253 252
254 255
255 254
256 256
257 258
258 257
259 260
260 259
261 261
262 262
263 264
264 263
265 265
266 266
267 268
268 267
269 270
270 269
271 272
272 271
273 274
274 273
275 276
276 275
277 278
278 277
279 280
280 279
281 282
282 281
283 284
284 283
285 286
286 285
287 288
288 287
289 289
290 291
291 290
292 293
293 292
294 296
295 294
296 295
297 297
298 301
299 298
300 299
301 300
302 302
303 303
304 304
305 305
306 306
307 308
308 307
309 309
310 311
311 310
312 313
313 312
314 315
315 314
316 316
317 318
318 317
319 320
320 319
321 322
322 321
323 324
324 323
325 326
326 325
327 328
328 327
329 330
330 329
331 331
332 333
333 332
334 334
335 336
336 335
337 338
338 337
339 339
340 341
341 340
342 343
343 342
344 345
345 344
346 347
347 346
348 351
349 350
350 348
351 352
352 349
353 353
354 356
355 354
356 355
357 357
358 359
359 358
360 361
361 360
362 363
363 362
364 364
365 365
366 367
367 366
368 369
369 368
370 371
371 370
372 372
373 375
374 373
375 374
376 376
377 378
378 377
379 379
380 381
381 380
382 383
383 382
384 385
385 384
386 387
387 386
388 388
389 390
390 389
391 392
392 391
393 394
394 393
395 396
396 395
397 399
398 397
399 398
400 400
401 401
402 403
403 402
404 405
405 404
406 407
407 406
408 409
409 408
410 411
411 410
412 413
413 412
414 415
415 414
416 417
417 416
418 419
419 418
420 421
421 420
422 422
423 424
424 423
425 427
426 426
427 425
428 428
429 431
430 430
431 429
432 432
433 434
434 433
435 436
436 435
437 437
438 439
439 438
440 441
441 440
442 443
443 442
444 445
445 446
446 444
447 447
448 449
449 448
450 450
451 452
452 451
453 454
454 453
455 456
456 455
457 458
458 457
459 459
460 461
461 462
462 460
463 463
464 465
465 464
466 466
467 468
468 467
469 470
470 469
471 472
472 471
473 473
474 475
475 474
476 477
477 476
478 478
479 480
480 479
481 481
482 483
483 482
484 484
485 485
486 486
487 488
488 487
489 490
490 489
491 492
492 491
493 494
494 493
495 497
496 495
497 496
498 498
499 499
500 501
501 500
502 503
503 502
504 505
505 504
506 507
507 506
508 508
509 510
510 509
511 512
512 511
513 513
514 515
515 514
516 517
517 516
518 518
519 520
520 519
521 522
522 521
523 524
524 523
525 526
526 525
527 530
528 527
529 528
530 529
531 531
532 533
533 532
534 535
535 534
536 537
537 536
538 540
539 539
540 538
541 541
542 543
543 542
544 545
545 544
546 547
547 546
548 548
549 550
550 549
551 552
552 551
553 554
554 553
555 556
556 555
557 557
558 559
559 558
560 561
561 560
562 563
563 562
564 565
565 564
566 566
567 567
568 569
569 568
570 571
571 570
572 573
573 572
574 574
575 576
576 575
577 578
578 579
579 577
580 580
581 582
582 581
583 584
584 583
585 586
586 585
587 587
588 589
589 588
590 591
591 590
592 593
593 592
594 594
595 595
596 597
597 596
598 599
599 598
600 601
601 600
602 603
603 605
604 602
605 606
606 607
607 604
608 608
609 609
610 610
611 611
612 613
613 612
614 615
615 614
616 617
617 616
618 618
619 620
620 619
621 621
622 624
623 622
624 623
625 626
626 625
627 629
628 627
629 628
630 630
631 632
632 631
633 633
634 636
635 634
636 635
637 637
638 639
639 638
640 640
641 642
642 641
643 644
644 643
645 646
646 645
647 651
648 647
649 652
650 648
651 653
652 649
653 654
654 650
655 656
656 657
657 658
658 655
659 659
660 660
661 662
662 661
663 663
664 665
665 664
666 667
667 666
668 668
669 670
670 669
671 672
672 671
673 676
674 673
675 674
676 675
677 677
678 679
679 678
680 681
681 680
682 683
683 682
684 685
685 684
686 687
687 686
688 688
689 691
690 689
691 692
692 690
693 693
694 694
695 695
696 697
697 696
698 699
699 698
700 701
701 700
702 702
703 704
704 706
705 703
706 705
707 707
708 709
709 708
710 711
711 710
712 713
713 712
714 715
715 714
716 718
717 716
718 717
719 719
720 722
721 720
722 721
723 723
724 725
725 724
726 727
727 726
728 729
729 728
730 730
731 732
732 731
733 734
734 733
735 736
736 735
737 737
738 739
739 738
740 740
741 742
742 741
743 744
744 745
745 743
746 750
747 747
748 746
749 748
750 749
751 751
752 755
753 752
754 756
755 753
756 757
757 754
758 759
759 758
760 760
761 762
762 761
763 764
764 763
765 766
766 765
767 768
768 767
769 769
770 773
771 770
772 771
773 774
774 772
775 775
776 776
777 777
778 778
779 780
780 779
781 782
782 781
783 783
784 786
785 784
786 785
787 787
788 789
789 788
790 791
791 790
792 793
793 792
794 795
795 794
796 797
797 796
798 799
799 798
800 800
801 802
802 801
803 804
804 803
805 806
806 805
807 808
808 807
809 810
810 809
811 812
812 811
813 814
814 813
815 816
816 815
817 818
818 817
819 819
820 821
821 820
822 822
823 824
824 823
825 826
826 825
827 828
828 827
829 830
830 829
831 831
832 833
833 832
834 845
835 835
836 834
837 836
838 837
839 838
840 839
841 840
842 846
843 841
844 847
845 842
846 848
847 843
848 844
849 849
850 850
851 851
852 853
853 852
854 855
855 854
856 857
857 856
858 859
859 858
860 861
861 860
862 862
863 866
864 865
865 864
866 863
867 869
868 867
869 868
870 870
871 872
872 871
873 874
874 873
875 876
876 875
877 879
878 877
879 881
880 880
881 878
882 882
883 884
884 883
885 885
886 886
887 892
888 891
889 887
890 888
891 893
892 889
893 890
894 894
895 895
896 896
897 897
898 899
899 898
900 901
901 900
902 902
903 904
904 903
905 907
906 910
907 906
908 905
909 908
910 909
911 911
912 913
913 912
914 914
915 916
916 915
917 918
918 917
919 920
920 919
921 922
922 921
923 924
924 923
925 926
926 925
927 927
928 929
929 928
930 931
931 930
932 933
933 932
934 935
935 934
936 936
937 937
938 939
939 938
940 942
941 940
942 941
943 943
944 945
945 944
946 947
947 946
948 949
949 948
950 950
951 951
952 954
953 955
954 953
955 952
956 956
957 958
958 957
959 960
960 959
961 962
962 961
963 964
964 963
965 966
966 965
967 968
968 967
969 970
970 969
971 972
972 971
973 974
974 973
975 976
976 975
977 978
978 977
979 980
980 979
981 982
982 981
983 984
984 983
985 986
986 985
987 987
988 989
989 988
990 991
991 990
992 993
993 992
994 995
995 994
996 996
997 997
998 999
999 998
1000 1001
1001 1000
1002 1002
1003 1005
1004 1003
1005 1006
1006 1004
1007 1007
1008 1009
1009 1008
1010 1010
1011 1013
1012 1011
1013 1012
1014 1014
1015 1017
1016 1015
1017 1016
1018 1018
1019 1020
1020 1019
1021 1022
1022 1021
1023 1024
1024 1023
1025 1025
1026 1027
1027 1026
1028 1029
1029 1030
1030 1028
1031 1031
1032 1033
1033 1032
1034 1035
1035 1034
1036 1038
1037 1036
1038 1037
1039 1039
1040 1041
1041 1040
1042 1043
1043 1042
1044 1044
1045 1046
1046 1045
1047 1048
1048 1047
1049 1049
1050 1051
1051 1050
1052 1052
1053 1053
1054 1055
1055 1054
1056 1057
1057 1056
1058 1059
1059 1058
1060 1061
1061 1060
1062 1063
1063 1062
1064 1065
1065 1064
1066 1067
1067 1066
1068 1069
1069 1068
1070 1071
1071 1070
1072 1074
1073 1072
1074 1073
1075 1077
1076 1076
1077 1081
1078 1079
1079 1080
1080 1078
1081 1082
1082 1083
1083 1085
1084 1084
1085 1087
1086 1086
1087 1088
1088 1089
1089 1090
1090 1092
1091 1091
1092 1094
1093 1093
1094 1096
1095 1095
1096 1098
1097 1097
1098 1102
1099 1099
1100 1100
1101 1101
1102 1103
1103 1105
1104 1104
1105 1107
1106 1106
1107 1108
1108 1110
1109 1109
1110 1112
1111 1111
1112 1114
1113 1113
1114 1116
1115 1115
1116 1118
1117 1117
1118 1120
1119 1119
1120 1122
1121 1121
1122 1124
1123 1123
1124 1128
1125 1125
1126 1126
1127 1127
1128 1129
1129 1130
1130 1132
1131 1131
1132 1134
1133 1133
1134 1137
1135 1135
1136 1136
1137 1138
1138 1139
1139 1141
1140 1140
1141 1143
1142 1142
1143 1145
1144 1144
1145 1147
1146 1146
1147 1149
1148 1148
1149 1153
1150 1150
1151 1154
1152 1151
1153 1152
1154 1155
1155 1156
1156 1158
1157 1157
1158 1163
1159 1160
1160 1161
1161 1162
1162 1164
1163 1166
1164 1165
1165 1168
1166 1167
1167 1170
1168 1169
1169 1172
1170 1171
1171 1173
1172 1175
1173 1174
1174 1177
1175 1176
1176 1179
1177 1178
1178 1181
1179 1180
1180 1183
1181 1182
1182 1185
1183 1184
1184 1186
1185 1187
1186 1190
1187 1193
1188 1188
1189 1195
1190 1189
1191 1191
1192 1196
1193 1192
1194 1194
1195 1197
1196 1198
1197 1199
1198 1200
1199 1202
1200 1201
1201 1204
1202 1203
1203 1207
1204 1205
1205 1209
1206 1206
1207 1214
1208 1215
1209 1208
1210 1217
1211 1218
1212 1210
1213 1211
1214 1219
1215 1212
1216 1220
1217 1213
1218 1225
1219 1216
1220 1228
1221 1230
1222 1231
1223 1221
1224 1235
1225 1222
1226 1237
1227 1223
1228 1224
1229 1227
1230 1226
1231 1238
1232 1241
1233 1249
1234 1229
1235 1232
1236 1233
1237 1234
1238 1236
1239 1239
1240 1240
1241 1242
1242 1243
1243 1244
1244 1246
1245 1245
1246 1247
1247 1248
1248 1306
1249 1251
1250 1309
1251 1252
1252 1253
1253 1311
1254 1254
1255 1313
1256 1255
1257 1256
1258 1317
1259 1257
1260 1258
1261 1318
1262 1259
1263 1321
1264 1260
1265 1261
1266 1262
1267 1323
1268 1263
1269 1324
1270 1264
1271 1330
1272 1265
1273 1331
1274 1266
1275 1346
1276 1267
1277 1268
1278 1342
1279 1347
1280 1269
1281 1270
1282 1271
1283 1272
1284 1273
1285 1274
1286 1275
1287 1329
1288 1276
1289 1277
1290 1278
1291 1279
1292 1280
1293 1282
1294 1281
1295 1283
1296 1284
1297 1285
1298 1287
1299 1286
1300 1288
1301 1289
1302 1290
1303 1291
1304 1292
1305 1293
1306 1294
1307 1295
1308 1297
1309 1296
1310 1298
1311 1299
1312 1300
1313 1301
1314 1302
1315 1303
1316 1304
1317 1305
1318 1307
1319 1308
1320 1312
1321 1310
1322 1314
1323 1315
1324 1316
1325 1319
1326 1320
1327 1322
1328 1326
1329 1325
1330 1327
1331 1328
1332 1332
1333 1333
1334 1345
1335 1334
1336 1336
1337 1335
1338 1337
1339 1339
1340 1343
1341 1338
1342 1340
1343 1341
1344 1344
1345 1349
1346 1351
1347 1350
1348 1352
1349 1353
1350 1354
1351 1355
1352 1356
1353 1357
1354 1359
1355 1360
1356 1358
1357 1361
1358 1364
1359 1362
1360 1363
1361 1365
1362 1366
1363 1452
1364 1451
1365 1367
1366 1370
1367 1368
1368 1369
1369 1425
1370 1371
1371 1372
1372 1373
1373 1374
1374 1375
1375 1376
1376 1377
1377 1378
1378 1379
1379 1380
1380 1381
1381 1382
1382 1383
1383 1384
1384 1387
1385 1388
1386 1386
1387 1385
1388 1389
1389 1391
1390 1390
1391 1392
1392 1393
1393 1394
1394 1395
1395 1396
1396 1397
1397 1398
1398 1399
1399 1400
1400 1401
1401 1402
1402 1403
1403 1404
1404 1405
1405 1406
1406 1407
1407 1409
1408 1408
1409 1410
1410 1411
1411 1412
1412 1413
1413 1414
1414 1415
1415 1416
1416 1417
1417 1418
1418 1419
1419 1420
1420 1421
1421 1423
1422 1422
1423 1424
1424 1426
1425 1428
1426 1429
1427 1427
1428 1430
1429 1431
1430 1432
1431 1433
1432 1434
1433 1435
1434 1436
1435 1442
1436 1437
1437 1438
1438 1439
1439 1440
1440 1441
1441 1443
1442 1446
1443 1447
1444 1444
1445 1445
1446 1448
1447 1449
1448 1450
1449 1454
1450 1455
1451 1457
1452 1456
1453 1460
1454 1458
1455 1459
1456 1531
1457 1461
1458 1462
1459 1464
1460 1463
1461 1465
1462 1466
1463 1467
1464 1468
1465 1469
1466 1470
1467 1471
1468 1472
1469 1473
1470 1474
1471 1475
1472 1476
1473 1477
1474 1478
1475 1479
1476 1480
1477 1482
1478 1481
1479 1484
1480 1483
1481 1485
1482 1489
1483 1487
1484 1500
1485 1490
1486 1495
1487 1499
1488 1494
1489 1491
1490 1488
1491 1486
1492 1492
1493 1493
1494 1496
1495 1497
1496 1498
1497 1501
1498 1502
1499 1503
1500 1504
1501 1505
1502 1506
1503 1507
1504 1508
1505 1509
1506 1510
1507 1511
1508 1512
1509 1513
1510 1515
1511 1514
1512 1516
1513 1517
1514 1518
1515 1519
1516 1520
1517 1521
1518 1522
1519 1523
1520 1524
1521 1525
1522 1526
1523 1527
1524 1528
1525 1536
1526 1535
1527 1529
1528 1540
1529 1530
1530 1541
1531 1532
1532 1533
1533 1534
1534 1537
1535 1538
1536 1539
1537 1543
1538 1542
1539 1544
1540 1546
1541 1545
1542 1550
1543 1547
1544 1548
1545 1549
1546 1551
1547 1552
1548 1553
1549 1554
1550 1555
1551 1556
1552 1557
1553 1558
1554 1559
1555 1560
1556 1561
1557 1562
1558 1564
1559 1563
1560 1565
1561 1566
1562 1568
1563 1625
1564 1569
1565 1570
1566 1571
1567 1572
1568 1573
1569 1574
1570 1575
1571 1576
1572 1578
1573 1581
1574 1577
1575 1579
1576 1582
1577 1580
1578 1583
1579 1584
1580 1585
1581 1590
1582 1586
1583 1587
1584 1589
1585 1588
1586 1591
1587 1592
1588 1593
1589 1686
1590 1594
1591 1595
1592 1596
1593 1597
1594 1598
1595 1600
1596 1599
1597 1601
1598 1602
1599 1603
1600 1604
1601 1605
1602 1606
1603 1607
1604 1609
1605 1608
1606 1610
1607 1611
1608 1612
1609 1613
1610 1614
1611 1615
1612 1617
1613 1616
1614 1619
1615 1618
1616 1620
1617 1669
1618 1621
1619 1622
1620 1623
1621 1624
1622 1626
1623 1627
1624 1628
1625 1629
1626 1630
1627 1631
1628 1633
1629 1632
1630 1634
1631 1635
1632 1636
1633 1658
1634 1637
1635 1638
1636 1639
1637 1640
1638 1641
1639 1642
1640 1643
1641 1644
1642 1645
1643 1646
1644 1647
1645 1648
1646 1649
1647 1650
1648 1651
1649 1652
1650 1653
1651 1654
1652 1655
1653 1656
1654 1657
1655 1659
1656 1660
1657 1661
1658 1662
1659 1663
1660 1664
1661 1668
1662 1665
1663 1666
1664 1667
1665 1671
1666 1670
1667 1672
1668 1673
1669 1674
1670 1675
1671 1676
1672 1677
1673 1678
1674 1679
1675 1680
1676 1681
1677 1682
1678 1683
1679 1684
1680 1685
1681 1688
1682 1687
1683 1690
1684 1691
1685 1692
1686 1693
1687 1694
1688 1695
1689 1696
1690 1698
1691 1697
1692 1699
1693 1700
1694 1701
1695 1702
1696 1703
1697 1704
1698 1705
1699 1706
1700 1707
1701 1708
1702 1709
1703 1710
1704 1760
1705 1762
1706 1711
1707 1712
1708 1713
1709 1714
1710 1715
1711 1716
1712 1717
1713 1718
1714 1719
1715 1720
1716 1721
1717 1722
1718 1724
1719 1723
1720 1725
1721 1726
1722 1727
1723 1728
1724 1729
1725 1730
1726 1731
1727 1732
1728 1733
1729 1734
1730 1735
1731 1736
1732 1738
1733 1737
1734 1739
1735 1740
1736 1741
1737 1742
1738 1743
1739 1744
1740 1745
1741 1746
1742 1749
1743 1747
1744 1748
1745 1750
1746 1751
1747 1752
1748 1753
1749 1754
1750 1755
1751 1756
1752 1816
1753 1817
1754 1757
1755 1758
1756 1759
1757 1761
1758 1763
1759 1764
1760 1765
1761 1766
1762 1767
1763 1768
1764 1770
1765 1772
1766 1769
1767 1771
1768 1773
1769 1774
1770 1775
1771 1776
1772 1777
1773 1778
1774 1779
1775 1780
1776 1781
1777 1782
1778 1783
1779 1784
1780 1786
1781 1785
1782 1787
1783 1788
1784 1789
1785 1790
1786 1792
1787 1791
1788 1793
1789 1794
1790 1795
1791 1798
1792 1796
1793 1797
1794 1799
1795 1800
1796 1801
1797 1802
1798 1803
1799 1804
1800 1805
1801 1806
1802 1807
1803 1809
1804 1808
1805 1810
1806 1811
1807 1812
1808 1813
1809 1814
1810 1815
1811 1818
1812 1819
1813 1820
1814 1822
1815 1823
1816 1825
1817 1824
1818 1826
1819 1827
1820 1828
1821 1844
1822 1831
1823 1829
1824 1888
1825 1830
1826 1832
1827 1835
1828 1833
1829 1834
1830 1838
1831 1836
1832 1837
1833 1839
1834 1840
1835 1843
1836 1841
1837 1842
1838 1845
1839 1846
1840 1847
1841 1848
1842 1849
1843 1850
1844 1851
1845 1852
1846 1853
1847 1854
1848 1855
1849 1856
1850 1859
1851 1857
1852 1858
1853 1860
1854 1861
1855 1862
1856 1863
1857 1868
1858 1864
1859 1865
1860 1866
1861 1867
1862 1920
1863 1869
1864 1870
1865 1919
1866 1871
1867 1872
1868 1873
1869 1874
1870 1875
1871 1876
1872 1877
1873 1878
1874 1879
1875 1880
1876 1881
1877 1882
1878 1883
1879 1884
1880 1885
1881 1922
1882 1886
1883 1887
1884 1889
1885 1890
1886 1893
1887 1891
1888 1892
1889 1894
1890 1895
1891 1896
1892 1897
1893 1904
1894 1898
1895 1937
1896 1899
1897 1900
1898 1901
1899 1902
1900 1903
1901 1928
1902 1905
1903 1927
1904 1929
1905 1940
1906 1906
1907 1931
1908 1907
1909 1908
1910 1909
1911 1910
1912 1911
1913 1912
1914 1913
1915 1914
1916 1915
1917 1916
1918 1923
1919 1925
1920 1921
1921 1917
1922 1918
1923 1924
1924 1926
1925 1930
1926 1932
1927 1938
1928 1933
1929 1934
1930 1935
1931 1936
1932 1939
1933 1941
1934 1942
1935 1943
1936 1944
1937 1945
1938 1946
1939 1947
1940 1948
1941 1949
1942 1950
1943 1951
1944 1952
1945 1953
1946 1954
1947 1959
1948 1955
1949 1956
1950 1957
1951 1958
1952 1960
1953 1961
1954 1962
1955 1963
1956 1965
1957 1966
1958 1967
1959 1968
1960 1969
1961 1970
1962 1971
1963 1972
1964 1973
1965 1974
1966 2074
1967 1975
1968 1976
1969 2100
1970 2102
1971 1977
1972 1983
1973 1978
1974 1979
1975 1980
1976 1981
1977 2067
1978 2065
1979 1982
1980 1984
1981 1985
1982 1990
1983 1986
1984 1987
1985 1989
1986 1988
1987 1991
1988 1992
1989 1993
1990 1994
1991 1995
1992 1996
1993 1998
1994 1997
1995 1999
1996 2000
1997 2001
1998 2002
1999 2003
2000 2004
2001 2005
2002 2006
2003 2007
2004 2008
2005 2009
2006 2010
2007 2011
2008 2012
2009 2013
2010 2018
2011 2021
2012 2019
2013 2014
2014 2017
2015 2015
2016 2016
2017 2020
2018 2022
2019 2023
2020 2024
2021 2025
2022 2026
2023 2027
2024 2028
2025 2029
2026 2030
2027 2031
2028 2032
2029 2034
2030 2033
2031 2035
2032 2036
2033 2038
2034 2037
2035 2039
2036 2040
2037 2041
2038 2042
2039 2043
2040 2044
2041 2045
2042 2046
2043 2047
2044 2048
2045 2049
2046 2050
2047 2051
2048 2052
2049 2053
2050 2054
2051 2055
2052 2056
2053 2057
2054 2058
2055 2084
2056 2059
2057 2060
2058 2061
2059 2062
2060 2063
2061 2064
2062 2066
2063 2068
2064 2069
2065 2070
2066 2083
2067 2082
2068 2072
2069 2071
2070 2073
2071 2101
2072 2075
2073 2076
2074 2078
2075 2077
2076 2080
2077 2079
2078 2081
2079 2085
2080 2087
2081 2086
2082 2088
2083 2099
2084 2089
2085 2090
2086 2091
2087 2093
2088 2092
2089 2094
2090 2095
2091 2096
2092 2097
2093 2098
2094 2103
2095 2104
2096 2105
2097 2109
2098 2106
2099 2107
2100 2108
2101 2110
2102 2111
2103 2112
2104 2113
2105 2114
2106 2115
2107 2116
2108 2118
2109 2248
2110 2119
2111 2120
2112 2121
2113 2122
2114 2123
2115 2124
2116 2125
2117 2126
2118 2127
2119 2158
2120 2128
2121 2129
2122 2130
2123 2131
2124 2132
2125 2133
2126 2134
2127 2151
2128 2136
2129 2135
2130 2141
2131 2137
2132 2138
2133 2139
2134 2140
2135 2142
2136 2143
2137 2144
2138 2145
2139 2146
2140 2147
2141 2148
2142 2149
2143 2150
2144 2179
2145 2152
2146 2156
2147 2186
2148 2183
2149 2153
2150 2154
2151 2155
2152 2157
2153 2161
2154 2159
2155 2160
2156 2162
2157 2163
2158 2164
2159 2165
2160 2166
2161 2167
2162 2168
2163 2170
2164 2169
2165 2171
2166 2201
2167 2172
2168 2173
2169 2174
2170 2175
2171 2176
2172 2177
2173 2178
2174 2180
2175 2181
2176 2182
2177 2190
2178 2189
2179 2184
2180 2185
2181 2193
2182 2187
2183 2188
2184 2192
2185 2191
2186 2195
2187 2194
2188 2196
2189 2198
2190 2197
2191 2199
2192 2200
2193 2202
2194 2203
2195 2204
2196 2205
2197 2206
2198 2207
2199 2208
2200 2209
2201 2211
2202 2210
2203 2212
2204 2213
2205 2214
2206 2215
2207 2217
2208 2216
2209 2218
2210 2219
2211 2220
2212 2221
2213 2222
2214 2223
2215 2224
2216 2225
2217 2226
2218 2227
2219 2228
2220 2229
2221 2230
2222 2231
2223 2232
2224 2233
2225 2234
2226 2237
2227 2235
2228 2236
2229 2238
2230 2239
2231 2240
2232 2241
2233 2242
2234 2243
2235 2244
2236 2245
2237 2246
2238 2247
2239 2249
2240 2250
2241 2251
2242 2252
2243 2253
2244 2254
2245 2255
2246 2256
2247 2257
2248 2258
2249 2259
2250 2260
2251 2261
2252 2271
2253 2262
2254 2263
2255 2264
2256 2265
2257 2266
2258 2269
2259 2267
2260 2268
2261 2270
2262 2272
2263 2273
2264 2275
2265 2274
2266 2276
2267 2277
2268 2278
2269 2279
2270 2282
2271 2281
2272 2280
2273 2284
2274 2285
2275 2286
2276 2287
2277 2288
2278 2289
2279 2290
2280 2291
2281 2297
2282 2292
2283 2293
2284 2294
2285 2295
2286 2296
2287 2298
2288 2299
2289 2300
2290 2309
2291 2301
2292 2307
2293 2304
2294 2302
2295 2303
2296 2305
2297 2306
2298 2308
2299 2310
2300 2311
2301 2312
2302 2426
2303 2313
2304 2314
2305 2315
2306 2354
2307 2375
2308 2376
2309 2359
2310 2317
2311 2323
2312 2322
2313 2381
2314 2316
2315 2321
2316 2325
2317 2324
2318 2318
2319 2319
2320 2320
2321 2347
2322 2372
2323 2361
2324 2326
2325 2327
2326 2328
2327 2332
2328 2329
2329 2333
2330 2330
2331 2387
2332 2331
2333 2334
2334 2335
2335 2336
2336 2338
2337 2337
2338 2339
2339 2364
2340 2367
2341 2340
2342 2341
2343 2342
2344 2343
2345 2344
2346 2345
2347 2390
2348 2346
2349 2348
2350 2350
2351 2349
2352 2351
2353 2352
2354 2358
2355 2353
2356 2357
2357 2355
2358 2356
2359 2360
2360 2378
2361 2362
2362 2363
2363 2369
2364 2365
2365 2366
2366 2368
2367 2370
2368 2371
2369 2382
2370 2373
2371 2374
2372 2377
2373 2379
2374 2380
2375 2383
2376 2384
2377 2385
2378 2386
2379 2388
2380 2396
2381 2389
2382 2391
2383 2392
2384 2393
2385 2394
2386 2398
2387 2395
2388 2397
2389 2399
2390 2400
2391 2401
2392 2402
2393 2403
2394 2404
2395 2405
2396 2406
2397 2407
2398 2408
2399 2409
2400 2410
2401 2411
2402 2412
2403 2417
2404 2416
2405 2415
2406 2414
2407 2413
2408 2418
2409 2419
2410 2420
2411 2421
2412 2429
2413 2422
2414 2423
2415 2424
2416 2425
2417 2427
2418 2428
2419 2434
2420 2430
2421 2431
2422 2432
2423 2433
2424 2436
2425 2435
2426 2437
2427 2438
2428 2439
2429 2441
2430 2443
2431 2440
2432 2442
2433 2444
2434 2445
2435 2446
2436 2447
2437 2448
2438 2449
2439 2450
2440 2451
2441 2452
2442 2453
2443 2454
2444 2455
2445 2456
2446 2457
2447 2458
2448 2460
2449 2459
2450 2462
2451 2464
2452 2463
2453 2465
2454 2466
2455 2467
2456 2468
2457 2469
2458 2610
2459 2470
2460 2609
2461 2471
2462 2472
2463 2473
2464 2474
2465 2475
2466 2476
2467 2477
2468 2478
2469 2479
2470 2481
2471 2480
2472 2483
2473 2482
2474 2484
2475 2485
2476 2486
2477 2487
2478 2488
2479 2489
2480 2490
2481 2491
2482 2492
2483 2493
2484 2519
2485 2494
2486 2557
2487 2495
2488 2496
2489 2507
2490 2506
2491 2497
2492 2499
2493 2503
2494 2498
2495 2500
2496 2501
2497 2605
2498 2502
2499 2559
2500 2509
2501 2504
2502 2505
2503 2508
2504 2510
2505 2511
2506 2512
2507 2535
2508 2513
2509 2546
2510 2514
2511 2515
2512 2516
2513 2517
2514 2518
2515 2521
2516 2520
2517 2567
2518 2580
2519 2522
2520 2524
2521 2523
2522 2538
2523 2525
2524 2526
2525 2543
2526 2527
2527 2529
2528 2530
2529 2528
2530 2592
2531 2531
2532 2532
2533 2533
2534 2534
2535 2536
2536 2537
2537 2541
2538 2539
2539 2540
2540 2542
2541 2556
2542 2544
2543 2545
2544 2548
2545 2547
2546 2549
2547 2551
2548 2550
2549 2552
2550 2607
2551 2553
2552 2554
2553 2558
2554 2591
2555 2555
2556 2584
2557 2583
2558 2566
2559 2560
2560 2561
2561 2562
2562 2563
2563 2564
2564 2565
2565 2568
2566 2569
2567 2570
2568 2573
2569 2571
2570 2572
2571 2574
2572 2575
2573 2576
2574 2577
2575 2578
2576 2579
2577 2581
2578 2582
2579 2587
2580 2586
2581 2597
2582 2588
2583 2598
2584 2585
2585 2594
2586 2590
2587 2589
2588 2593
2589 2595
2590 2596
2591 2599
2592 2600
2593 2601
2594 2602
2595 2603
2596 2604
2597 2606
2598 2608
2599 2612
2600 2611
2601 2613
2602 2640
2603 2614
2604 2615
2605 2616
2606 2617
2607 2618
2608 2619
2609 2620
2610 2621
2611 2622
2612 2623
2613 2624
2614 2645
2615 2625
2616 2626
2617 2627
2618 2628
2619 2629
2620 2630
2621 2635
2622 2631
2623 2633
2624 2637
2625 2632
2626 2642
2627 2634
2628 2638
2629 2636
2630 2648
2631 2649
2632 2639
2633 2641
2634 2644
2635 2643
2636 2652
2637 2646
2638 2647
2639 2650
2640 2651
2641 2653
2642 2667
2643 2690
2644 2655
2645 2764
2646 2765
2647 2860
2648 2707
2649 2656
2650 2657
2651 2658
2652 2659
2653 2661
2654 2663
2655 2660
2656 2662
2657 2676
2658 2711
2659 2664
2660 2665
2661 2666
2662 2668
2663 2669
2664 2685
2665 2670
2666 2671
2667 2672
2668 2745
2669 2673
2670 2674
2671 2675
2672 2793
2673 2677
2674 2678
2675 2679
2676 2680
2677 2681
2678 2788
2679 2682
2680 2693
2681 2683
2682 2684
2683 2688
2684 2686
2685 2687
2686 2689
2687 2692
2688 2710
2689 2691
2690 2694
2691 2699
2692 2777
2693 2695
2694 2696
2695 2697
2696 2698
2697 2700
2698 2701
2699 2702
2700 2799
2701 2703
2702 2704
2703 2705
2704 2706
2705 2767
2706 2766
2707 2813
2708 2734
2709 2845
2710 2708
2711 2808
2712 2740
2713 2818
2714 2730
2715 2709
2716 2712
2717 2713
2718 2714
2719 2717
2720 2737
2721 2715
2722 2716
2723 2718
2724 2721
2725 2719
2726 2720
2727 2722
2728 2723
2729 2724
2730 2725
2731 2728
2732 2726
2733 2727
2734 2739
2735 2836
2736 2729
2737 2732
2738 2731
2739 2733
2740 2736
2741 2738
2742 2735
2743 2820
2744 2819
2745 2741
2746 2742
2747 2744
2748 2743
2749 2811
2750 2809
2751 2807
2752 2746
2753 2747
2754 2748
2755 2749
2756 2752
2757 2751
2758 2750
2759 2753
2760 2754
2761 2755
2762 2756
2763 2757
2764 2758
2765 2759
2766 2760
2767 2762
2768 2761
2769 2835
2770 2763
2771 2768
2772 2769
2773 2770
2774 2771
2775 2772
2776 2774
2777 2773
2778 2775
2779 2776
2780 2778
2781 2779
2782 2780
2783 2781
2784 2782
2785 2857
2786 2787
2787 2783
2788 2784
2789 2785
2790 2786
2791 2789
2792 2790
2793 2791
2794 2792
2795 2794
2796 2795
2797 2796
2798 2798
2799 2797
2800 2800
2801 2802
2802 2801
2803 2803
2804 2804
2805 2805
2806 2806
2807 2815
2808 2855
2809 2810
2810 2812
2811 2814
2812 2825
2813 2817
2814 2816
2815 2822
2816 2821
2817 2823
2818 2824
2819 2826
2820 2827
2821 2828
2822 2829
2823 2830
2824 2831
2825 2832
2826 2833
2827 2834
2828 2837
2829 2838
2830 2839
2831 2840
2832 2841
2833 2842
2834 2843
2835 2844
2836 2847
2837 2846
2838 2848
2839 2849
2840 2850
2841 2851
2842 2852
2843 2853
2844 2854
2845 2856
2846 2858
2847 2859
2848 3046
2849 2862
2850 2863
2851 2864
2852 2866
2853 3047
2854 2865
2855 2868
2856 3041
2857 3048
2858 2867
2859 3051
2860 2869
2861 2870
2862 3052
2863 2871
2864 3043
2865 3054
2866 3045
2867 3044
2868 2872
2869 3055
2870 3056
2871 2873
2872 3059
2873 2874
2874 2875
2875 2880
2876 2888
2877 2876
2878 2976
2879 3010
2880 2877
2881 2882
2882 2878
2883 2894
2884 2893
2885 2879
2886 2918
2887 2881
2888 2883
2889 2936
2890 2890
2891 2884
2892 2885
2893 2886
2894 2897
2895 2887
2896 2889
2897 2891
2898 3049
2899 2892
2900 2895
2901 2896
2902 2898
2903 2899
2904 2900
2905 2901
2906 2902
2907 2903
2908 2904
2909 2905
2910 2906
2911 2907
2912 2908
2913 2909
2914 2910
2915 2911
2916 2912
2917 3060
2918 2913
2919 2919
2920 2914
2921 2958
2922 2959
2923 2915
2924 2916
2925 3061
2926 2917
2927 3066
2928 2920
2929 3062
2930 3067
2931 2931
2932 2922
2933 2921
2934 2932
2935 2923
2936 2924
2937 2925
2938 2926
2939 2935
2940 3068
2941 2927
2942 2928
2943 2929
2944 2930
2945 3069
2946 3070
2947 2933
2948 2934
2949 3071
2950 3072
2951 2937
2952 2938
2953 3074
2954 3073
2955 2939
2956 3079
2957 3008
2958 2940
2959 2941
2960 3081
2961 2942
2962 2945
2963 2944
2964 3082
2965 2943
2966 2955
2967 2946
2968 2947
2969 2948
2970 2956
2971 2949
2972 2950
2973 2954
2974 2953
2975 2951
2976 2952
2977 3083
2978 3075
2979 2957
2980 3084
2981 3065
2982 2961
2983 3087
2984 2960
2985 3096
2986 3097
2987 2962
2988 3102
2989 3026
2990 2963
2991 2969
2992 2966
2993 2964
2994 2965
2995 2967
2996 2968
2997 2971
2998 2972
2999 2970
3000 3103
3001 3105
3002 2973
3003 3085
3004 3109
3005 2974
3006 2975
3007 3110
3008 2977
3009 3111
3010 2978
3011 3112
3012 2979
3013 3113
3014 2980
3015 3114
3016 2981
3017 3115
3018 2982
3019 3118
3020 2985
3021 2983
3022 2984
3023 2986
3024 2987
3025 3119
3026 2988
3027 2989
3028 2990
3029 2991
3030 3120
3031 2992
3032 2993
3033 3031
3034 3126
3035 2994
3036 3128
3037 2995
3038 3129
3039 2996
3040 3130
3041 2997
3042 3127
3043 3131
3044 2998
3045 2999
3046 3132
3047 3000
3048 3136
3049 3001
3050 3098
3051 3002
3052 3003
3053 3004
3054 3139
3055 3006
3056 3005
3057 3140
3058 3007
3059 3144
3060 3009
3061 3011
3062 3122
3063 3123
3064 3012
3065 3013
3066 3014
3067 3015
3068 3016
3069 3017
3070 3145
3071 3018
3072 3149
3073 3019
3074 3150
3075 3020
3076 3021
3077 3152
3078 3022
3079 3040
3080 3159
3081 3023
3082 3024
3083 3160
3084 3025
3085 3161
3086 3028
3087 3027
3088 3162
3089 3029
3090 3164
3091 3030
3092 3165
3093 3032
3094 3166
3095 3033
3096 3034
3097 3035
3098 3167
3099 3037
3100 3036
3101 3038
3102 3168
3103 3039
3104 3169
3105 3170
3106 3042
3107 3108
3108 3053
3109 3050
3110 3057
3111 3058
3112 3078
3113 3171
3114 3100
3115 3063
3116 3064
3117 3172
3118 3088
3119 3173
3120 3174
3121 3175
3122 3176
3123 3076
3124 3178
3125 3077
3126 3104
3127 3179
3128 3180
3129 3181
3130 3080
3131 3182
3132 3184
3133 3185
3134 3188
3135 3089
3136 3095
3137 3086
3138 3090
3139 3091
3140 3092
3141 3093
3142 3094
3143 3189
3144 3099
3145 3190
3146 3177
3147 3191
3148 3192
3149 3101
3150 3193
3151 3106
3152 3107
3153 3194
3154 3183
3155 3196
3156 3198
3157 3117
3158 3116
3159 3199
3160 3121
3161 3200
3162 3201
3163 3124
3164 3203
3165 3125
3166 3205
3167 3208
3168 3134
3169 3209
3170 3207
3171 3210
3172 3133
3173 3211
3174 3135
3175 3213
3176 3212
3177 3137
3178 3215
3179 3138
3180 3217
3181 3218
3182 3141
3183 3219
3184 3142
3185 3143
3186 3220
3187 3222
3188 3146
3189 3147
3190 3148
3191 3224
3192 3225
3193 3228
3194 3151
3195 3229
3196 3153
3197 3154
3198 3230
3199 3155
3200 3156
3201 3231
3202 3157
3203 3158
3204 3232
3205 3233
3206 3234
3207 3163
3208 3235
3209 3236
3210 3246
3211 3249
3212 3253
3213 3186
3214 3187
3215 3254
3216 3255
3217 3195
3218 3256
3219 3197
3220 3257
3221 3259
3222 3202
3223 3204
3224 3260
3225 3206
3226 3262
3227 3263
3228 3264
3229 3214
3230 3266
3231 3267
3232 3216
3233 3265
3234 3268
3235 3269
3236 3270
3237 3221
3238 3271
3239 3272
3240 3223
3241 3273
3242 3274
3243 3275
3244 3226
3245 3276
3246 3227
3247 3277
3248 3278
3249 3280
3250 3238
3251 3237
3252 3239
3253 3240
3254 3241
3255 3242
3256 3243
3257 3244
3258 3245
3259 3281
3260 3247
3261 3248
3262 3282
3263 3250
3264 3251
3265 3283
3266 3252
3267 3287
3268 3286
3269 3288
3270 3258
3271 3261
3272 3289
3273 3290
3274 3291
3275 3292
3276 3293
3277 3295
3278 3279
3279 3297
3280 3284
3281 3285
3282 3298
3283 3299
3284 3300
3285 3301
3286 3302
3287 3294
3288 3303
3289 3305
3290 3296
3291 3306
3292 3307
3293 3304
3294 3310
3295 3311
3296 3308
3297 3312
3298 3309
3299 3313
3300 3314
3301 3315
3302 3318
3303 3317
3304 3316
3305 3321
3306 3319
3307 3320
3308 3323
3309 3322
3310 3324
3311 3325
