2642 2644
2233 2644
2226 2644
2231 2644
2230 2644
2229 2644
2227 2644
2232 2644
2228 2644
2247 2644
2611 2644
2280 2644
2643 2644
2639 2644
2644 2644
2644 2644
2644 2227
2644 2228
2644 2226
2644 2229
2644 2230
2644 2231
2644 2232
2644 2233
2644 2247
2644 2280
2644 2611
2644 2639
2644 2642
2644 2643
2644 2644
2644 2644
2606 2649
2645 2649
2646 2649
2647 2649
2648 2649
2649 2649
2649 2649
2649 2606
2649 2648
2649 2645
2649 2646
2649 2647
2649 2649
2649 2649
2234 2650
2650 2650
2650 2650
2650 2234
2650 2650
2650 2650
2235 2651
2236 2651
2651 2651
2651 2651
2651 2235
2651 2236
2651 2651
2651 2651
2652 2652
2652 2652
2652 2652
2652 2652
2109 2655
2239 2655
2653 2655
2654 2655
2240 2655
2655 2655
2655 2655
2655 2109
2655 2239
2655 2240
2655 2653
2655 2654
2655 2655
2655 2655
2237 2653
2238 2653
2655 2653
2654 2653
2656 2653
2653 2653
2653 2653
2653 2237
2653 2238
2653 2655
2653 2656
2653 2654
2653 2653
2653 2653
2109 2656
2239 2656
2240 2656
2654 2656
2653 2656
2656 2656
2656 2656
2656 2109
2656 2239
2656 2240
2656 2653
2656 2654
2656 2656
2656 2656
2653 2654
2241 2654
2656 2654
2657 2654
2655 2654
2654 2654
2654 2654
2654 2241
2654 2655
2654 2653
2654 2656
2654 2657
2654 2654
2654 2654
2242 2659
2658 2659
2243 2659
2244 2659
2245 2659
2246 2659
2659 2659
2659 2659
2659 2242
2659 2243
2659 2244
2659 2245
2659 2246
2659 2658
2659 2659
2659 2659
2660 2660
2660 2660
2660 2660
2660 2660
2661 2661
2661 2661
2661 2661
2661 2661
2250 2642
2249 2642
2248 2642
2247 2642
2255 2642
2644 2642
2642 2642
2642 2642
2642 2247
2642 2248
2642 2249
2642 2250
2642 2255
2642 2644
2642 2642
2642 2642
2662 2662
2662 2662
2662 2662
2662 2662
2255 2663
2256 2663
2253 2663
2251 2663
2254 2663
2663 2663
2663 2663
2663 2251
2663 2253
2663 2254
2663 2255
2663 2256
2663 2663
2663 2663
2257 2665
2259 2665
2258 2665
2664 2665
2260 2665
2665 2665
2665 2665
2665 2257
2665 2259
2665 2260
2665 2258
2665 2664
2665 2665
2665 2665
2636 2666
2261 2666
2666 2666
2666 2666
2666 2261
2666 2636
2666 2666
2666 2666
2252 2667
2667 2667
2667 2667
2667 2252
2667 2667
2667 2667
2668 2669
2669 2669
2669 2669
2669 2668
2669 2669
2669 2669
2670 2670
2670 2670
2670 2670
2670 2670
2262 2671
2647 2671
2637 2671
2648 2671
2671 2671
2671 2671
2671 2262
2671 2637
2671 2648
2671 2647
2671 2671
2671 2671
2263 2657
2645 2657
2672 2657
2654 2657
2657 2657
2657 2657
2657 2263
2657 2654
2657 2645
2657 2672
2657 2657
2657 2657
2265 2673
2264 2673
2673 2673
2673 2673
2673 2265
2673 2264
2673 2673
2673 2673
2266 2674
2278 2674
2674 2674
2674 2674
2674 2266
2674 2278
2674 2674
2674 2674
2267 2675
2268 2675
2675 2675
2675 2675
2675 2267
2675 2268
2675 2675
2675 2675
2269 2676
2676 2676
2676 2676
2676 2269
2676 2676
2676 2676
2677 2677
2677 2677
2677 2677
2677 2677
2285 2679
2272 2679
2287 2679
2271 2679
2281 2679
2273 2679
2270 2679
2678 2679
2679 2679
2679 2679
2679 2272
2679 2271
2679 2270
2679 2273
2679 2285
2679 2281
2679 2287
2679 2678
2679 2679
2679 2679
2680 2681
2681 2681
2681 2681
2681 2680
2681 2681
2681 2681
2682 2682
2682 2682
2682 2682
2682 2682
2665 2664
2274 2664
2276 2664
2275 2664
2664 2664
2664 2664
2664 2274
2664 2275
2664 2276
2664 2665
2664 2664
2664 2664
2683 2684
2684 2684
2684 2684
2684 2683
2684 2684
2684 2684
2277 2685
2685 2685
2685 2685
2685 2277
2685 2685
2685 2685
2684 2683
2683 2683
2683 2683
2683 2684
2683 2683
2683 2683
2647 2686
2278 2686
2279 2686
2648 2686
2686 2686
2686 2686
2686 2278
2686 2279
2686 2648
2686 2647
2686 2686
2686 2686
2280 2643
2474 2643
2644 2643
2643 2643
2643 2643
2643 2280
2643 2474
2643 2644
2643 2643
2643 2643
2286 2689
2285 2689
2687 2689
2282 2689
2688 2689
2283 2689
2284 2689
2689 2689
2689 2689
2689 2282
2689 2283
2689 2284
2689 2285
2689 2286
2689 2687
2689 2688
2689 2689
2689 2689
2281 2687
2287 2687
2689 2687
2687 2687
2687 2687
2687 2281
2687 2287
2687 2689
2687 2687
2687 2687
2690 2680
2616 2680
2681 2680
2605 2680
2288 2680
2604 2680
2289 2680
2680 2680
2680 2680
2680 2288
2680 2289
2680 2604
2680 2605
2680 2616
2680 2681
2680 2690
2680 2680
2680 2680
2680 2690
2690 2690
2690 2690
2690 2680
2690 2690
2690 2690
2691 2693
2292 2693
2692 2693
2298 2693
2291 2693
2693 2693
2693 2693
2693 2291
2693 2292
2693 2298
2693 2691
2693 2692
2693 2693
2693 2693
2292 2694
2295 2694
2294 2694
2694 2694
2694 2694
2694 2294
2694 2295
2694 2292
2694 2694
2694 2694
2296 2695
2293 2695
2695 2695
2695 2695
2695 2293
2695 2296
2695 2695
2695 2695
2292 2696
2297 2696
2696 2696
2696 2696
2696 2297
2696 2292
2696 2696
2696 2696
2292 2691
2693 2691
2691 2691
2691 2691
2691 2292
2691 2693
2691 2691
2691 2691
2298 2697
2697 2697
2697 2697
2697 2298
2697 2697
2697 2697
2290 2698
2698 2698
2698 2698
2698 2290
2698 2698
2698 2698
2299 2699
2699 2699
2699 2699
2699 2299
2699 2699
2699 2699
2700 2701
2300 2701
2701 2701
2701 2701
2701 2300
2701 2700
2701 2701
2701 2701
2702 2702
2702 2702
2702 2702
2702 2702
2703 2703
2703 2703
2703 2703
2703 2703
2704 2704
2704 2704
2704 2704
2704 2704
2705 2648
2459 2648
2304 2648
2606 2648
2303 2648
2301 2648
2616 2648
2646 2648
2305 2648
2706 2648
2605 2648
2414 2648
2671 2648
2649 2648
2686 2648
2648 2648
2648 2648
2648 2301
2648 2303
2648 2304
2648 2305
2648 2414
2648 2459
2648 2605
2648 2606
2648 2616
2648 2649
2648 2671
2648 2686
2648 2646
2648 2706
2648 2705
2648 2648
2648 2648
2317 2710
2486 2710
2541 2710
2315 2710
2312 2710
2555 2710
2311 2710
2707 2710
2316 2710
2503 2710
2324 2710
2325 2710
2326 2710
2493 2710
2320 2710
2319 2710
2310 2710
2314 2710
2322 2710
2583 2710
2708 2710
2581 2710
2368 2710
2709 2710
2589 2710
2318 2710
2710 2710
2710 2710
2710 2314
2710 2310
2710 2318
2710 2319
2710 2320
2710 2315
2710 2312
2710 2311
2710 2317
2710 2316
2710 2324
2710 2325
2710 2326
2710 2368
2710 2322
2710 2493
2710 2503
2710 2555
2710 2541
2710 2486
2710 2589
2710 2581
2710 2583
2710 2708
2710 2707
2710 2709
2710 2710
2710 2710
2711 2715
2712 2715
2371 2715
2713 2715
2714 2715
2361 2715
2363 2715
2708 2715
2715 2715
2715 2715
2715 2361
2715 2363
2715 2371
2715 2714
2715 2708
2715 2712
2715 2711
2715 2713
2715 2715
2715 2715
2689 2688
2327 2688
2332 2688
2328 2688
2333 2688
2329 2688
2368 2688
2330 2688
2688 2688
2688 2688
2688 2328
2688 2330
2688 2332
2688 2327
2688 2329
2688 2333
2688 2368
2688 2689
2688 2688
2688 2688
2333 2658
2659 2658
2335 2658
2334 2658
2513 2658
2658 2658
2658 2658
2658 2333
2658 2334
2658 2335
2658 2513
2658 2659
2658 2658
2658 2658
2354 2716
2368 2716
2716 2716
2716 2716
2716 2354
2716 2368
2716 2716
2716 2716
2717 2717
2717 2717
2717 2717
2717 2717
2718 2718
2718 2718
2718 2718
2718 2718
2719 2721
2720 2721
2336 2721
2338 2721
2708 2721
2368 2721
2339 2721
2337 2721
2364 2721
2493 2721
2721 2721
2721 2721
2721 2337
2721 2336
2721 2338
2721 2339
2721 2364
2721 2368
2721 2493
2721 2719
2721 2708
2721 2720
2721 2721
2721 2721
2708 2722
2720 2722
2719 2722
2493 2722
2368 2722
2722 2722
2722 2722
2722 2368
2722 2493
2722 2719
2722 2708
2722 2720
2722 2722
2722 2722
2708 2719
2721 2719
2722 2719
2341 2719
2342 2719
2719 2719
2719 2719
2719 2341
2719 2342
2719 2721
2719 2722
2719 2708
2719 2719
2719 2719
2345 2723
2346 2723
2342 2723
2343 2723
2344 2723
2723 2723
2723 2723
2723 2342
2723 2343
2723 2344
2723 2345
2723 2346
2723 2723
2723 2723
2724 2725
2708 2725
2348 2725
2725 2725
2725 2725
2725 2348
2725 2724
2725 2708
2725 2725
2725 2725
2348 2726
2708 2726
2726 2726
2726 2726
2726 2348
2726 2708
2726 2726
2726 2726
2348 2724
2725 2724
2724 2724
2724 2724
2724 2348
2724 2725
2724 2724
2724 2724
2498 2727
2727 2727
2727 2727
2727 2498
2727 2727
2727 2727
2349 2728
2350 2728
2352 2728
2353 2728
2321 2728
2355 2728
2351 2728
2549 2728
2488 2728
2728 2728
2728 2728
2728 2321
2728 2349
2728 2351
2728 2350
2728 2352
2728 2353
2728 2355
2728 2488
2728 2549
2728 2728
2728 2728
2711 2729
2306 2729
2323 2729
2322 2729
2729 2729
2729 2729
2729 2306
2729 2323
2729 2322
2729 2711
2729 2729
2729 2729
2358 2730
2356 2730
2357 2730
2730 2730
2730 2730
2730 2357
2730 2358
2730 2356
2730 2730
2730 2730
2731 2732
2354 2732
2732 2732
2732 2732
2732 2354
2732 2731
2732 2732
2732 2732
2583 2733
2668 2733
2733 2733
2733 2733
2733 2583
2733 2668
2733 2733
2733 2733
2732 2731
2731 2731
2731 2731
2731 2732
2731 2731
2731 2731
2707 2736
2359 2736
2734 2736
2309 2736
2708 2736
2498 2736
2322 2736
2576 2736
2712 2736
2735 2736
2736 2736
2736 2736
2736 2309
2736 2359
2736 2322
2736 2498
2736 2576
2736 2708
2736 2734
2736 2712
2736 2707
2736 2735
2736 2736
2736 2736
2361 2714
2715 2714
2711 2714
2323 2714
2542 2714
2714 2714
2714 2714
2714 2323
2714 2361
2714 2542
2714 2715
2714 2711
2714 2714
2714 2714
2737 2738
2526 2738
2362 2738
2738 2738
2738 2738
2738 2362
2738 2526
2738 2737
2738 2738
2738 2738
2366 2737
2738 2737
2340 2737
2737 2737
2737 2737
2737 2340
2737 2366
2737 2738
2737 2737
2737 2737
2707 2739
2504 2739
2739 2739
2739 2739
2739 2504
2739 2707
2739 2739
2739 2739
2367 2708
2363 2708
2340 2708
2433 2708
2713 2708
2597 2708
2371 2708
2366 2708
2710 2708
2364 2708
2339 2708
2498 2708
2719 2708
2365 2708
2722 2708
2736 2708
2721 2708
2725 2708
2715 2708
2711 2708
2726 2708
2708 2708
2708 2708
2708 2339
2708 2364
2708 2365
2708 2340
2708 2366
2708 2363
2708 2367
2708 2371
2708 2433
2708 2498
2708 2597
2708 2710
2708 2715
2708 2721
2708 2722
2708 2719
2708 2725
2708 2726
2708 2736
2708 2711
2708 2713
2708 2708
2708 2708
2740 2742
2741 2742
2368 2742
2371 2742
2742 2742
2742 2742
2742 2368
2742 2371
2742 2740
2742 2741
2742 2742
2742 2742
2370 2740
2322 2740
2741 2740
2742 2740
2740 2740
2740 2740
2740 2322
2740 2370
2740 2742
2740 2741
2740 2740
2740 2740
2371 2720
2721 2720
2722 2720
2720 2720
2720 2720
2720 2371
2720 2721
2720 2722
2720 2720
2720 2720
2740 2741
2742 2741
2741 2741
2741 2741
2741 2742
2741 2740
2741 2741
2741 2741
2374 2734
2485 2734
2313 2734
2373 2734
2369 2734
2360 2734
2736 2734
2375 2734
2376 2734
2377 2734
2307 2734
2372 2734
2308 2734
2554 2734
2734 2734
2734 2734
2734 2307
2734 2308
2734 2372
2734 2360
2734 2373
2734 2374
2734 2313
2734 2369
2734 2375
2734 2376
2734 2377
2734 2485
2734 2554
2734 2736
2734 2734
2734 2734
2512 2712
2511 2712
2506 2712
2504 2712
2715 2712
2513 2712
2500 2712
2743 2712
2736 2712
2744 2712
2712 2712
2712 2712
2712 2500
2712 2504
2712 2506
2712 2511
2712 2512
2712 2513
2712 2715
2712 2736
2712 2744
2712 2743
2712 2712
2712 2712
2507 2745
2331 2745
2379 2745
2378 2745
2745 2745
2745 2745
2745 2378
2745 2331
2745 2379
2745 2507
2745 2745
2745 2745
2383 2746
2347 2746
2381 2746
2380 2746
2382 2746
2746 2746
2746 2746
2746 2381
2746 2347
2746 2382
2746 2383
2746 2380
2746 2746
2746 2746
2747 2748
2748 2748
2748 2748
2748 2747
2748 2748
2748 2748
2748 2747
2747 2747
2747 2747
2747 2748
2747 2747
2747 2747
2749 2668
2733 2668
2669 2668
2385 2668
2384 2668
2506 2668
2750 2668
2751 2668
2668 2668
2668 2668
2668 2384
2668 2385
2668 2506
2668 2669
2668 2733
2668 2751
2668 2750
2668 2749
2668 2668
2668 2668
2389 2752
2386 2752
2390 2752
2392 2752
2391 2752
2388 2752
2380 2752
2387 2752
2752 2752
2752 2752
2752 2387
2752 2380
2752 2388
2752 2386
2752 2389
2752 2390
2752 2391
2752 2392
2752 2752
2752 2752
2393 2753
2753 2753
2753 2753
2753 2393
2753 2753
2753 2753
2700 2754
2629 2754
2394 2754
2754 2754
2754 2754
2754 2394
2754 2629
2754 2700
2754 2754
2754 2754
2755 2755
2755 2755
2755 2755
2755 2755
2756 2758
2395 2758
2757 2758
2758 2758
2758 2758
2758 2395
2758 2757
2758 2756
2758 2758
2758 2758
2395 2757
2758 2757
2757 2757
2757 2757
2757 2395
2757 2758
2757 2757
2757 2757
2758 2756
2756 2756
2756 2756
2756 2758
2756 2756
2756 2756
2396 2759
2759 2759
2759 2759
2759 2396
2759 2759
2759 2759
2397 2760
2760 2760
2760 2760
2760 2397
2760 2760
2760 2760
2398 2761
2761 2761
2761 2761
2761 2398
2761 2761
2761 2761
2398 2762
2399 2762
2402 2762
2400 2762
2401 2762
2762 2762
2762 2762
2762 2398
2762 2399
2762 2400
2762 2401
2762 2402
2762 2762
2762 2762
2399 2763
2400 2763
2763 2763
2763 2763
2763 2399
2763 2400
2763 2763
2763 2763
2400 2764
2401 2764
2764 2764
2764 2764
2764 2400
2764 2401
2764 2764
2764 2764
2402 2765
2765 2765
2765 2765
2765 2402
2765 2765
2765 2765
2766 2766
2766 2766
2766 2766
2766 2766
2767 2768
2768 2768
2768 2768
2768 2767
2768 2768
2768 2768
2768 2767
2767 2767
2767 2767
2767 2768
2767 2767
2767 2767
2408 2770
2403 2770
2713 2770
2404 2770
2405 2770
2406 2770
2769 2770
2407 2770
2532 2770
2770 2770
2770 2770
2770 2407
2770 2406
2770 2405
2770 2404
2770 2403
2770 2408
2770 2532
2770 2713
2770 2769
2770 2770
2770 2770
2615 2645
2705 2645
2706 2645
2647 2645
2416 2645
2414 2645
2413 2645
2411 2645
2410 2645
2657 2645
2614 2645
2415 2645
2649 2645
2409 2645
2645 2645
2645 2645
2645 2409
2645 2410
2645 2411
2645 2413
2645 2414
2645 2415
2645 2416
2645 2615
2645 2614
2645 2649
2645 2657
2645 2706
2645 2705
2645 2647
2645 2645
2645 2645
2419 2646
2647 2646
2648 2646
2706 2646
2412 2646
2418 2646
2417 2646
2302 2646
2649 2646
2646 2646
2646 2646
2646 2302
2646 2417
2646 2418
2646 2412
2646 2419
2646 2649
2646 2648
2646 2706
2646 2647
2646 2646
2646 2646
2645 2706
2423 2706
2422 2706
2646 2706
2421 2706
2648 2706
2607 2706
2647 2706
2420 2706
2412 2706
2706 2706
2706 2706
2706 2412
2706 2420
2706 2421
2706 2422
2706 2423
2706 2607
2706 2648
2706 2645
2706 2646
2706 2647
2706 2706
2706 2706
2648 2705
2645 2705
2705 2705
2705 2705
2705 2648
2705 2645
2705 2705
2705 2705
2419 2771
2771 2771
2771 2771
2771 2419
2771 2771
2771 2771
2425 2772
2424 2772
2426 2772
2772 2772
2772 2772
2772 2425
2772 2424
2772 2426
2772 2772
2772 2772
2428 2773
2427 2773
2773 2773
2773 2773
2773 2427
2773 2428
2773 2773
2773 2773
2774 2774
2774 2774
2774 2774
2774 2774
2775 2775
2775 2775
2775 2775
2775 2775
2429 2777
2431 2777
2713 2777
2434 2777
2776 2777
2433 2777
2430 2777
2529 2777
2432 2777
2777 2777
2777 2777
2777 2431
2777 2429
2777 2432
2777 2430
2777 2433
2777 2434
2777 2529
2777 2776
2777 2713
2777 2777
2777 2777
2777 2776
2434 2776
2435 2776
2776 2776
2776 2776
2776 2434
2776 2435
2776 2777
2776 2776
2776 2776
2442 2778
2441 2778
2440 2778
2439 2778
2437 2778
2436 2778
2443 2778
2438 2778
2778 2778
2778 2778
2778 2436
2778 2437
2778 2438
2778 2439
2778 2440
2778 2441
2778 2442
2778 2443
2778 2778
2778 2778
2444 2779
2445 2779
2779 2779
2779 2779
2779 2444
2779 2445
2779 2779
2779 2779
2446 2692
2693 2692
2692 2692
2692 2692
2692 2446
2692 2693
2692 2692
2692 2692
2447 2780
2780 2780
2780 2780
2780 2447
2780 2780
2780 2780
2448 2781
2449 2781
2781 2781
2781 2781
2781 2449
2781 2448
2781 2781
2781 2781
2450 2782
2782 2782
2782 2782
2782 2450
2782 2782
2782 2782
2452 2783
2451 2783
2783 2783
2783 2783
2783 2452
2783 2451
2783 2783
2783 2783
2453 2784
2784 2784
2784 2784
2784 2453
2784 2784
2784 2784
2785 2787
2463 2787
2786 2787
2787 2787
2787 2787
2787 2463
2787 2786
2787 2785
2787 2787
2787 2787
2454 2788
2455 2788
2788 2788
2788 2788
2788 2454
2788 2455
2788 2788
2788 2788
2456 2789
2789 2789
2789 2789
2789 2456
2789 2789
2789 2789
2458 2790
2461 2790
2460 2790
2457 2790
2600 2790
2459 2790
2790 2790
2790 2790
2790 2457
2790 2459
2790 2461
2790 2460
2790 2458
2790 2600
2790 2790
2790 2790
2462 2786
2787 2786
2463 2786
2464 2786
2786 2786
2786 2786
2786 2462
2786 2463
2786 2464
2786 2787
2786 2786
2786 2786
2679 2678
2465 2678
2678 2678
2678 2678
2678 2465
2678 2679
2678 2678
2678 2678
2465 2791
2466 2791
2791 2791
2791 2791
2791 2465
2791 2466
2791 2791
2791 2791
2792 2792
2792 2792
2792 2792
2792 2792
2467 2793
2793 2793
2793 2793
2793 2467
2793 2793
2793 2793
2468 2794
2469 2794
2794 2794
2794 2794
2794 2468
2794 2469
2794 2794
2794 2794
2657 2672
2672 2672
2672 2672
2672 2657
2672 2672
2672 2672
2795 2795
2795 2795
2795 2795
2795 2795
2622 2796
2474 2796
2471 2796
2470 2796
2610 2796
2473 2796
2475 2796
2472 2796
2796 2796
2796 2796
2796 2471
2796 2470
2796 2473
2796 2472
2796 2474
2796 2475
2796 2610
2796 2622
2796 2796
2796 2796
2476 2797
2477 2797
2797 2797
2797 2797
2797 2476
2797 2477
2797 2797
2797 2797
2798 2799
2799 2799
2799 2799
2799 2798
2799 2799
2799 2799
2799 2798
2798 2798
2798 2798
2798 2799
2798 2798
2798 2798
2701 2700
2754 2700
2478 2700
2700 2700
2700 2700
2700 2478
2700 2701
2700 2754
2700 2700
2700 2700
2480 2800
2479 2800
2800 2800
2800 2800
2800 2479
2800 2480
2800 2800
2800 2800
2801 2802
2802 2802
2802 2802
2802 2801
2802 2802
2802 2802
2481 2801
2802 2801
2801 2801
2801 2801
2801 2481
2801 2802
2801 2801
2801 2801
2803 2803
2803 2803
2803 2803
2803 2803
2482 2804
2804 2804
2804 2804
2804 2482
2804 2804
2804 2804
2483 2805
2805 2805
2805 2805
2805 2483
2805 2805
2805 2805
2806 2806
2806 2806
2806 2806
2806 2806
2487 2751
2493 2751
2707 2751
2491 2751
2488 2751
2750 2751
2503 2751
2668 2751
2485 2751
2751 2751
2751 2751
2751 2485
2751 2487
2751 2488
2751 2491
2751 2493
2751 2503
2751 2668
2751 2750
2751 2707
2751 2751
2751 2751
2499 2711
2714 2711
2729 2711
2715 2711
2708 2711
2494 2711
2492 2711
2496 2711
2495 2711
2711 2711
2711 2711
2711 2494
2711 2492
2711 2495
2711 2496
2711 2499
2711 2715
2711 2729
2711 2714
2711 2708
2711 2711
2711 2711
2668 2750
2707 2750
2512 2750
2506 2750
2498 2750
2501 2750
2751 2750
2493 2750
2750 2750
2750 2750
2750 2498
2750 2493
2750 2501
2750 2506
2750 2512
2750 2668
2750 2751
2750 2707
2750 2750
2750 2750
2807 2809
2808 2809
2499 2809
2809 2809
2809 2809
2809 2499
2809 2807
2809 2808
2809 2809
2809 2809
2499 2749
2668 2749
2749 2749
2749 2749
2749 2499
2749 2668
2749 2749
2749 2749
2502 2810
2743 2810
2810 2810
2810 2810
2810 2502
2810 2743
2810 2810
2810 2810
2743 2707
2538 2707
2545 2707
2509 2707
2744 2707
2540 2707
2713 2707
2739 2707
2736 2707
2710 2707
2511 2707
2512 2707
2508 2707
2750 2707
2513 2707
2506 2707
2505 2707
2514 2707
2504 2707
2500 2707
2510 2707
2503 2707
2489 2707
2751 2707
2490 2707
2707 2707
2707 2707
2707 2490
2707 2489
2707 2503
2707 2500
2707 2504
2707 2505
2707 2506
2707 2508
2707 2510
2707 2511
2707 2512
2707 2513
2707 2514
2707 2538
2707 2540
2707 2509
2707 2545
2707 2710
2707 2736
2707 2739
2707 2751
2707 2750
2707 2713
2707 2744
2707 2743
2707 2707
2707 2707
2516 2811
2519 2811
2713 2811
2484 2811
2528 2811
2515 2811
2529 2811
2811 2811
2811 2811
2811 2484
2811 2516
2811 2515
2811 2519
2811 2529
2811 2528
2811 2713
2811 2811
2811 2811
2812 2807
2808 2807
2743 2807
2809 2807
2807 2807
2807 2807
2807 2809
2807 2743
2807 2812
2807 2808
2807 2807
2807 2807
2813 2814
2520 2814
2521 2814
2814 2814
2814 2814
2814 2521
2814 2520
2814 2813
2814 2814
2814 2814
2814 2813
2813 2813
2813 2813
2813 2814
2813 2813
2813 2813
2533 2713
2534 2713
2715 2713
2744 2713
2527 2713
2529 2713
2523 2713
2707 2713
2770 2713
2708 2713
2528 2713
2777 2713
2526 2713
2811 2713
2524 2713
2532 2713
2531 2713
2713 2713
2713 2713
2713 2523
2713 2524
2713 2526
2713 2529
2713 2527
2713 2528
2713 2531
2713 2532
2713 2533
2713 2534
2713 2715
2713 2708
2713 2770
2713 2777
2713 2707
2713 2811
2713 2744
2713 2713
2713 2713
2507 2744
2548 2744
2535 2744
2707 2744
2536 2744
2522 2744
2538 2744
2537 2744
2712 2744
2815 2744
2499 2744
2713 2744
2525 2744
2539 2744
2540 2744
2744 2744
2744 2744
2744 2507
2744 2535
2744 2536
2744 2522
2744 2538
2744 2539
2744 2537
2744 2540
2744 2525
2744 2548
2744 2499
2744 2712
2744 2707
2744 2713
2744 2815
2744 2744
2744 2744
2816 2743
2499 2743
2808 2743
2815 2743
2707 2743
2810 2743
2807 2743
2712 2743
2542 2743
2543 2743
2509 2743
2743 2743
2743 2743
2743 2542
2743 2543
2743 2509
2743 2499
2743 2712
2743 2810
2743 2707
2743 2807
2743 2816
2743 2815
2743 2808
2743 2743
2743 2743
2743 2816
2546 2816
2545 2816
2544 2816
2816 2816
2816 2816
2816 2545
2816 2544
2816 2546
2816 2743
2816 2816
2816 2816
2547 2815
2744 2815
2548 2815
2743 2815
2815 2815
2815 2815
2815 2548
2815 2547
2815 2744
2815 2743
2815 2815
2815 2815
2549 2817
2552 2817
2808 2817
2551 2817
2817 2817
2817 2817
2817 2549
2817 2551
2817 2552
2817 2808
2817 2817
2817 2817
2556 2818
2553 2818
2486 2818
2541 2818
2555 2818
2818 2818
2818 2818
2818 2555
2818 2541
2818 2486
2818 2553
2818 2556
2818 2818
2818 2818
2499 2812
2807 2812
2812 2812
2812 2812
2812 2499
2812 2807
2812 2812
2812 2812
2819 2819
2819 2819
2819 2819
2819 2819
2820 2820
2820 2820
2820 2820
2820 2820
2562 2821
2561 2821
2560 2821
2563 2821
2559 2821
2821 2821
2821 2821
2821 2559
2821 2560
2821 2561
2821 2562
2821 2563
2821 2821
2821 2821
2564 2822
2822 2822
2822 2822
2822 2564
2822 2822
2822 2822
2558 2823
2823 2823
2823 2823
2823 2558
2823 2823
2823 2823
2824 2824
2824 2824
2824 2824
2824 2824
2825 2825
2825 2825
2825 2825
2825 2825
2518 2826
2566 2826
2565 2826
2567 2826
2517 2826
2826 2826
2826 2826
2826 2517
2826 2565
2826 2566
2826 2567
2826 2518
2826 2826
2826 2826
2571 2827
2569 2827
2570 2827
2568 2827
2572 2827
2827 2827
2827 2827
2827 2569
2827 2570
2827 2568
2827 2571
2827 2572
2827 2827
2827 2827
2574 2769
2770 2769
2573 2769
2769 2769
2769 2769
2769 2573
2769 2574
2769 2770
2769 2769
2769 2769
2575 2735
2736 2735
2576 2735
2735 2735
2735 2735
2735 2575
2735 2576
2735 2736
2735 2735
2735 2735
2518 2828
2577 2828
2828 2828
2828 2828
2828 2518
2828 2577
2828 2828
2828 2828
2829 2829
2829 2829
2829 2829
2829 2829
2578 2830
2830 2830
2830 2830
2830 2578
2830 2830
2830 2830
2557 2831
2831 2831
2831 2831
2831 2557
2831 2831
2831 2831
2832 2832
2832 2832
2832 2832
2832 2832
2833 2833
2833 2833
2833 2833
2833 2833
2834 2834
2834 2834
2834 2834
2834 2834
2835 2835
2835 2835
2835 2835
2835 2835
2710 2709
2836 2709
2590 2709
2589 2709
2585 2709
2588 2709
2530 2709
2554 2709
2586 2709
2584 2709
2580 2709
2556 2709
2582 2709
2579 2709
2587 2709
2709 2709
2709 2709
2709 2556
2709 2584
2709 2580
2709 2579
2709 2582
2709 2587
2709 2586
2709 2554
2709 2530
2709 2588
2709 2585
2709 2589
2709 2590
2709 2710
2709 2836
2709 2709
2709 2709
2591 2837
2836 2837
2583 2837
2581 2837
2837 2837
2837 2837
2837 2581
2837 2583
2837 2591
2837 2836
2837 2837
2837 2837
2592 2836
2837 2836
2709 2836
2836 2836
2836 2836
2836 2592
2836 2709
2836 2837
2836 2836
2836 2836
2593 2838
2838 2838
2838 2838
2838 2593
2838 2838
2838 2838
2594 2839
2839 2839
2839 2839
2839 2594
2839 2839
2839 2839
2840 2840
2840 2840
2840 2840
2840 2840
2841 2841
2841 2841
2841 2841
2841 2841
2842 2842
2842 2842
2842 2842
2842 2842
2595 2843
2843 2843
2843 2843
2843 2595
2843 2843
2843 2843
2596 2844
2844 2844
2844 2844
2844 2596
2844 2844
2844 2844
2550 2808
2597 2808
2598 2808
2817 2808
2497 2808
2807 2808
2743 2808
2809 2808
2808 2808
2808 2808
2808 2497
2808 2597
2808 2550
2808 2598
2808 2809
2808 2807
2808 2743
2808 2817
2808 2808
2808 2808
2460 2845
2599 2845
2458 2845
2600 2845
2845 2845
2845 2845
2845 2460
2845 2458
2845 2600
2845 2599
2845 2845
2845 2845
2601 2785
2787 2785
2785 2785
2785 2785
2785 2601
2785 2787
2785 2785
2785 2785
2846 2846
2846 2846
2846 2846
2846 2846
2847 2847
2847 2847
2847 2847
2847 2847
2649 2647
2671 2647
2607 2647
2608 2647
2615 2647
2686 2647
2646 2647
2609 2647
2606 2647
2605 2647
2604 2647
2645 2647
2603 2647
2706 2647
2647 2647
2647 2647
2647 2603
2647 2604
2647 2605
2647 2606
2647 2607
2647 2608
2647 2609
2647 2615
2647 2649
2647 2671
2647 2686
2647 2645
2647 2646
2647 2706
2647 2647
2647 2647
