2848 2849
2849 2849
2849 2849
2849 2848
2849 2849
2849 2849
2848 2850
2850 2850
2850 2850
2850 2848
2850 2850
2850 2850
2848 2851
2851 2851
2851 2851
2851 2848
2851 2851
2851 2851
2852 2854
2853 2854
2854 2854
2854 2854
2854 2852
2854 2853
2854 2854
2854 2854
2853 2852
2854 2852
2852 2852
2852 2852
2852 2854
2852 2853
2852 2852
2852 2852
2855 2858
2788 2858
2856 2858
2857 2858
2858 2858
2858 2858
2858 2788
2858 2855
2858 2856
2858 2857
2858 2858
2858 2858
2857 2855
2858 2855
2856 2855
2855 2855
2855 2855
2855 2858
2855 2856
2855 2857
2855 2855
2855 2855
2859 2860
2860 2860
2860 2860
2860 2859
2860 2860
2860 2860
2859 2861
2861 2861
2861 2861
2861 2859
2861 2861
2861 2861
2862 2863
2863 2863
2863 2863
2863 2862
2863 2863
2863 2863
2864 2868
2847 2868
2865 2868
2866 2868
2867 2868
2856 2868
2868 2868
2868 2868
2868 2847
2868 2856
2868 2864
2868 2867
2868 2866
2868 2865
2868 2868
2868 2868
2869 2871
2870 2871
2871 2871
2871 2871
2871 2869
2871 2870
2871 2871
2871 2871
2872 2873
2612 2873
2611 2873
2616 2873
2617 2873
2620 2873
2619 2873
2613 2873
2615 2873
2618 2873
2873 2873
2873 2873
2873 2611
2873 2612
2873 2613
2873 2615
2873 2616
2873 2617
2873 2618
2873 2619
2873 2620
2873 2872
2873 2873
2873 2873
2700 2874
2622 2874
2625 2874
2872 2874
2627 2874
2621 2874
2629 2874
2624 2874
2628 2874
2623 2874
2874 2874
2874 2874
2874 2622
2874 2625
2874 2623
2874 2627
2874 2621
2874 2629
2874 2624
2874 2628
2874 2700
2874 2872
2874 2874
2874 2874
2875 2877
2872 2877
2630 2877
2876 2877
2632 2877
2602 2877
2626 2877
2633 2877
2877 2877
2877 2877
2877 2632
2877 2602
2877 2633
2877 2626
2877 2630
2877 2875
2877 2876
2877 2872
2877 2877
2877 2877
2803 2880
2878 2880
2879 2880
2872 2880
2635 2880
2634 2880
2614 2880
2880 2880
2880 2880
2880 2635
2880 2634
2880 2614
2880 2803
2880 2878
2880 2879
2880 2872
2880 2880
2880 2880
2872 2882
2881 2882
2636 2882
2638 2882
2637 2882
2882 2882
2882 2882
2882 2637
2882 2638
2882 2636
2882 2881
2882 2872
2882 2882
2882 2882
2883 2885
2884 2885
2872 2885
2856 2885
2885 2885
2885 2885
2885 2884
2885 2883
2885 2856
2885 2872
2885 2885
2885 2885
2631 2875
2872 2875
2630 2875
2877 2875
2875 2875
2875 2875
2875 2630
2875 2631
2875 2877
2875 2872
2875 2875
2875 2875
2886 2887
2639 2887
2872 2887
2640 2887
2887 2887
2887 2887
2887 2639
2887 2640
2887 2886
2887 2872
2887 2887
2887 2887
2671 2881
2882 2881
2636 2881
2872 2881
2881 2881
2881 2881
2881 2636
2881 2671
2881 2882
2881 2872
2881 2881
2881 2881
2872 2888
2641 2888
2888 2888
2888 2888
2888 2641
2888 2872
2888 2888
2888 2888
2889 2891
2872 2891
2890 2891
2891 2891
2891 2891
2891 2890
2891 2889
2891 2872
2891 2891
2891 2891
2872 2892
2646 2892
2644 2892
2892 2892
2892 2892
2892 2644
2892 2646
2892 2872
2892 2892
2892 2892
2878 2893
2872 2893
2649 2893
2893 2893
2893 2893
2893 2649
2893 2878
2893 2872
2893 2893
2893 2893
2872 2895
2894 2895
2895 2895
2895 2895
2895 2894
2895 2872
2895 2895
2895 2895
2872 2876
2877 2876
2876 2876
2876 2876
2876 2877
2876 2872
2876 2876
2876 2876
2872 2896
2671 2896
2896 2896
2896 2896
2896 2671
2896 2872
2896 2896
2896 2896
2872 2890
2891 2890
2890 2890
2890 2890
2890 2891
2890 2872
2890 2890
2890 2890
2650 2897
2872 2897
2897 2897
2897 2897
2897 2650
2897 2872
2897 2897
2897 2897
2872 2899
2898 2899
2899 2899
2899 2899
2899 2898
2899 2872
2899 2899
2899 2899
2872 2884
2885 2884
2884 2884
2884 2884
2884 2885
2884 2872
2884 2884
2884 2884
2872 2883
2885 2883
2883 2883
2883 2883
2883 2885
2883 2872
2883 2883
2883 2883
2651 2900
2872 2900
2900 2900
2900 2900
2900 2651
2900 2872
2900 2900
2900 2900
2652 2901
2872 2901
2901 2901
2901 2901
2901 2652
2901 2872
2901 2901
2901 2901
2895 2894
2872 2894
2894 2894
2894 2894
2894 2895
2894 2872
2894 2894
2894 2894
2872 2902
2902 2902
2902 2902
2902 2872
2902 2902
2902 2902
2872 2903
2903 2903
2903 2903
2903 2872
2903 2903
2903 2903
2872 2904
2904 2904
2904 2904
2904 2872
2904 2904
2904 2904
2872 2905
2905 2905
2905 2905
2905 2872
2905 2905
2905 2905
2872 2906
2906 2906
2906 2906
2906 2872
2906 2906
2906 2906
2872 2907
2907 2907
2907 2907
2907 2872
2907 2907
2907 2907
2872 2908
2908 2908
2908 2908
2908 2872
2908 2908
2908 2908
2872 2909
2909 2909
2909 2909
2909 2872
2909 2909
2909 2909
2872 2910
2910 2910
2910 2910
2910 2872
2910 2910
2910 2910
2872 2911
2911 2911
2911 2911
2911 2872
2911 2911
2911 2911
2872 2912
2912 2912
2912 2912
2912 2872
2912 2912
2912 2912
2872 2913
2913 2913
2913 2913
2913 2872
2913 2913
2913 2913
2872 2914
2914 2914
2914 2914
2914 2872
2914 2914
2914 2914
2872 2915
2915 2915
2915 2915
2915 2872
2915 2915
2915 2915
2872 2916
2916 2916
2916 2916
2916 2872
2916 2916
2916 2916
2655 2918
2653 2918
2656 2918
2917 2918
2654 2918
2918 2918
2918 2918
2918 2655
2918 2653
2918 2656
2918 2654
2918 2917
2918 2918
2918 2918
2917 2920
2660 2920
2659 2920
2919 2920
2920 2920
2920 2920
2920 2659
2920 2660
2920 2919
2920 2917
2920 2920
2920 2920
2917 2923
2921 2923
2922 2923
2923 2923
2923 2923
2923 2921
2923 2922
2923 2917
2923 2923
2923 2923
2661 2924
2917 2924
2924 2924
2924 2924
2924 2661
2924 2917
2924 2924
2924 2924
2642 2926
2925 2926
2662 2926
2926 2926
2926 2926
2926 2642
2926 2662
2926 2925
2926 2926
2926 2926
2925 2886
2887 2886
2886 2886
2886 2886
2886 2887
2886 2925
2886 2886
2886 2886
2702 2919
2699 2919
2927 2919
2920 2919
2669 2919
2663 2919
2665 2919
2666 2919
2667 2919
2670 2919
2928 2919
2919 2919
2919 2919
2919 2663
2919 2665
2919 2666
2919 2667
2919 2669
2919 2670
2919 2699
2919 2702
2919 2920
2919 2928
2919 2927
2919 2919
2919 2919
2929 2928
2677 2928
2927 2928
2671 2928
2657 2928
2878 2928
2673 2928
2674 2928
2675 2928
2676 2928
2919 2928
2928 2928
2928 2928
2928 2671
2928 2657
2928 2673
2928 2674
2928 2675
2928 2676
2928 2677
2928 2919
2928 2878
2928 2929
2928 2927
2928 2928
2928 2928
2930 2933
2931 2933
2932 2933
2679 2933
2687 2933
2933 2933
2933 2933
2933 2679
2933 2687
2933 2932
2933 2931
2933 2930
2933 2933
2933 2933
2933 2932
2931 2932
2687 2932
2930 2932
2934 2932
2932 2932
2932 2932
2932 2687
2932 2933
2932 2931
2932 2934
2932 2930
2932 2932
2932 2932
2682 2935
2681 2935
2872 2935
2930 2935
2935 2935
2935 2935
2935 2681
2935 2682
2935 2872
2935 2930
2935 2935
2935 2935
2930 2936
2872 2936
2936 2936
2936 2936
2936 2872
2936 2930
2936 2936
2936 2936
2872 2937
2930 2937
2937 2937
2937 2937
2937 2872
2937 2930
2937 2937
2937 2937
2664 2938
2930 2938
2938 2938
2938 2938
2938 2664
2938 2930
2938 2938
2938 2938
2683 2941
2939 2941
2685 2941
2684 2941
2940 2941
2941 2941
2941 2941
2941 2684
2941 2685
2941 2683
2941 2939
2941 2940
2941 2941
2941 2941
2940 2942
2643 2942
2686 2942
2942 2942
2942 2942
2942 2686
2942 2643
2942 2940
2942 2942
2942 2942
2940 2943
2689 2943
2943 2943
2943 2943
2943 2689
2943 2940
2943 2943
2943 2943
2940 2944
2872 2944
2944 2944
2944 2944
2944 2872
2944 2940
2944 2944
2944 2944
2932 2931
2933 2931
2687 2931
2945 2931
2931 2931
2931 2931
2931 2687
2931 2933
2931 2932
2931 2945
2931 2931
2931 2931
2932 2934
2945 2934
2934 2934
2934 2934
2934 2932
2934 2945
2934 2934
2934 2934
2946 2947
2680 2947
2690 2947
2947 2947
2947 2947
2947 2680
2947 2690
2947 2946
2947 2947
2947 2947
2946 2948
2948 2948
2948 2948
2948 2946
2948 2948
2948 2948
2930 2939
2889 2939
2940 2939
2949 2939
2941 2939
2939 2939
2939 2939
2939 2941
2939 2889
2939 2930
2939 2940
2939 2949
2939 2939
2939 2939
2939 2889
2949 2889
2891 2889
2889 2889
2889 2889
2889 2891
2889 2939
2889 2949
2889 2889
2889 2889
2694 2951
2691 2951
2697 2951
2698 2951
2693 2951
2692 2951
2950 2951
2695 2951
2696 2951
2951 2951
2951 2951
2951 2693
2951 2694
2951 2695
2951 2696
2951 2691
2951 2697
2951 2698
2951 2692
2951 2950
2951 2951
2951 2951
2950 2952
2701 2952
2702 2952
2703 2952
2704 2952
2699 2952
2952 2952
2952 2952
2952 2699
2952 2701
2952 2702
2952 2703
2952 2704
2952 2950
2952 2952
2952 2952
2953 2955
2954 2955
2955 2955
2955 2955
2955 2954
2955 2953
2955 2955
2955 2955
2956 2958
2646 2958
2930 2958
2872 2958
2957 2958
2648 2958
2645 2958
2647 2958
2958 2958
2958 2958
2958 2648
2958 2645
2958 2646
2958 2647
2958 2957
2958 2872
2958 2930
2958 2956
2958 2958
2958 2958
2956 2959
2959 2959
2959 2959
2959 2956
2959 2959
2959 2959
2960 2961
2961 2961
2961 2961
2961 2960
2961 2961
2961 2961
2658 2965
2715 2965
2722 2965
2962 2965
2710 2965
2963 2965
2742 2965
2688 2965
2717 2965
2708 2965
2718 2965
2721 2965
2964 2965
2716 2965
2965 2965
2965 2965
2965 2710
2965 2715
2965 2688
2965 2658
2965 2716
2965 2717
2965 2718
2965 2721
2965 2722
2965 2708
2965 2742
2965 2963
2965 2962
2965 2964
2965 2965
2965 2965
2722 2963
2719 2963
2723 2963
2725 2963
2966 2963
2726 2963
2668 2963
2727 2963
2721 2963
2965 2963
2964 2963
2724 2963
2963 2963
2963 2963
2963 2721
2963 2722
2963 2719
2963 2723
2963 2725
2963 2726
2963 2724
2963 2727
2963 2668
2963 2965
2963 2966
2963 2964
2963 2963
2963 2963
2668 2962
2964 2962
2749 2962
2732 2962
2728 2962
2729 2962
2730 2962
2733 2962
2731 2962
2965 2962
2962 2962
2962 2962
2962 2728
2962 2729
2962 2730
2962 2732
2962 2733
2962 2731
2962 2668
2962 2749
2962 2965
2962 2964
2962 2962
2962 2962
2739 2967
2964 2967
2736 2967
2714 2967
2738 2967
2737 2967
2707 2967
2967 2967
2967 2967
2967 2736
2967 2714
2967 2738
2967 2737
2967 2739
2967 2707
2967 2964
2967 2967
2967 2967
2740 2968
2720 2968
2742 2968
2741 2968
2708 2968
2964 2968
2968 2968
2968 2968
2968 2708
2968 2742
2968 2740
2968 2720
2968 2741
2968 2964
2968 2968
2968 2968
2712 2969
2745 2969
2734 2969
2707 2969
2964 2969
2969 2969
2969 2969
2969 2734
2969 2712
2969 2745
2969 2707
2969 2964
2969 2969
2969 2969
2964 2971
2970 2971
2747 2971
2748 2971
2746 2971
2971 2971
2971 2971
2971 2746
2971 2748
2971 2747
2971 2970
2971 2964
2971 2971
2971 2971
2752 2972
2964 2972
2668 2972
2972 2972
2972 2972
2972 2668
2972 2752
2972 2964
2972 2972
2972 2972
2964 2975
2973 2975
2974 2975
2975 2975
2975 2975
2975 2974
2975 2973
2975 2964
2975 2975
2975 2975
2753 2976
2964 2976
2976 2976
2976 2976
2976 2753
2976 2964
2976 2976
2976 2976
2964 2974
2975 2974
2974 2974
2974 2974
2974 2975
2974 2964
2974 2974
2974 2974
2964 2973
2975 2973
2973 2973
2973 2973
2973 2975
2973 2964
2973 2973
2973 2973
2963 2966
2964 2966
2966 2966
2966 2966
2966 2963
2966 2964
2966 2966
2966 2966
2971 2970
2964 2970
2970 2970
2970 2970
2970 2971
2970 2964
2970 2970
2970 2970
2977 2979
2978 2979
2979 2979
2979 2979
2979 2978
2979 2977
2979 2979
2979 2979
2980 2921
2923 2921
2921 2921
2921 2921
2921 2923
2921 2980
2921 2921
2921 2921
2923 2922
2980 2922
2922 2922
2922 2922
2922 2923
2922 2980
2922 2922
2922 2922
2981 2984
2982 2984
2983 2984
2984 2984
2984 2984
2984 2982
2984 2981
2984 2983
2984 2984
2984 2984
2984 2982
2985 2982
2982 2982
2982 2982
2982 2984
2982 2985
2982 2982
2982 2982
2986 2987
2755 2987
2700 2987
2754 2987
2987 2987
2987 2987
2987 2754
2987 2755
2987 2700
2987 2986
2987 2987
2987 2987
2819 2990
2757 2990
2756 2990
2988 2990
2989 2990
2758 2990
2990 2990
2990 2990
2990 2758
2990 2757
2990 2756
2990 2819
2990 2989
2990 2988
2990 2990
2990 2990
2991 2993
2759 2993
2989 2993
2988 2993
2992 2993
2993 2993
2993 2993
2993 2759
2993 2992
2993 2991
2993 2989
2993 2988
2993 2993
2993 2993
2988 2994
2760 2994
2761 2994
2766 2994
2820 2994
2994 2994
2994 2994
2994 2760
2994 2761
2994 2766
2994 2820
2994 2988
2994 2994
2994 2994
2993 2992
2991 2992
2988 2992
2989 2992
2992 2992
2992 2992
2992 2993
2992 2991
2992 2989
2992 2988
2992 2992
2992 2992
2764 2995
2988 2995
2763 2995
2762 2995
2995 2995
2995 2995
2995 2762
2995 2763
2995 2764
2995 2988
2995 2995
2995 2995
2988 2996
2765 2996
2766 2996
2996 2996
2996 2996
2996 2765
2996 2766
2996 2988
2996 2996
2996 2996
2992 2991
2988 2991
2993 2991
2991 2991
2991 2991
2991 2993
2991 2992
2991 2988
2991 2991
2991 2991
2988 2999
2997 2999
2998 2999
2999 2999
2999 2999
2999 2997
2999 2998
2999 2988
2999 2999
2999 2999
3000 2997
2999 2997
2997 2997
2997 2997
2997 2999
2997 3000
2997 2997
2997 2997
2999 2998
3000 2998
2998 2998
2998 2998
2998 2999
2998 3000
2998 2998
2998 2998
3001 3002
2767 3002
2768 3002
3002 3002
3002 3002
3002 2768
3002 2767
3002 3001
3002 3002
3002 3002
3003 3005
2770 3005
3004 3005
3005 3005
3005 3005
3005 2770
3005 3003
3005 3004
3005 3005
3005 3005
3004 3006
3006 3006
3006 3006
3006 3004
3006 3006
3006 3006
2705 2878
2893 2878
2880 2878
2706 2878
2645 2878
2928 2878
2646 2878
3007 2878
2878 2878
2878 2878
2878 2645
2878 2646
2878 2706
2878 2705
2878 2880
2878 2893
2878 2928
2878 3007
2878 2878
2878 2878
2771 3008
3007 3008
3008 3008
3008 3008
3008 2771
3008 3007
3008 3008
3008 3008
3009 3010
2980 3010
3010 3010
3010 3010
3010 2980
3010 3009
3010 3010
3010 3010
3011 3012
2772 3012
3012 3012
3012 3012
3012 2772
3012 3011
3012 3012
3012 3012
3013 3014
2773 3014
3014 3014
3014 3014
3014 2773
3014 3013
3014 3014
3014 3014
3015 3016
2774 3016
3016 3016
3016 3016
3016 2774
3016 3015
3016 3016
3016 3016
2775 3018
3017 3018
3018 3018
3018 3018
3018 2775
3018 3017
3018 3018
3018 3018
3019 3021
2777 3021
2776 3021
3020 3021
3021 3021
3021 3021
3021 2777
3021 2776
3021 3020
3021 3019
3021 3021
3021 3021
3019 3022
2778 3022
2779 3022
3022 3022
3022 3022
3022 2778
3022 2779
3022 3019
3022 3022
3022 3022
3021 3020
3019 3020
3020 3020
3020 3020
3020 3021
3020 3019
3020 3020
3020 3020
3019 3023
3023 3023
3023 3023
3023 3019
3023 3023
3023 3023
3019 3024
3024 3024
3024 3024
3024 3019
3024 3024
3024 3024
3025 3026
3026 3026
3026 3026
3026 3025
3026 3026
3026 3026
3025 3027
3027 3027
3027 3027
3027 3025
3027 3027
3027 3027
3025 3028
3028 3028
3028 3028
3028 3025
3028 3028
3028 3028
3025 3029
3029 3029
3029 3029
3029 3025
3029 3029
3029 3029
2692 3031
3030 3031
3031 3031
3031 3031
3031 2692
3031 3030
3031 3031
3031 3031
3030 3032
3032 3032
3032 3032
3032 3030
3032 3032
3032 3032
3033 3035
3034 3035
3035 3035
3035 3035
3035 3033
3035 3034
3035 3035
3035 3035
3036 3037
3037 3037
3037 3037
3037 3036
3037 3037
3037 3037
3038 3039
2780 3039
3039 3039
3039 3039
3039 2780
3039 3038
3039 3039
3039 3039
2781 3041
2782 3041
3040 3041
3041 3041
3041 3041
3041 2781
3041 2782
3041 3040
3041 3041
3041 3041
3042 3044
3040 3044
3043 3044
3044 3044
3044 3044
3044 3042
3044 3040
3044 3043
3044 3044
3044 3044
3042 3045
3043 3045
3040 3045
3045 3045
3045 3045
3045 3042
3045 3040
3045 3043
3045 3045
3045 3045
2783 3047
3046 3047
2784 3047
3036 3047
2802 3047
3047 3047
3047 3047
3047 2783
3047 2784
3047 2802
3047 3036
3047 3046
3047 3047
3047 3047
2787 3049
2788 3049
3048 3049
2786 3049
3049 3049
3049 3049
3049 2787
3049 2788
3049 2786
3049 3048
3049 3049
3049 3049
3048 3051
2789 3051
3050 3051
3051 3051
3051 3051
3051 2789
3051 3050
3051 3048
3051 3051
3051 3051
2786 3052
2790 3052
3048 3052
3052 3052
3052 3052
3052 2790
3052 2786
3052 3048
3052 3052
3052 3052
3048 3053
3053 3053
3053 3053
3053 3048
3053 3053
3053 3053
3054 3056
3055 3056
3056 3056
3056 3056
3056 3055
3056 3054
3056 3056
3056 3056
3054 3055
3056 3055
3055 3055
3055 3055
3055 3056
3055 3054
3055 3055
3055 3055
2678 3058
3057 3058
2791 3058
3058 3058
3058 3058
3058 2678
3058 2791
3058 3057
3058 3058
3058 3058
2958 2957
3059 2957
2793 2957
2792 2957
2957 2957
2957 2957
2957 2792
2957 2793
2957 2958
2957 3059
2957 2957
2957 2957
2794 3060
2672 3060
3059 3060
2795 3060
3060 3060
3060 3060
3060 2794
3060 2672
3060 2795
3060 3059
3060 3060
3060 3060
2796 2879
2880 2879
2797 2879
3059 2879
2879 2879
2879 2879
2879 2796
2879 2797
2879 2880
2879 3059
2879 2879
2879 2879
3036 3061
3059 3061
3042 3061
3061 3061
3061 3061
3061 3042
3061 3036
3061 3059
3061 3061
3061 3061
3062 3064
3063 3064
3059 3064
3064 3064
3064 3064
3064 3062
3064 3063
3064 3059
3064 3064
3064 3064
2798 3065
2799 3065
3059 3065
3065 3065
3065 3065
3065 2799
3065 2798
3065 3059
3065 3065
3065 3065
3059 3066
2700 3066
3066 3066
3066 3066
3066 2700
3066 3059
3066 3066
3066 3066
3059 3067
3067 3067
3067 3067
3067 3059
3067 3067
3067 3067
3059 3068
3068 3068
3068 3068
3068 3059
3068 3068
3068 3068
3059 3069
3069 3069
3069 3069
3069 3059
3069 3069
3069 3069
3070 3071
3071 3071
3071 3071
3071 3070
3071 3071
3071 3071
2803 3073
3072 3073
2802 3073
2800 3073
2801 3073
3073 3073
3073 3073
3073 2800
3073 2802
3073 2801
3073 2803
3073 3072
3073 3073
3073 3073
2804 3075
2805 3075
3074 3075
3075 3075
3075 3075
3075 2804
3075 2805
3075 3074
3075 3075
3075 3075
3074 3076
3076 3076
3076 3076
3076 3074
3076 3076
3076 3076
3077 3078
2806 3078
3078 3078
3078 3078
3078 2806
3078 3077
3078 3078
3078 3078
2817 3081
3079 3081
2812 3081
2815 3081
2816 3081
2751 3081
2749 3081
2711 3081
2713 3081
2750 3081
2807 3081
2808 3081
2813 3081
2809 3081
2707 3081
2810 3081
2814 3081
3080 3081
3081 3081
3081 3081
3081 2751
3081 2711
3081 2750
3081 2809
3081 2749
3081 2810
3081 2707
3081 2807
3081 2814
3081 2813
3081 2713
3081 2816
3081 2815
3081 2817
3081 2812
3081 2808
3081 3079
3081 3080
3081 3081
3081 3081
2807 3082
3079 3082
2816 3082
2811 3082
2814 3082
2815 3082
3080 3082
2813 3082
2817 3082
2707 3082
3082 3082
3082 3082
3082 2707
3082 2811
3082 2807
3082 2814
3082 2813
3082 2816
3082 2815
3082 2817
3082 3079
3082 3080
3082 3082
3082 3082
3079 3084
2817 3084
2818 3084
2816 3084
2815 3084
3083 3084
2713 3084
2744 3084
2812 3084
2743 3084
3084 3084
3084 3084
3084 2713
3084 2744
3084 2743
3084 2816
3084 2815
3084 2817
3084 2818
3084 2812
3084 3079
3084 3083
3084 3084
3084 3084
3085 2989
2993 2989
2820 2989
2990 2989
2992 2989
2819 2989
2989 2989
2989 2989
2989 2819
2989 2820
2989 2990
2989 2993
2989 2992
2989 3085
2989 2989
2989 2989
3085 3087
3086 3087
3087 3087
3087 3087
3087 3086
3087 3085
3087 3087
3087 3087
3085 3086
3087 3086
3086 3086
3086 3086
3086 3087
3086 3085
3086 3086
3086 3086
3088 3089
2824 3089
2825 3089
2823 3089
2822 3089
2821 3089
3089 3089
3089 3089
3089 2821
3089 2822
3089 2823
3089 2824
3089 2825
3089 3088
3089 3089
3089 3089
3090 3091
3091 3091
3091 3091
3091 3090
3091 3091
3091 3091
3092 3033
3035 3033
3033 3033
3033 3033
3033 3035
3033 3092
3033 3033
3033 3033
3092 3093
3093 3093
3093 3093
3093 3092
3093 3093
3093 3093
2826 3095
2827 3095
3094 3095
2828 3095
2769 3095
2735 3095
2829 3095
3095 3095
3095 3095
3095 2826
3095 2827
3095 2769
3095 2735
3095 2828
3095 2829
3095 3094
3095 3095
3095 3095
2830 3096
3094 3096
3096 3096
3096 3096
3096 2830
3096 3094
3096 3096
3096 3096
3094 3097
3097 3097
3097 3097
3097 3094
3097 3097
3097 3097
2834 3100
2835 3100
2709 3100
3079 3100
3098 3100
2833 3100
2838 3100
2831 3100
2832 3100
3099 3100
3100 3100
3100 3100
3100 2831
3100 2832
3100 2833
3100 2834
3100 2835
3100 2709
3100 2838
3100 3099
3100 3079
3100 3098
3100 3100
3100 3100
2840 3099
2836 3099
2841 3099
3098 3099
2838 3099
2837 3099
2839 3099
2709 3099
3100 3099
2842 3099
3099 3099
3099 3099
3099 2709
3099 2837
3099 2836
3099 2838
3099 2839
3099 2840
3099 2841
3099 2842
3099 3100
3099 3098
3099 3099
3099 3099
2843 3101
3098 3101
3101 3101
3101 3101
3101 2843
3101 3098
3101 3101
3101 3101
3102 3103
2844 3103
3103 3103
3103 3103
3103 2844
3103 3102
3103 3103
3103 3103
3082 3079
3104 3079
3098 3079
3081 3079
3084 3079
2808 3079
3100 3079
3079 3079
3079 3079
3079 2808
3079 3081
3079 3082
3079 3084
3079 3100
3079 3098
3079 3104
3079 3079
3079 3079
2853 2856
3105 2856
2864 2856
2858 2856
2855 2856
2868 2856
3106 2856
3107 2856
2845 2856
2867 2856
2885 2856
2856 2856
2856 2856
2856 2845
2856 2858
2856 2855
2856 2868
2856 2885
2856 3106
2856 2864
2856 2867
2856 2853
2856 3107
2856 3105
2856 2856
2856 2856
3105 3106
2867 3106
2785 3106
3108 3106
2856 3106
2846 3106
2864 3106
2866 3106
3106 3106
3106 3106
3106 2785
3106 2846
3106 2856
3106 2864
3106 2867
3106 2866
3106 3108
3106 3105
3106 3106
3106 3106
3105 2864
2856 2864
2868 2864
3107 2864
2866 2864
2847 2864
3106 2864
2864 2864
2864 2864
2864 2847
2864 2868
2864 2856
2864 3106
2864 2866
2864 3107
2864 3105
2864 2864
2864 2864
3107 2867
2866 2867
2856 2867
2868 2867
3106 2867
3105 2867
2867 2867
2867 2867
2867 2868
2867 2856
2867 3106
2867 2866
2867 3107
2867 3105
2867 2867
2867 2867
3105 2866
2868 2866
2867 2866
2847 2866
2864 2866
3106 2866
2866 2866
2866 2866
2866 2847
2866 2868
2866 3106
2866 2864
2866 2867
2866 3105
2866 2866
2866 2866
3105 2848
2850 2848
2647 2848
2851 2848
2849 2848
2848 2848
2848 2848
2848 2647
2848 2849
2848 2850
2848 2851
2848 3105
2848 2848
2848 2848
3109 2853
2856 2853
3105 2853
2852 2853
2854 2853
2853 2853
2853 2853
2853 2854
2853 2852
2853 2856
2853 3109
2853 3105
2853 2853
2853 2853
3107 2857
3105 2857
2855 2857
2858 2857
2857 2857
2857 2857
2857 2858
2857 2855
2857 3107
2857 3105
2857 2857
2857 2857
2872 2898
2899 2898
3105 2898
2898 2898
2898 2898
2898 2899
2898 2872
2898 3105
2898 2898
2898 2898
3108 3109
2853 3109
3105 3109
3109 3109
3109 3109
3109 2853
3109 3108
3109 3105
3109 3109
3109 3109
2860 2859
3105 2859
2861 2859
2859 2859
2859 2859
2859 2860
2859 2861
2859 3105
2859 2859
2859 2859
3105 2862
2863 2862
3110 2862
2862 2862
2862 2862
2862 2863
2862 3110
2862 3105
2862 2862
2862 2862
3105 3108
3106 3108
3109 3108
3108 3108
3108 3108
3108 3106
3108 3109
3108 3105
3108 3108
3108 3108
2868 2865
3105 2865
2865 2865
2865 2865
2865 2868
2865 3105
2865 2865
2865 2865
3105 2869
2871 2869
2869 2869
2869 2869
2869 2871
2869 3105
2869 2869
2869 2869
3105 2870
2871 2870
2870 2870
2870 2870
2870 2871
2870 3105
2870 2870
2870 2870
2862 3110
3105 3110
3110 3110
3110 3110
3110 2862
3110 3105
3110 3110
3110 3110
3105 3111
3111 3111
3111 3111
3111 3105
3111 3111
3111 3111
2890 2872
2885 2872
2882 2872
2908 2872
2880 2872
3112 2872
2877 2872
2909 2872
2875 2872
2910 2872
3113 2872
2958 2872
2899 2872
2929 2872
2944 2872
2937 2872
2917 2872
2874 2872
2887 2872
2907 2872
2906 2872
2873 2872
2896 2872
2884 2872
2876 2872
2883 2872
2895 2872
2893 2872
2986 2872
2900 2872
2936 2872
2901 2872
3114 2872
2894 2872
2891 2872
2902 2872
2888 2872
2903 2872
2881 2872
2904 2872
2905 2872
2892 2872
2935 2872
2897 2872
2913 2872
2912 2872
2911 2872
2898 2872
2914 2872
2915 2872
2916 2872
2872 2872
2872 2872
2872 2873
2872 2874
2872 2877
2872 2880
2872 2882
2872 2885
2872 2875
2872 2887
2872 2881
2872 2888
2872 2891
2872 2892
2872 2893
2872 2895
2872 2876
2872 2896
2872 2890
2872 2897
2872 2899
2872 2884
2872 2883
2872 2900
2872 2901
2872 2894
2872 2902
2872 2903
2872 2904
2872 2905
2872 2906
2872 2907
2872 2908
2872 2909
2872 2910
2872 2911
2872 2912
2872 2913
2872 2914
2872 2915
2872 2916
2872 2935
2872 2936
2872 2937
2872 2944
2872 2958
2872 2898
2872 2917
2872 2929
2872 3112
2872 2986
2872 3114
2872 3113
2872 2872
2872 2872
2924 2917
2918 2917
2920 2917
3114 2917
2923 2917
3113 2917
2872 2917
2917 2917
2917 2917
2917 2918
2917 2920
2917 2923
2917 2924
2917 2872
2917 3114
2917 3113
2917 2917
2917 2917
3113 2925
2926 2925
2886 2925
2925 2925
2925 2925
2925 2926
2925 2886
2925 3113
2925 2925
2925 2925
3113 2929
2928 2929
2872 2929
2929 2929
2929 2929
2929 2928
2929 2872
2929 3113
2929 2929
2929 2929
3113 3115
3115 3115
3115 3115
3115 3113
3115 3115
3115 3115
3113 3116
3116 3116
3116 3116
3116 3113
3116 3116
3116 3116
2984 2981
3117 2981
2980 2981
3118 2981
2981 2981
2981 2981
2981 2984
2981 2980
2981 3118
2981 3117
2981 2981
2981 2981
2919 2927
3117 2927
2928 2927
2927 2927
2927 2927
2927 2919
2927 2928
2927 3117
2927 2927
2927 2927
3114 2930
2958 2930
2933 2930
3113 2930
2932 2930
2935 2930
2936 2930
2937 2930
2938 2930
2939 2930
3119 2930
2930 2930
2930 2930
2930 2933
2930 2932
2930 2935
2930 2936
2930 2937
2930 2938
2930 2939
2930 2958
2930 3114
2930 3113
2930 3119
2930 2930
2930 2930
3119 2940
2942 2940
2941 2940
2944 2940
2939 2940
2943 2940
2940 2940
2940 2940
2940 2941
2940 2942
2940 2943
2940 2944
2940 2939
2940 3119
2940 2940
2940 2940
2931 2945
2934 2945
3119 2945
2945 2945
2945 2945
2945 2931
2945 2934
2945 3119
2945 2945
2945 2945
3119 2946
2947 2946
2948 2946
2946 2946
2946 2946
2946 2947
2946 2948
2946 3119
2946 2946
2946 2946
3120 2949
2939 2949
2889 2949
2949 2949
2949 2949
2949 2939
2949 2889
2949 3120
2949 2949
2949 2949
3121 2950
2951 2950
2952 2950
2950 2950
2950 2950
2950 2951
2950 2952
2950 3121
2950 2950
2950 2950
3121 2954
2955 2954
2954 2954
2954 2954
2954 2955
2954 3121
2954 2954
2954 2954
2955 2953
3121 2953
2953 2953
2953 2953
2953 2955
2953 3121
2953 2953
2953 2953
2979 2978
3122 2978
2978 2978
2978 2978
2978 2979
2978 3122
2978 2978
2978 2978
3122 3123
3123 3123
3123 3123
3123 3122
3123 3123
3123 3123
3124 3125
3125 3125
3125 3125
3125 3124
3125 3125
3125 3125
3126 3112
3000 3112
3127 3112
2872 3112
3112 3112
3112 3112
3112 2872
3112 3000
3112 3126
3112 3127
3112 3112
3112 3112
2958 2956
2959 2956
3127 2956
2956 2956
2956 2956
2956 2958
2956 2959
2956 3127
2956 2956
2956 2956
3128 3130
3129 3130
3124 3130
3130 3130
3130 3130
3130 3124
3130 3128
3130 3129
3130 3130
3130 3130
2961 2960
3131 2960
3120 2960
2960 2960
2960 2960
2960 2961
2960 3120
2960 3131
2960 2960
2960 2960
2975 2964
3132 2964
2976 2964
2968 2964
2963 2964
2972 2964
2962 2964
2967 2964
2971 2964
2970 2964
2965 2964
2966 2964
2973 2964
2969 2964
2974 2964
2964 2964
2964 2964
2964 2965
2964 2963
2964 2962
2964 2967
2964 2968
2964 2969
2964 2971
2964 2972
2964 2975
2964 2976
2964 2974
2964 2973
2964 2966
2964 2970
2964 3132
2964 2964
2964 2964
2979 2977
3133 2977
2977 2977
2977 2977
2977 2979
2977 3133
2977 2977
2977 2977
2981 2980
2921 2980
3134 2980
3135 2980
3010 2980
2922 2980
2980 2980
2980 2980
2980 2921
2980 2922
2980 3010
2980 2981
2980 3135
2980 3134
2980 2980
2980 2980
3005 3003
3136 3003
3009 3003
3134 3003
3003 3003
3003 3003
3003 3005
3003 3136
3003 3009
3003 3134
3003 3003
3003 3003
3134 3137
3117 3137
3118 3137
2983 3137
3137 3137
3137 3137
3137 2983
3137 3118
3137 3117
3137 3134
3137 3137
3137 3137
3134 2983
2984 2983
3137 2983
2983 2983
2983 2983
2983 2984
2983 3137
2983 3134
2983 2983
2983 2983
2981 3118
3134 3118
3137 3118
3118 3118
3118 3118
3118 2981
3118 3137
3118 3134
3118 3118
3118 3118
2980 3135
3134 3135
3135 3135
3135 3135
3135 2980
3135 3134
3135 3135
3135 3135
3134 3138
3138 3138
3138 3138
3138 3134
3138 3138
3138 3138
3134 3139
3139 3139
3139 3139
3139 3134
3139 3139
3139 3139
3134 3140
3140 3140
3140 3140
3140 3134
3140 3140
3140 3140
3134 3141
3141 3141
3141 3141
3141 3134
3141 3141
3141 3141
3134 3142
3142 3142
3142 3142
3142 3134
3142 3142
3142 3142
3134 3136
3143 3136
3003 3136
3136 3136
3136 3136
3136 3003
3136 3134
3136 3143
3136 3136
3136 3136
2982 2985
3134 2985
3143 2985
2985 2985
2985 2985
2985 2982
2985 3134
2985 3143
2985 2985
2985 2985
2987 2986
3143 2986
2872 2986
2986 2986
2986 2986
2986 2987
2986 2872
2986 3143
2986 2986
2986 2986
3143 3050
3051 3050
3050 3050
3050 3050
3050 3051
3050 3143
3050 3050
3050 3050
3143 3144
3144 3144
3144 3144
3144 3143
3144 3144
3144 3144
2917 3114
3145 3114
3146 3114
3113 3114
2930 3114
2872 3114
3114 3114
3114 3114
3114 2872
3114 2917
3114 2930
3114 3113
3114 3146
3114 3145
3114 3114
3114 3114
3147 3149
3148 3149
3149 3149
3149 3149
3149 3147
3149 3148
3149 3149
3149 3149
2990 2988
2993 2988
3150 2988
2992 2988
2996 2988
2991 2988
2999 2988
2994 2988
2995 2988
2988 2988
2988 2988
2988 2990
2988 2993
2988 2994
2988 2992
2988 2995
2988 2996
2988 2991
2988 2999
2988 3150
2988 2988
2988 2988
3150 3000
3112 3000
3126 3000
2997 3000
2998 3000
3000 3000
3000 3000
3000 2997
3000 2998
3000 3112
3000 3126
3000 3150
3000 3000
3000 3000
3000 3126
3112 3126
3127 3126
3150 3126
3126 3126
3126 3126
3126 3112
3126 3000
3126 3127
3126 3150
3126 3126
3126 3126
3150 3001
3002 3001
3001 3001
3001 3001
3001 3002
3001 3150
3001 3001
3001 3001
3150 3151
3151 3151
3151 3151
3151 3150
3151 3151
3151 3151
3150 3152
3152 3152
3152 3152
3152 3150
3152 3152
3152 3152
3153 3107
2857 3107
3154 3107
2856 3107
2864 3107
2867 3107
3107 3107
3107 3107
3107 2856
3107 2864
3107 2867
3107 2857
3107 3154
3107 3153
3107 3107
3107 3107
3006 3004
3005 3004
3155 3004
3134 3004
3004 3004
3004 3004
3004 3005
3004 3006
3004 3134
3004 3155
3004 3004
3004 3004
2878 3007
3008 3007
3155 3007
3007 3007
3007 3007
3007 2878
3007 3008
3007 3155
3007 3007
3007 3007
3155 3009
3010 3009
3003 3009
3009 3009
3009 3009
3009 3010
3009 3003
3009 3155
3009 3009
3009 3009
3155 3011
3012 3011
3011 3011
3011 3011
3011 3012
3011 3155
3011 3011
3011 3011
3156 3013
3014 3013
3157 3013
3013 3013
3013 3013
3013 3014
3013 3157
3013 3156
3013 3013
3013 3013
3158 3015
3156 3015
3016 3015
3015 3015
3015 3015
3015 3016
3015 3158
3015 3156
3015 3015
3015 3015
3156 3017
3018 3017
3017 3017
3017 3017
3017 3018
3017 3156
3017 3017
3017 3017
3015 3158
3156 3158
3158 3158
3158 3158
3158 3015
3158 3156
3158 3158
3158 3158
3156 3157
3013 3157
3157 3157
3157 3157
3157 3013
3157 3156
3157 3157
3157 3157
3024 3019
3021 3019
3020 3019
3022 3019
3159 3019
3023 3019
3019 3019
3019 3019
3019 3021
3019 3022
3019 3020
3019 3023
3019 3024
3019 3159
3019 3019
3019 3019
3026 3025
3159 3025
3027 3025
3028 3025
3029 3025
3025 3025
3025 3025
3025 3026
3025 3027
3025 3028
3025 3029
3025 3159
3025 3025
3025 3025
3032 3030
3031 3030
3159 3030
3030 3030
3030 3030
3030 3031
3030 3032
3030 3159
3030 3030
3030 3030
3159 3160
3160 3160
3160 3160
3160 3159
3160 3160
3160 3160
3161 3062
3064 3062
3062 3062
3062 3062
3062 3064
3062 3161
3062 3062
3062 3062
3064 3063
3161 3063
3063 3063
3063 3063
3063 3064
3063 3161
3063 3063
3063 3063
3162 3163
3163 3163
3163 3163
3163 3162
3163 3163
3163 3163
3164 3165
3165 3165
3165 3165
3165 3164
3165 3165
3165 3165
3035 3034
3166 3034
3034 3034
3034 3034
3034 3035
3034 3166
3034 3034
3034 3034
3167 3042
3036 3042
3168 3042
3061 3042
3045 3042
3044 3042
3042 3042
3042 3042
3042 3044
3042 3045
3042 3061
3042 3036
3042 3168
3042 3167
3042 3042
3042 3042
3167 3036
3042 3036
3047 3036
3037 3036
3061 3036
3036 3036
3036 3036
3036 3037
3036 3047
3036 3061
3036 3042
3036 3167
3036 3036
3036 3036
3039 3038
3167 3038
3038 3038
3038 3038
3038 3039
3038 3167
3038 3038
3038 3038
3044 3040
3041 3040
3169 3040
3170 3040
3045 3040
3040 3040
3040 3040
3040 3041
3040 3044
3040 3045
3040 3170
3040 3169
3040 3040
3040 3040
3045 3043
3044 3043
3169 3043
3043 3043
3043 3043
3043 3044
3043 3045
3043 3169
3043 3043
3043 3043
3047 3046
3169 3046
3046 3046
3046 3046
3046 3047
3046 3169
3046 3046
3046 3046
3171 3172
3169 3172
3172 3172
3172 3172
3172 3169
3172 3171
3172 3172
3172 3172
3173 3168
3042 3168
3169 3168
3171 3168
3168 3168
3168 3168
3168 3042
3168 3169
3168 3171
3168 3173
3168 3168
3168 3168
3173 3174
3174 3174
3174 3174
3174 3173
3174 3174
3174 3174
3175 3048
3176 3048
3049 3048
3051 3048
3052 3048
3053 3048
3048 3048
3048 3048
3048 3049
3048 3051
3048 3052
3048 3053
3048 3176
3048 3175
3048 3048
3048 3048
3176 3177
3175 3177
3177 3177
3177 3177
3177 3176
3177 3175
3177 3177
3177 3177
3178 3179
3179 3179
3179 3179
3179 3178
3179 3179
3179 3179
3056 3054
3055 3054
3180 3054
3054 3054
3054 3054
3054 3056
3054 3055
3054 3180
3054 3054
3054 3054
3058 3057
3180 3057
3057 3057
3057 3057
3057 3058
3057 3180
3057 3057
3057 3057
3181 3182
3182 3182
3182 3182
3182 3181
3182 3182
3182 3182
3183 3184
3184 3184
3184 3184
3184 3183
3184 3184
3184 3184
3183 3185
3185 3185
3185 3185
3185 3183
3185 3185
3185 3185
3060 3059
3066 3059
3186 3059
3067 3059
2957 3059
3064 3059
3068 3059
2879 3059
3061 3059
3069 3059
3065 3059
3059 3059
3059 3059
3059 2957
3059 3060
3059 2879
3059 3061
3059 3064
3059 3065
3059 3066
3059 3067
3059 3068
3059 3069
3059 3186
3059 3059
3059 3059
3186 3070
3071 3070
3070 3070
3070 3070
3070 3071
3070 3186
3070 3070
3070 3070
3187 3188
3188 3188
3188 3188
3188 3187
3188 3188
3188 3188
3187 3189
3189 3189
3189 3189
3189 3187
3189 3189
3189 3189
3187 3190
3190 3190
3190 3190
3190 3187
3190 3190
3190 3190
3191 3072
3073 3072
3072 3072
3072 3072
3072 3073
3072 3191
3072 3072
3072 3072
3192 3074
3075 3074
3076 3074
3074 3074
3074 3074
3074 3075
3074 3076
3074 3192
3074 3074
3074 3074
3193 3194
3194 3194
3194 3194
3194 3193
3194 3194
3194 3194
3195 3077
3196 3077
3078 3077
3077 3077
3077 3077
3077 3078
3077 3196
3077 3195
3077 3077
3077 3077
3077 3196
3195 3196
3196 3196
3196 3196
3196 3077
3196 3195
3196 3196
3196 3196
3195 3197
3197 3197
3197 3197
3197 3195
3197 3197
3197 3197
3198 3199
3199 3199
3199 3199
3199 3198
3199 3199
3199 3199
3198 3200
3200 3200
3200 3200
3200 3198
3200 3200
3200 3200
3201 3202
3080 3202
3202 3202
3202 3202
3202 3080
3202 3201
3202 3202
3202 3202
3201 3203
3203 3203
3203 3203
3203 3201
3203 3203
3203 3203
3159 3080
3202 3080
3201 3080
3204 3080
3081 3080
3082 3080
3080 3080
3080 3080
3080 3081
3080 3082
3080 3202
3080 3159
3080 3201
3080 3204
3080 3080
3080 3080
3084 3083
3204 3083
3083 3083
3083 3083
3083 3084
3083 3204
3083 3083
3083 3083
3087 3085
3205 3085
2989 3085
3086 3085
3085 3085
3085 3085
3085 2989
3085 3087
3085 3086
3085 3205
3085 3085
3085 3085
3089 3088
3205 3088
3088 3088
3088 3088
3088 3089
3088 3205
3088 3088
3088 3088
3206 3207
3207 3207
3207 3207
3207 3206
3207 3207
3207 3207
3208 3090
3091 3090
3090 3090
3090 3090
3090 3091
3090 3208
3090 3090
3090 3090
3093 3092
3033 3092
3209 3092
3092 3092
3092 3092
3092 3033
3092 3093
3092 3209
3092 3092
3092 3092
3210 3094
3095 3094
3096 3094
3097 3094
3094 3094
3094 3094
3094 3095
3094 3096
3094 3097
3094 3210
3094 3094
3094 3094
3079 3098
3211 3098
3100 3098
3101 3098
3099 3098
3098 3098
3098 3098
3098 3100
3098 3099
3098 3101
3098 3079
3098 3211
3098 3098
3098 3098
3104 3102
3211 3102
3103 3102
3102 3102
3102 3102
3102 3103
3102 3104
3102 3211
3102 3102
3102 3102
3102 3104
3079 3104
3211 3104
3104 3104
3104 3104
3104 3079
3104 3102
3104 3211
3104 3104
3104 3104
3120 3105
2869 3105
3106 3105
2865 3105
3110 3105
3108 3105
3111 3105
2862 3105
2859 3105
2856 3105
3109 3105
2857 3105
2853 3105
2848 3105
2866 3105
2867 3105
2864 3105
2898 3105
3131 3105
2870 3105
3153 3105
3212 3105
3105 3105
3105 3105
3105 2856
3105 3106
3105 2864
3105 2867
3105 2866
3105 2848
3105 2853
3105 2857
3105 2898
3105 3109
3105 2859
3105 2862
3105 3108
3105 2865
3105 2869
3105 2870
3105 3110
3105 3111
3105 3120
3105 3131
3105 3153
3105 3212
3105 3105
3105 3105
3122 3113
3115 3113
2929 3113
2930 3113
2925 3113
3129 3113
2917 3113
2872 3113
3116 3113
3146 3113
3212 3113
3145 3113
3114 3113
3124 3113
3128 3113
3113 3113
3113 3113
3113 2872
3113 2917
3113 2925
3113 2929
3113 3115
3113 3116
3113 2930
3113 3114
3113 3122
3113 3146
3113 3124
3113 3128
3113 3129
3113 3145
3113 3212
3113 3113
3113 3113
3212 3117
3137 3117
3134 3117
3143 3117
2927 3117
2981 3117
3117 3117
3117 3117
3117 2981
3117 2927
3117 3137
3117 3134
3117 3143
3117 3212
3117 3117
3117 3117
2930 3119
2940 3119
2945 3119
3212 3119
2946 3119
3119 3119
3119 3119
3119 2930
3119 2940
3119 2945
3119 2946
3119 3212
3119 3119
3119 3119
2949 3120
3212 3120
2960 3120
3105 3120
3120 3120
3120 3120
3120 2949
3120 2960
3120 3105
3120 3212
3120 3120
3120 3120
3212 3121
2954 3121
2953 3121
2950 3121
3121 3121
3121 3121
3121 2950
3121 2954
3121 2953
3121 3212
3121 3121
3121 3121
3212 3122
2978 3122
3123 3122
3113 3122
3122 3122
3122 3122
3122 2978
3122 3123
3122 3113
3122 3212
3122 3122
3122 3122
3145 3146
3114 3146
3113 3146
3212 3146
3146 3146
3146 3146
3146 3114
3146 3113
3146 3145
3146 3212
3146 3146
3146 3146
3125 3124
3113 3124
3212 3124
3130 3124
3124 3124
3124 3124
3124 3125
3124 3130
3124 3113
3124 3212
3124 3124
3124 3124
3126 3127
3112 3127
2956 3127
3212 3127
3127 3127
3127 3127
3127 3112
3127 2956
3127 3126
3127 3212
3127 3127
3127 3127
3130 3128
3212 3128
3113 3128
3128 3128
3128 3128
3128 3130
3128 3113
3128 3212
3128 3128
3128 3128
3212 3129
3130 3129
3113 3129
3129 3129
3129 3129
3129 3130
3129 3113
3129 3212
3129 3129
3129 3129
3105 3131
3212 3131
2960 3131
3131 3131
3131 3131
3131 2960
3131 3105
3131 3212
3131 3131
3131 3131
3212 3154
3107 3154
3154 3154
3154 3154
3154 3107
3154 3212
3154 3154
3154 3154
2964 3132
3212 3132
3132 3132
3132 3132
3132 2964
3132 3212
3132 3132
3132 3132
2977 3133
3212 3133
3133 3133
3133 3133
3133 2977
3133 3212
3133 3133
3133 3133
3212 3213
3213 3213
3213 3213
3213 3212
3213 3213
3213 3213
3212 3214
3214 3214
3214 3214
3214 3212
3214 3214
3214 3214
3215 3134
3139 3134
3003 3134
3004 3134
3137 3134
2985 3134
3136 3134
3117 3134
3141 3134
3142 3134
3138 3134
3135 3134
3118 3134
2983 3134
2980 3134
3140 3134
3134 3134
3134 3134
3134 2980
3134 3003
3134 3137
3134 2983
3134 3118
3134 3135
3134 3138
3134 3139
3134 3140
3134 3141
3134 3142
3134 3136
3134 2985
3134 3004
3134 3117
3134 3215
3134 3134
3134 3134
3136 3143
3215 3143
3117 3143
2985 3143
3144 3143
2986 3143
3050 3143
3143 3143
3143 3143
3143 3136
3143 2985
3143 2986
3143 3050
3143 3144
3143 3117
3143 3215
3143 3143
3143 3143
3114 3145
3146 3145
3113 3145
3212 3145
3215 3145
3145 3145
3145 3145
3145 3114
3145 3113
3145 3146
3145 3212
3145 3215
3145 3145
3145 3145
3215 3147
3149 3147
3147 3147
3147 3147
3147 3149
3147 3215
3147 3147
3147 3147
3215 3148
3149 3148
3148 3148
3148 3148
3148 3149
3148 3215
3148 3148
3148 3148
3152 3150
3151 3150
3126 3150
3001 3150
2988 3150
3216 3150
3000 3150
3150 3150
3150 3150
3150 2988
3150 3000
3150 3126
3150 3001
3150 3151
3150 3152
3150 3216
3150 3150
3150 3150
3105 3153
3107 3153
3216 3153
3153 3153
3153 3153
3153 3107
3153 3105
3153 3216
3153 3153
3153 3153
3216 3217
3217 3217
3217 3217
3217 3216
3217 3217
3217 3217
3218 3155
3212 3155
3011 3155
3009 3155
3007 3155
3004 3155
3219 3155
3155 3155
3155 3155
3155 3004
3155 3007
3155 3009
3155 3011
3155 3219
3155 3212
3155 3218
3155 3155
3155 3155
3155 3219
3218 3219
3219 3219
3219 3219
3219 3155
3219 3218
3219 3219
3219 3219
3157 3156
3013 3156
3015 3156
3017 3156
3158 3156
3220 3156
3156 3156
3156 3156
3156 3013
3156 3015
3156 3017
3156 3158
3156 3157
3156 3220
3156 3156
3156 3156
3019 3159
3030 3159
3080 3159
3221 3159
3025 3159
3160 3159
3159 3159
3159 3159
3159 3019
3159 3025
3159 3030
3159 3160
3159 3080
3159 3221
3159 3159
3159 3159
3062 3161
3221 3161
3063 3161
3161 3161
3161 3161
3161 3062
3161 3063
3161 3221
3161 3161
3161 3161
3221 3162
3163 3162
3162 3162
3162 3162
3162 3163
3162 3221
3162 3162
3162 3162
3221 3222
3186 3222
3222 3222
3222 3222
3222 3186
3222 3221
3222 3222
3222 3222
3165 3164
3221 3164
3164 3164
3164 3164
3164 3165
3164 3221
3164 3164
3164 3164
3221 3223
3223 3223
3223 3223
3223 3221
3223 3223
3223 3223
3224 3166
3225 3166
3034 3166
3166 3166
3166 3166
3166 3034
3166 3225
3166 3224
3166 3166
3166 3166
3224 3225
3166 3225
3225 3225
3225 3225
3225 3166
3225 3224
3225 3225
3225 3225
3040 3170
3226 3170
3170 3170
3170 3170
3170 3040
3170 3226
3170 3170
3170 3170
3036 3167
3227 3167
3042 3167
3038 3167
3167 3167
3167 3167
3167 3042
3167 3036
3167 3038
3167 3227
3167 3167
3167 3167
3227 3169
3183 3169
3228 3169
3040 3169
3043 3169
3046 3169
3172 3169
3168 3169
3171 3169
3169 3169
3169 3169
3169 3040
3169 3043
3169 3046
3169 3172
3169 3168
3169 3171
3169 3183
3169 3227
3169 3228
3169 3169
3169 3169
3168 3171
3169 3171
3228 3171
3172 3171
3171 3171
3171 3171
3171 3172
3171 3168
3171 3169
3171 3228
3171 3171
3171 3171
3174 3173
3228 3173
3227 3173
3168 3173
3173 3173
3173 3173
3173 3168
3173 3174
3173 3227
3173 3228
3173 3173
3173 3173
3177 3176
3228 3176
3048 3176
3176 3176
3176 3176
3176 3048
3176 3177
3176 3228
3176 3176
3176 3176
3048 3175
3177 3175
3228 3175
3175 3175
3175 3175
3175 3048
3175 3177
3175 3228
3175 3175
3175 3175
3228 3229
3229 3229
3229 3229
3229 3228
3229 3229
3229 3229
3179 3178
3230 3178
3221 3178
3178 3178
3178 3178
3178 3179
3178 3221
3178 3230
3178 3178
3178 3178
3231 3232
3232 3232
3232 3232
3232 3231
3232 3232
3232 3232
3057 3180
3233 3180
3234 3180
3054 3180
3180 3180
3180 3180
3180 3054
3180 3057
3180 3233
3180 3234
3180 3180
3180 3180
3182 3181
3235 3181
3181 3181
3181 3181
3181 3182
3181 3235
3181 3181
3181 3181
3169 3183
3184 3183
3231 3183
3185 3183
3236 3183
3183 3183
3183 3183
3183 3184
3183 3185
3183 3169
3183 3231
3183 3236
3183 3183
3183 3183
3227 3186
3059 3186
3236 3186
3222 3186
3070 3186
3186 3186
3186 3186
3186 3059
3186 3070
3186 3222
3186 3227
3186 3236
3186 3186
3186 3186
3236 3237
3237 3237
3237 3237
3237 3236
3237 3237
3237 3237
3188 3187
3189 3187
3190 3187
3238 3187
3187 3187
3187 3187
3187 3188
3187 3189
3187 3190
3187 3238
3187 3187
3187 3187
3239 3240
3240 3240
3240 3240
3240 3239
3240 3240
3240 3240
3072 3191
3241 3191
3191 3191
3191 3191
3191 3072
3191 3241
3191 3191
3191 3191
3074 3192
3242 3192
3192 3192
3192 3192
3192 3074
3192 3242
3192 3192
3192 3192
3243 3244
3244 3244
3244 3244
3244 3243
3244 3244
3244 3244
3245 3246
3246 3246
3246 3246
3246 3245
3246 3246
3246 3246
3194 3193
3247 3193
3193 3193
3193 3193
3193 3194
3193 3247
3193 3193
3193 3193
3196 3195
3197 3195
3077 3195
3248 3195
3195 3195
3195 3195
3195 3077
3195 3196
3195 3197
3195 3248
3195 3195
3195 3195
3221 3198
3200 3198
3249 3198
3250 3198
3199 3198
3198 3198
3198 3198
3198 3199
3198 3200
3198 3250
3198 3221
3198 3249
3198 3198
3198 3198
3203 3201
3080 3201
3202 3201
3249 3201
3201 3201
3201 3201
3201 3202
3201 3203
3201 3080
3201 3249
3201 3201
3201 3201
3083 3204
3249 3204
3080 3204
3204 3204
3204 3204
3204 3080
3204 3083
3204 3249
3204 3204
3204 3204
3249 3205
3085 3205
3088 3205
3205 3205
3205 3205
3205 3085
3205 3088
3205 3249
3205 3205
3205 3205
3249 3206
3207 3206
3206 3206
3206 3206
3206 3207
3206 3249
3206 3206
3206 3206
3249 3208
3090 3208
3208 3208
3208 3208
3208 3090
3208 3249
3208 3208
3208 3208
3249 3209
3092 3209
3209 3209
3209 3209
3209 3092
3209 3249
3209 3209
3209 3209
3221 3251
3249 3251
3251 3251
3251 3251
3251 3221
3251 3249
3251 3251
3251 3251
3198 3250
3249 3250
3250 3250
3250 3250
3250 3198
3250 3249
3250 3250
3250 3250
3249 3252
3252 3252
3252 3252
3252 3249
3252 3252
3252 3252
3249 3253
3253 3253
3253 3253
3253 3249
3253 3253
3253 3253
3249 3254
3254 3254
3254 3254
3254 3249
3254 3254
3254 3254
3249 3255
3255 3255
3255 3255
3255 3249
3255 3255
3255 3255
3249 3256
3256 3256
3256 3256
3256 3249
3256 3256
3256 3256
3249 3257
3257 3257
3257 3257
3257 3249
3257 3257
3257 3257
3249 3258
3258 3258
3258 3258
3258 3249
3258 3258
3258 3258
3094 3210
3259 3210
3210 3210
3210 3210
3210 3094
3210 3259
3210 3210
3210 3210
3259 3260
3260 3260
3260 3260
3260 3259
3260 3260
3260 3260
3259 3261
3261 3261
3261 3261
3261 3259
3261 3261
3261 3261
3098 3211
3262 3211
3104 3211
3102 3211
3259 3211
3211 3211
3211 3211
3211 3098
3211 3102
3211 3104
3211 3259
3211 3262
3211 3211
3211 3211
3262 3263
3259 3263
3263 3263
3263 3263
3263 3259
3263 3262
3263 3263
3263 3263
3262 3264
3259 3264
3264 3264
3264 3264
3264 3259
3264 3262
3264 3264
3264 3264
3265 3266
3266 3266
3266 3266
3266 3265
3266 3266
3266 3266
3216 3212
3214 3212
3128 3212
3121 3212
3120 3212
3119 3212
3117 3212
3113 3212
3145 3212
3105 3212
3124 3212
3155 3212
3127 3212
3146 3212
3129 3212
3131 3212
3154 3212
3122 3212
3267 3212
3213 3212
3133 3212
3132 3212
3268 3212
3212 3212
3212 3212
3212 3105
3212 3113
3212 3117
3212 3119
3212 3120
3212 3121
3212 3122
3212 3146
3212 3124
3212 3127
3212 3128
3212 3129
3212 3131
3212 3154
3212 3132
3212 3133
3212 3213
3212 3214
3212 3145
3212 3155
3212 3216
3212 3268
3212 3267
3212 3212
3212 3212
3143 3215
3267 3215
3134 3215
3145 3215
3268 3215
3147 3215
3148 3215
3215 3215
3215 3215
3215 3134
3215 3143
3215 3145
3215 3147
3215 3148
3215 3268
3215 3267
3215 3215
3215 3215
3150 3216
3268 3216
3153 3216
3212 3216
3217 3216
3267 3216
3216 3216
3216 3216
3216 3150
3216 3153
3216 3217
3216 3212
3216 3268
3216 3267
3216 3216
3216 3216
3268 3218
3155 3218
3219 3218
3267 3218
3218 3218
3218 3218
3218 3155
3218 3219
3218 3268
3218 3267
3218 3218
3218 3218
3156 3220
3268 3220
3267 3220
3220 3220
3220 3220
3220 3156
3220 3268
3220 3267
3220 3220
3220 3220
3269 3270
3270 3270
3270 3270
3270 3269
3270 3270
3270 3270
3271 3221
3272 3221
3233 3221
3159 3221
3161 3221
3162 3221
3222 3221
3164 3221
3223 3221
3178 3221
3198 3221
3251 3221
3234 3221
3227 3221
3221 3221
3221 3221
3221 3159
3221 3161
3221 3162
3221 3222
3221 3164
3221 3223
3221 3178
3221 3198
3221 3251
3221 3271
3221 3227
3221 3233
3221 3234
3221 3272
3221 3221
3221 3221
3272 3224
3166 3224
3225 3224
3224 3224
3224 3224
3224 3166
3224 3225
3224 3272
3224 3224
3224 3224
3221 3271
3272 3271
3271 3271
3271 3271
3271 3221
3271 3272
3271 3271
3271 3271
3170 3226
3272 3226
3226 3226
3226 3226
3226 3170
3226 3272
3226 3226
3226 3226
3230 3227
3186 3227
3231 3227
3233 3227
3273 3227
3228 3227
3245 3227
3173 3227
3234 3227
3221 3227
3167 3227
3169 3227
3227 3227
3227 3227
3227 3167
3227 3169
3227 3173
3227 3186
3227 3221
3227 3228
3227 3233
3227 3230
3227 3231
3227 3234
3227 3245
3227 3273
3227 3227
3227 3227
3169 3228
3171 3228
3229 3228
3273 3228
3176 3228
3173 3228
3227 3228
3175 3228
3228 3228
3228 3228
3228 3169
3228 3171
3228 3173
3228 3176
3228 3175
3228 3229
3228 3227
3228 3273
3228 3228
3228 3228
3180 3233
3234 3233
3221 3233
3227 3233
3273 3233
3233 3233
3233 3233
3233 3180
3233 3221
3233 3227
3233 3234
3233 3273
3233 3233
3233 3233
3273 3230
3227 3230
3245 3230
3178 3230
3231 3230
3230 3230
3230 3230
3230 3178
3230 3227
3230 3231
3230 3245
3230 3273
3230 3230
3230 3230
3273 3231
3230 3231
3227 3231
3183 3231
3232 3231
3231 3231
3231 3231
3231 3232
3231 3183
3231 3227
3231 3230
3231 3273
3231 3231
3231 3231
3273 3234
3221 3234
3227 3234
3180 3234
3233 3234
3234 3234
3234 3234
3234 3180
3234 3221
3234 3227
3234 3233
3234 3273
3234 3234
3234 3234
3273 3235
3181 3235
3235 3235
3235 3235
3235 3181
3235 3273
3235 3235
3235 3235
3186 3236
3237 3236
3183 3236
3274 3236
3236 3236
3236 3236
3236 3183
3236 3186
3236 3237
3236 3274
3236 3236
3236 3236
3187 3238
3274 3238
3238 3238
3238 3238
3238 3187
3238 3274
3238 3238
3238 3238
3241 3239
3275 3239
3240 3239
3239 3239
3239 3239
3239 3240
3239 3241
3239 3275
3239 3239
3239 3239
3239 3241
3191 3241
3275 3241
3242 3241
3241 3241
3241 3241
3241 3191
3241 3239
3241 3242
3241 3275
3241 3241
3241 3241
3192 3242
3241 3242
3275 3242
3242 3242
3242 3242
3242 3192
3242 3241
3242 3275
3242 3242
3242 3242
3244 3243
3275 3243
3243 3243
3243 3243
3243 3244
3243 3275
3243 3243
3243 3243
3246 3245
3273 3245
3276 3245
3230 3245
3227 3245
3245 3245
3245 3245
3245 3246
3245 3227
3245 3230
3245 3273
3245 3276
3245 3245
3245 3245
3193 3247
3277 3247
3247 3247
3247 3247
3247 3193
3247 3277
3247 3247
3247 3247
3195 3248
3277 3248
3248 3248
3248 3248
3248 3195
3248 3277
3248 3248
3248 3248
3277 3278
3278 3278
3278 3278
3278 3277
3278 3278
3278 3278
3279 3249
3198 3249
3254 3249
3204 3249
3201 3249
3206 3249
3253 3249
3255 3249
3252 3249
3205 3249
3250 3249
3256 3249
3251 3249
3258 3249
3209 3249
3208 3249
3257 3249
3249 3249
3249 3249
3249 3198
3249 3201
3249 3204
3249 3205
3249 3206
3249 3208
3249 3209
3249 3251
3249 3250
3249 3252
3249 3253
3249 3254
3249 3255
3249 3256
3249 3257
3249 3258
3249 3279
3249 3249
3249 3249
3210 3259
3260 3259
3261 3259
3211 3259
3263 3259
3264 3259
3279 3259
3259 3259
3259 3259
3259 3210
3259 3260
3259 3261
3259 3211
3259 3263
3259 3264
3259 3279
3259 3259
3259 3259
3263 3262
3279 3262
3211 3262
3264 3262
3262 3262
3262 3262
3262 3211
3262 3263
3262 3264
3262 3279
3262 3262
3262 3262
3266 3265
3279 3265
3265 3265
3265 3265
3265 3266
3265 3279
3265 3265
3265 3265
3279 3280
3280 3280
3280 3280
3280 3279
3280 3280
3280 3280
3279 3281
3281 3281
3281 3281
3281 3279
3281 3281
3281 3281
3212 3268
3215 3268
3282 3268
3216 3268
3218 3268
3220 3268
3268 3268
3268 3268
3268 3212
3268 3215
3268 3216
3268 3218
3268 3220
3268 3282
3268 3268
3268 3268
3282 3267
3220 3267
3216 3267
3215 3267
3212 3267
3218 3267
3267 3267
3267 3267
3267 3212
3267 3215
3267 3216
3267 3218
3267 3220
3267 3282
3267 3267
3267 3267
3270 3269
3283 3269
3269 3269
3269 3269
3269 3270
3269 3283
3269 3269
3269 3269
3284 3272
3224 3272
3221 3272
3271 3272
3226 3272
3272 3272
3272 3272
3272 3221
3272 3224
3272 3271
3272 3226
3272 3284
3272 3272
3272 3272
3245 3273
3235 3273
3285 3273
3231 3273
3234 3273
3233 3273
3228 3273
3227 3273
3230 3273
3286 3273
3273 3273
3273 3273
3273 3227
3273 3228
3273 3233
3273 3230
3273 3231
3273 3234
3273 3235
3273 3245
3273 3285
3273 3286
3273 3273
3273 3273
3236 3274
3238 3274
3285 3274
3276 3274
3277 3274
3286 3274
3274 3274
3274 3274
3274 3236
3274 3238
3274 3276
3274 3277
3274 3285
3274 3286
3274 3274
3274 3274
3241 3275
3243 3275
3242 3275
3239 3275
3286 3275
3285 3275
3275 3275
3275 3275
3275 3239
3275 3241
3275 3242
3275 3243
3275 3285
3275 3286
3275 3275
3275 3275
3245 3276
3286 3276
3285 3276
3274 3276
3277 3276
3276 3276
3276 3276
3276 3245
3276 3274
3276 3277
3276 3285
3276 3286
3276 3276
3276 3276
3286 3287
3285 3287
3287 3287
3287 3287
3287 3285
3287 3286
3287 3287
3287 3287
3288 3277
3274 3277
3276 3277
3247 3277
3248 3277
3278 3277
3277 3277
3277 3277
3277 3247
3277 3248
3277 3278
3277 3274
3277 3276
3277 3288
3277 3277
3277 3277
3289 3290
3290 3290
3290 3290
3290 3289
3290 3290
3290 3290
3249 3279
3291 3279
3259 3279
3262 3279
3265 3279
3280 3279
3281 3279
3279 3279
3279 3279
3279 3249
3279 3259
3279 3262
3279 3265
3279 3280
3279 3281
3279 3291
3279 3279
3279 3279
3291 3282
3268 3282
3267 3282
3282 3282
3282 3282
3282 3268
3282 3267
3282 3291
3282 3282
3282 3282
3291 3283
3269 3283
3283 3283
3283 3283
3283 3269
3283 3291
3283 3283
3283 3283
3292 3284
3272 3284
3284 3284
3284 3284
3284 3272
3284 3292
3284 3284
3284 3284
3288 3285
3273 3285
3274 3285
3275 3285
3276 3285
3293 3285
3294 3285
3287 3285
3285 3285
3285 3285
3285 3273
3285 3274
3285 3275
3285 3276
3285 3287
3285 3288
3285 3293
3285 3294
3285 3285
3285 3285
3276 3286
3287 3286
3294 3286
3274 3286
3273 3286
3288 3286
3293 3286
3275 3286
3286 3286
3286 3286
3286 3273
3286 3274
3286 3275
3286 3276
3286 3287
3286 3288
3286 3293
3286 3294
3286 3286
3286 3286
3286 3288
3294 3288
3277 3288
3285 3288
3288 3288
3288 3288
3288 3277
3288 3285
3288 3286
3288 3294
3288 3288
3288 3288
3294 3293
3286 3293
3285 3293
3293 3293
3293 3293
3293 3285
3293 3286
3293 3294
3293 3293
3293 3293
3290 3289
3294 3289
3289 3289
3289 3289
3289 3290
3289 3294
3289 3289
3289 3289
3295 3291
3279 3291
3283 3291
3282 3291
3291 3291
3291 3291
3291 3279
3291 3282
3291 3283
3291 3295
3291 3291
3291 3291
3295 3292
3284 3292
3292 3292
3292 3292
3292 3284
3292 3295
3292 3292
3292 3292
3295 3296
3296 3296
3296 3296
3296 3295
3296 3296
3296 3296
3297 3298
3298 3298
3298 3298
3298 3297
3298 3298
3298 3298
3288 3294
3299 3294
3293 3294
3285 3294
3286 3294
3289 3294
3294 3294
3294 3294
3294 3285
3294 3286
3294 3288
3294 3293
3294 3289
3294 3299
3294 3294
3294 3294
3296 3295
3292 3295
3291 3295
3300 3295
3295 3295
3295 3295
3295 3291
3295 3292
3295 3296
3295 3300
3295 3295
3295 3295
3300 3297
3298 3297
3297 3297
3297 3297
3297 3298
3297 3300
3297 3297
3297 3297
3294 3299
3300 3299
3299 3299
3299 3299
3299 3294
3299 3300
3299 3299
3299 3299
3301 3300
3297 3300
3295 3300
3299 3300
3300 3300
3300 3300
3300 3295
3300 3297
3300 3299
3300 3301
3300 3300
3300 3300
3302 3301
3303 3301
3304 3301
3300 3301
3301 3301
3301 3301
3301 3300
3301 3304
3301 3303
3301 3302
3301 3301
3301 3301
3301 3304
3302 3304
3304 3304
3304 3304
3304 3301
3304 3302
3304 3304
3304 3304
3301 3303
3302 3303
3303 3303
3303 3303
3303 3301
3303 3302
3303 3303
3303 3303
3301 3302
3305 3302
3303 3302
3304 3302
3302 3302
3302 3302
3302 3301
3302 3304
3302 3303
3302 3305
3302 3302
3302 3302
3305 3306
3306 3306
3306 3306
3306 3305
3306 3306
3306 3306
3305 3307
3307 3307
3307 3307
3307 3305
3307 3307
3307 3307
3302 3305
3306 3305
3307 3305
3308 3305
3305 3305
3305 3305
3305 3302
3305 3306
3305 3307
3305 3308
3305 3305
3305 3305
3308 3309
3309 3309
3309 3309
3309 3308
3309 3309
3309 3309
3305 3308
3309 3308
3310 3308
3308 3308
3308 3308
3308 3305
3308 3309
3308 3310
3308 3308
3308 3308
3308 3310
3310 3310
3310 3310
3310 3308
3310 3310
3310 3310
3311 3311
3311 3311
3311 3311
3311 3311
