1345 1345
1345 1345
1345 1345
1345 1345
1346 1347
1281 1347
1347 1347
1347 1347
1347 1281
1347 1346
1347 1347
1347 1347
1347 1346
1346 1346
1346 1346
1346 1347
1346 1346
1346 1346
1348 1348
1348 1348
1348 1348
1348 1348
1282 1349
1349 1349
1349 1349
1349 1282
1349 1349
1349 1349
1350 1350
1350 1350
1350 1350
1350 1350
1283 1351
1351 1351
1351 1351
1351 1283
1351 1351
1351 1351
1352 1352
1352 1352
1352 1352
1352 1352
1353 1353
1353 1353
1353 1353
1353 1353
1284 1356
1354 1356
1355 1356
1356 1356
1356 1356
1356 1284
1356 1354
1356 1355
1356 1356
1356 1356
1285 1354
1356 1354
1354 1354
1354 1354
1354 1285
1354 1356
1354 1354
1354 1354
1356 1355
1355 1355
1355 1355
1355 1356
1355 1355
1355 1355
1357 1357
1357 1357
1357 1357
1357 1357
1330 1359
1358 1359
1359 1359
1359 1359
1359 1330
1359 1358
1359 1359
1359 1359
1360 1360
1360 1360
1360 1360
1360 1360
1359 1358
1358 1358
1358 1358
1358 1359
1358 1358
1358 1358
1361 1361
1361 1361
1361 1361
1361 1361
1362 1362
1362 1362
1362 1362
1362 1362
1286 1365
1363 1365
1364 1365
1365 1365
1365 1365
1365 1286
1365 1364
1365 1363
1365 1365
1365 1365
1366 1367
1288 1367
1367 1367
1367 1367
1367 1288
1367 1366
1367 1367
1367 1367
1368 1368
1368 1368
1368 1368
1368 1368
1367 1366
1369 1366
1291 1366
1290 1366
1289 1366
1255 1366
1366 1366
1366 1366
1366 1289
1366 1290
1366 1291
1366 1255
1366 1367
1366 1369
1366 1366
1366 1366
1370 1370
1370 1370
1370 1370
1370 1370
1292 1371
1371 1371
1371 1371
1371 1292
1371 1371
1371 1371
1372 1372
1372 1372
1372 1372
1372 1372
1293 1373
1294 1373
1373 1373
1373 1373
1373 1294
1373 1293
1373 1373
1373 1373
1374 1374
1374 1374
1374 1374
1374 1374
1295 1375
1375 1375
1375 1375
1375 1295
1375 1375
1375 1375
1376 1376
1376 1376
1376 1376
1376 1376
1297 1377
1296 1377
1377 1377
1377 1377
1377 1296
1377 1297
1377 1377
1377 1377
1378 1378
1378 1378
1378 1378
1378 1378
1379 1379
1379 1379
1379 1379
1379 1379
1299 1380
1300 1380
1298 1380
1380 1380
1380 1380
1380 1299
1380 1298
1380 1300
1380 1380
1380 1380
1301 1381
1381 1381
1381 1381
1381 1301
1381 1381
1381 1381
1382 1382
1382 1382
1382 1382
1382 1382
1383 1383
1383 1383
1383 1383
1383 1383
1384 1387
1385 1387
1386 1387
1387 1387
1387 1387
1387 1386
1387 1384
1387 1385
1387 1387
1387 1387
1387 1386
1388 1386
1386 1386
1386 1386
1386 1387
1386 1388
1386 1386
1386 1386
1387 1384
1385 1384
1384 1384
1384 1384
1384 1387
1384 1385
1384 1384
1384 1384
1384 1385
1387 1385
1385 1385
1385 1385
1385 1387
1385 1384
1385 1385
1385 1385
1386 1388
1388 1388
1388 1388
1388 1386
1388 1388
1388 1388
1389 1390
1390 1390
1390 1390
1390 1389
1390 1390
1390 1390
1390 1389
1389 1389
1389 1389
1389 1390
1389 1389
1389 1389
1391 1391
1391 1391
1391 1391
1391 1391
1392 1392
1392 1392
1392 1392
1392 1392
1393 1393
1393 1393
1393 1393
1393 1393
1394 1394
1394 1394
1394 1394
1394 1394
1302 1395
1395 1395
1395 1395
1395 1302
1395 1395
1395 1395
1302 1396
1396 1396
1396 1396
1396 1302
1396 1396
1396 1396
1397 1397
1397 1397
1397 1397
1397 1397
1398 1398
1398 1398
1398 1398
1398 1398
1303 1399
1399 1399
1399 1399
1399 1303
1399 1399
1399 1399
1400 1400
1400 1400
1400 1400
1400 1400
1401 1401
1401 1401
1401 1401
1401 1401
1402 1402
1402 1402
1402 1402
1402 1402
1403 1403
1403 1403
1403 1403
1403 1403
1404 1404
1404 1404
1404 1404
1404 1404
1405 1405
1405 1405
1405 1405
1405 1405
1406 1406
1406 1406
1406 1406
1406 1406
1304 1408
1407 1408
1408 1408
1408 1408
1408 1304
1408 1407
1408 1408
1408 1408
1408 1407
1407 1407
1407 1407
1407 1408
1407 1407
1407 1407
1305 1409
1409 1409
1409 1409
1409 1305
1409 1409
1409 1409
1410 1410
1410 1410
1410 1410
1410 1410
1306 1411
1411 1411
1411 1411
1411 1306
1411 1411
1411 1411
1412 1412
1412 1412
1412 1412
1412 1412
1413 1413
1413 1413
1413 1413
1413 1413
1308 1414
1309 1414
1307 1414
1414 1414
1414 1414
1414 1307
1414 1309
1414 1308
1414 1414
1414 1414
1415 1415
1415 1415
1415 1415
1415 1415
1416 1416
1416 1416
1416 1416
1416 1416
1417 1417
1417 1417
1417 1417
1417 1417
1418 1418
1418 1418
1418 1418
1418 1418
1419 1419
1419 1419
1419 1419
1419 1419
1420 1420
1420 1420
1420 1420
1420 1420
1421 1422
1422 1422
1422 1422
1422 1421
1422 1422
1422 1422
1422 1421
1421 1421
1421 1421
1421 1422
1421 1421
1421 1421
1423 1423
1423 1423
1423 1423
1423 1423
1366 1369
1369 1369
1369 1369
1369 1366
1369 1369
1369 1369
1424 1424
1424 1424
1424 1424
1424 1424
1425 1427
1310 1427
1426 1427
1427 1427
1427 1427
1427 1310
1427 1425
1427 1426
1427 1427
1427 1427
1427 1425
1425 1425
1425 1425
1425 1427
1425 1425
1425 1425
1427 1426
1426 1426
1426 1426
1426 1427
1426 1426
1426 1426
1311 1428
1428 1428
1428 1428
1428 1311
1428 1428
1428 1428
1429 1429
1429 1429
1429 1429
1429 1429
1312 1430
1430 1430
1430 1430
1430 1312
1430 1430
1430 1430
1431 1431
1431 1431
1431 1431
1431 1431
1313 1432
1432 1432
1432 1432
1432 1313
1432 1432
1432 1432
1433 1433
1433 1433
1433 1433
1433 1433
1314 1434
1315 1434
1316 1434
1434 1434
1434 1434
1434 1314
1434 1315
1434 1316
1434 1434
1434 1434
1435 1436
1436 1436
1436 1436
1436 1435
1436 1436
1436 1436
1435 1437
1437 1437
1437 1437
1437 1435
1437 1437
1437 1437
1327 1438
1438 1438
1438 1438
1438 1327
1438 1438
1438 1438
1439 1439
1439 1439
1439 1439
1439 1439
1440 1440
1440 1440
1440 1440
1440 1440
1437 1435
1436 1435
1317 1435
1435 1435
1435 1435
1435 1317
1435 1436
1435 1437
1435 1435
1435 1435
1441 1441
1441 1441
1441 1441
1441 1441
1442 1444
1318 1444
1443 1444
1248 1444
1444 1444
1444 1444
1444 1248
1444 1318
1444 1442
1444 1443
1444 1444
1444 1444
1442 1445
1443 1445
1248 1445
1318 1445
1445 1445
1445 1445
1445 1248
1445 1318
1445 1442
1445 1443
1445 1445
1445 1445
1445 1442
1444 1442
1442 1442
1442 1442
1442 1444
1442 1445
1442 1442
1442 1442
1445 1443
1444 1443
1443 1443
1443 1443
1443 1444
1443 1445
1443 1443
1443 1443
1446 1446
1446 1446
1446 1446
1446 1446
1319 1447
1447 1447
1447 1447
1447 1319
1447 1447
1447 1447
1364 1448
1363 1448
1448 1448
1448 1448
1448 1364
1448 1363
1448 1448
1448 1448
1365 1364
1448 1364
1364 1364
1364 1364
1364 1365
1364 1448
1364 1364
1364 1364
1448 1363
1365 1363
1363 1363
1363 1363
1363 1365
1363 1448
1363 1363
1363 1363
