1956 1956
1956 1956
1956 1956
1956 1956
1957 1957
1957 1957
1957 1957
1957 1957
1958 1958
1958 1958
1958 1958
1958 1958
1959 1959
1959 1959
1959 1959
1959 1959
1960 1960
1960 1960
1960 1960
1960 1960
1961 1961
1961 1961
1961 1961
1961 1961
1765 1962
1962 1962
1962 1962
1962 1765
1962 1962
1962 1962
1963 1963
1963 1963
1963 1963
1963 1963
1862 1964
1964 1964
1964 1964
1964 1862
1964 1964
1964 1964
1965 1965
1965 1965
1965 1965
1965 1965
1966 1967
1748 1967
1967 1967
1967 1967
1967 1748
1967 1966
1967 1967
1967 1967
1968 1968
1968 1968
1968 1968
1968 1968
1966 1971
1969 1971
1970 1971
1971 1971
1971 1971
1971 1966
1971 1969
1971 1970
1971 1971
1971 1971
1972 1973
1869 1973
1973 1973
1973 1973
1973 1869
1973 1972
1973 1973
1973 1973
1653 1974
1974 1974
1974 1974
1974 1653
1974 1974
1974 1974
1867 1975
1863 1975
1895 1975
1655 1975
1633 1975
1923 1975
1906 1975
1920 1975
1654 1975
1975 1975
1975 1975
1975 1654
1975 1633
1975 1655
1975 1863
1975 1867
1975 1906
1975 1920
1975 1923
1975 1895
1975 1975
1975 1975
1656 1976
1976 1976
1976 1976
1976 1656
1976 1976
1976 1976
1977 1979
1978 1979
1979 1979
1979 1979
1979 1978
1979 1977
1979 1979
1979 1979
1881 1972
1657 1972
1658 1972
1973 1972
1972 1972
1972 1972
1972 1657
1972 1658
1972 1881
1972 1973
1972 1972
1972 1972
1980 1980
1980 1980
1980 1980
1980 1980
1981 1981
1981 1981
1981 1981
1981 1981
1661 1983
1662 1983
1734 1983
1660 1983
1982 1983
1738 1983
1659 1983
1983 1983
1983 1983
1983 1659
1983 1660
1983 1662
1983 1661
1983 1734
1983 1738
1983 1982
1983 1983
1983 1983
1984 1984
1984 1984
1984 1984
1984 1984
1985 1986
1986 1986
1986 1986
1986 1985
1986 1986
1986 1986
1986 1985
1985 1985
1985 1985
1985 1986
1985 1985
1985 1985
1983 1982
1982 1982
1982 1982
1982 1983
1982 1982
1982 1982
1987 1987
1987 1987
1987 1987
1987 1987
1988 1988
1988 1988
1988 1988
1988 1988
1663 1989
1664 1989
1989 1989
1989 1989
1989 1663
1989 1664
1989 1989
1989 1989
1990 1990
1990 1990
1990 1990
1990 1990
1991 1991
1991 1991
1991 1991
1991 1991
1661 1992
1992 1992
1992 1992
1992 1661
1992 1992
1992 1992
1736 1994
1666 1994
1617 1994
1667 1994
1993 1994
1665 1994
1994 1994
1994 1994
1994 1617
1994 1666
1994 1665
1994 1667
1994 1736
1994 1993
1994 1994
1994 1994
1665 1993
1667 1993
1994 1993
1993 1993
1993 1993
1993 1665
1993 1667
1993 1994
1993 1993
1993 1993
1668 1995
1669 1995
1995 1995
1995 1995
1995 1668
1995 1669
1995 1995
1995 1995
1996 1996
1996 1996
1996 1996
1996 1996
1671 1997
1670 1997
1997 1997
1997 1997
1997 1670
1997 1671
1997 1997
1997 1997
1998 1998
1998 1998
1998 1998
1998 1998
1999 1999
1999 1999
1999 1999
1999 1999
2000 2000
2000 2000
2000 2000
2000 2000
2001 2001
2001 2001
2001 2001
2001 2001
2002 2002
2002 2002
2002 2002
2002 2002
1672 2003
2003 2003
2003 2003
2003 1672
2003 2003
2003 2003
1673 2004
2004 2004
2004 2004
2004 1673
2004 2004
2004 2004
1674 2005
2005 2005
2005 2005
2005 1674
2005 2005
2005 2005
1675 2006
2006 2006
2006 2006
2006 1675
2006 2006
2006 2006
1676 2007
2007 2007
2007 2007
2007 1676
2007 2007
2007 2007
2008 2008
2008 2008
2008 2008
2008 2008
1678 2009
1679 2009
1680 2009
1677 2009
2009 2009
2009 2009
2009 1677
2009 1678
2009 1679
2009 1680
2009 2009
2009 2009
2010 2013
2011 2013
2012 2013
2013 2013
2013 2013
2013 2010
2013 2012
2013 2011
2013 2013
2013 2013
2014 2015
1589 2015
2015 2015
2015 2015
2015 1589
2015 2014
2015 2015
2015 2015
1682 2016
1681 2016
2016 2016
2016 2016
2016 1682
2016 1681
2016 2016
2016 2016
1683 2014
2015 2014
2014 2014
2014 2014
2014 1683
2014 2015
2014 2014
2014 2014
2013 2010
2017 2010
2010 2010
2010 2010
2010 2013
2010 2017
2010 2010
2010 2010
2013 2012
2012 2012
2012 2012
2012 2013
2012 2012
2012 2012
2010 2017
2017 2017
2017 2017
2017 2010
2017 2017
2017 2017
2013 2011
2011 2011
2011 2011
2011 2013
2011 2011
2011 2011
2018 2018
2018 2018
2018 2018
2018 2018
2019 2019
2019 2019
2019 2019
2019 2019
2020 2020
2020 2020
2020 2020
2020 2020
2021 2021
2021 2021
2021 2021
2021 2021
2022 2022
2022 2022
2022 2022
2022 2022
2023 2023
2023 2023
2023 2023
2023 2023
2024 2024
2024 2024
2024 2024
2024 2024
1684 2025
2025 2025
2025 2025
2025 1684
2025 2025
2025 2025
2026 2026
2026 2026
2026 2026
2026 2026
2027 2027
2027 2027
2027 2027
2027 2027
2028 2028
2028 2028
2028 2028
2028 2028
1685 2030
2029 2030
1686 2030
2030 2030
2030 2030
2030 1685
2030 1686
2030 2029
2030 2030
2030 2030
2030 2029
2029 2029
2029 2029
2029 2030
2029 2029
2029 2029
2031 2031
2031 2031
2031 2031
2031 2031
2032 2032
2032 2032
2032 2032
2032 2032
2033 2034
2034 2034
2034 2034
2034 2033
2034 2034
2034 2034
2034 2033
2033 2033
2033 2033
2033 2034
2033 2033
2033 2033
2035 2035
2035 2035
2035 2035
2035 2035
2036 2036
2036 2036
2036 2036
2036 2036
2037 2037
2037 2037
2037 2037
2037 2037
2038 2038
2038 2038
2038 2038
2038 2038
1688 2039
1687 2039
2039 2039
2039 2039
2039 1687
2039 1688
2039 2039
2039 2039
2040 2040
2040 2040
2040 2040
2040 2040
2041 2041
2041 2041
2041 2041
2041 2041
2042 2042
2042 2042
2042 2042
2042 2042
2043 2043
2043 2043
2043 2043
2043 2043
2044 2044
2044 2044
2044 2044
2044 2044
2045 2045
2045 2045
2045 2045
2045 2045
1689 2046
2046 2046
2046 2046
2046 1689
2046 2046
2046 2046
2047 2047
2047 2047
2047 2047
2047 2047
1776 2048
2048 2048
2048 2048
2048 1776
2048 2048
2048 2048
2049 2049
2049 2049
2049 2049
2049 2049
1692 2050
1691 2050
1690 2050
2050 2050
2050 2050
2050 1691
2050 1690
2050 1692
2050 2050
2050 2050
2051 2051
2051 2051
2051 2051
2051 2051
2052 2052
2052 2052
2052 2052
2052 2052
1693 2053
2053 2053
2053 2053
2053 1693
2053 2053
2053 2053
2054 2054
2054 2054
2054 2054
2054 2054
1866 2056
2055 2056
1918 2056
1865 2056
1922 2056
2056 2056
2056 2056
2056 1866
2056 1922
2056 1865
2056 1918
2056 2055
2056 2056
2056 2056
1694 2057
2057 2057
2057 2057
2057 1694
2057 2057
2057 2057
2058 2058
2058 2058
2058 2058
2058 2058
2059 2059
2059 2059
2059 2059
2059 2059
1924 2060
2060 2060
2060 2060
2060 1924
2060 2060
2060 2060
1907 2061
1864 2061
2061 2061
2061 2061
2061 1864
2061 1907
2061 2061
2061 2061
1696 1978
1695 1978
1979 1978
1978 1978
1978 1978
1978 1695
1978 1696
1978 1979
1978 1978
1978 1978
1697 2062
2062 2062
2062 2062
2062 1697
2062 2062
2062 2062
1698 1977
1979 1977
1977 1977
1977 1977
1977 1698
1977 1979
1977 1977
1977 1977
1914 2063
2063 2063
2063 2063
2063 1914
2063 2063
2063 2063
2064 2064
2064 2064
2064 2064
2064 2064
2065 2065
2065 2065
2065 2065
2065 2065
2066 2069
2067 2069
2068 2069
2069 2069
2069 2069
2069 2068
2069 2067
2069 2066
2069 2069
2069 2069
1754 2068
2066 2068
2069 2068
2067 2068
2068 2068
2068 2068
2068 1754
2068 2069
2068 2067
2068 2066
2068 2068
2068 2068
2070 2070
2070 2070
2070 2070
2070 2070
2071 1966
1970 1966
1700 1966
1971 1966
1967 1966
1969 1966
1699 1966
1966 1966
1966 1966
1966 1699
1966 1700
1966 1967
1966 1971
1966 1969
1966 2071
1966 1970
1966 1966
1966 1966
2071 2072
1969 2072
1710 2072
2072 2072
2072 2072
2072 1710
2072 1969
2072 2071
2072 2072
2072 2072
1969 2073
2073 2073
2073 2073
2073 1969
2073 2073
2073 2073
2074 2075
2075 2075
2075 2075
2075 2074
2075 2075
2075 2075
2075 2074
2074 2074
2074 2074
2074 2075
2074 2074
2074 2074
2076 2077
2077 2077
2077 2077
2077 2076
2077 2077
2077 2077
2077 2076
2076 2076
2076 2076
2076 2077
2076 2076
2076 2076
2078 2078
2078 2078
2078 2078
2078 2078
2066 2067
2068 2067
1778 2067
2069 2067
2067 2067
2067 2067
2067 1778
2067 2069
2067 2068
2067 2066
2067 2067
2067 2067
2068 2066
2069 2066
2067 2066
2066 2066
2066 2066
2066 2069
2066 2068
2066 2067
2066 2066
2066 2066
1701 2055
1925 2055
2056 2055
1868 2055
1921 2055
2055 2055
2055 2055
2055 1701
2055 1868
2055 1921
2055 1925
2055 2056
2055 2055
2055 2055
1702 2079
2079 2079
2079 2079
2079 1702
2079 2079
2079 2079
2080 2081
2081 2081
2081 2081
2081 2080
2081 2081
2081 2081
2081 2080
2080 2080
2080 2080
2080 2081
2080 2080
2080 2080
2082 2082
2082 2082
2082 2082
2082 2082
1922 2084
1865 2084
1932 2084
1866 2084
2083 2084
2084 2084
2084 2084
2084 1866
2084 1922
2084 1865
2084 1932
2084 2083
2084 2084
2084 2084
2085 2085
2085 2085
2085 2085
2085 2085
1920 2086
2086 2086
2086 2086
2086 1920
2086 2086
2086 2086
1703 2088
2087 2088
2088 2088
2088 2088
2088 1703
2088 2087
2088 2088
2088 2088
2088 2087
2087 2087
2087 2087
2087 2088
2087 2087
2087 2087
2089 2089
2089 2089
2089 2089
2089 2089
2090 2090
2090 2090
2090 2090
2090 2090
1706 2091
1705 2091
1707 2091
2091 2091
2091 2091
2091 1706
2091 1707
2091 1705
2091 2091
2091 2091
1708 2092
2092 2092
2092 2092
2092 1708
2092 2092
2092 2092
1709 2093
2093 2093
2093 2093
2093 1709
2093 2093
2093 2093
1919 2083
2084 2083
2083 2083
2083 2083
2083 1919
2083 2084
2083 2083
2083 2083
2072 1969
1966 1969
2073 1969
1971 1969
1778 1969
1969 1969
1969 1969
1969 1778
1969 1971
1969 1966
1969 2072
1969 2073
1969 1969
1969 1969
1909 2071
1970 2071
2072 2071
1966 2071
1710 2071
2071 2071
2071 2071
2071 1710
2071 1909
2071 1966
2071 2072
2071 1970
2071 2071
2071 2071
2071 1970
1966 1970
1971 1970
1970 1970
1970 1970
1970 1971
1970 1966
1970 2071
1970 1970
1970 1970
1711 2094
2094 2094
2094 2094
2094 1711
2094 2094
2094 2094
1712 2095
2095 2095
2095 2095
2095 1712
2095 2095
2095 2095
2096 2096
2096 2096
2096 2096
2096 2096
2097 2098
1715 2098
2098 2098
2098 2098
2098 1715
2098 2097
2098 2098
2098 2098
2097 2099
2099 2099
2099 2099
2099 2097
2099 2099
2099 2099
1713 2100
1721 2100
1714 2100
2100 2100
2100 2100
2100 1713
2100 1714
2100 1721
2100 2100
2100 2100
1715 2097
2098 2097
2099 2097
2097 2097
2097 2097
2097 1715
2097 2098
2097 2099
2097 2097
2097 2097
1716 2101
1717 2101
2101 2101
2101 2101
2101 1716
2101 1717
2101 2101
2101 2101
1719 2102
1718 2102
2102 2102
2102 2102
2102 1719
2102 1718
2102 2102
2102 2102
1720 2103
2103 2103
2103 2103
2103 1720
2103 2103
2103 2103
1721 2104
2104 2104
2104 2104
2104 1721
2104 2104
2104 2104
1725 2105
1726 2105
1727 2105
1723 2105
1724 2105
1722 2105
2105 2105
2105 2105
2105 1722
2105 1723
2105 1724
2105 1725
2105 1726
2105 1727
2105 2105
2105 2105
1729 2106
1728 2106
1730 2106
2106 2106
2106 2106
2106 1728
2106 1729
2106 1730
2106 2106
2106 2106
1731 2107
2107 2107
2107 2107
2107 1731
2107 2107
2107 2107
