998 999
997 999
999 999
999 999
999 997
999 998
999 999
999 999
999 998
998 998
998 998
998 999
998 998
998 998
1000 1001
1001 1001
1001 1001
1001 1000
1001 1001
1001 1001
1001 1000
1002 1000
1000 1000
1000 1000
1000 1001
1000 1002
1000 1000
1000 1000
1000 1002
1002 1002
1002 1002
1002 1000
1002 1002
1002 1002
1003 1004
1004 1004
1004 1004
1004 1003
1004 1004
1004 1004
1005 1006
1006 1006
1006 1006
1006 1005
1006 1006
1006 1006
1004 1003
1007 1003
1003 1003
1003 1003
1003 1004
1003 1007
1003 1003
1003 1003
1006 1005
1007 1005
1005 1005
1005 1005
1005 1006
1005 1007
1005 1005
1005 1005
1008 1007
1005 1007
1003 1007
1007 1007
1007 1007
1007 1003
1007 1005
1007 1008
1007 1007
1007 1007
1008 1009
1009 1009
1009 1009
1009 1008
1009 1009
1009 1009
1009 1008
1007 1008
1010 1008
1008 1008
1008 1008
1008 1007
1008 1009
1008 1010
1008 1008
1008 1008
1008 1010
1010 1010
1010 1010
1010 1008
1010 1010
1010 1010
1011 1012
1012 1012
1012 1012
1012 1011
1012 1012
1012 1012
1011 1013
1013 1013
1013 1013
1013 1011
1013 1013
1013 1013
1014 1011
1012 1011
1013 1011
1011 1011
1011 1011
1011 1012
1011 1013
1011 1014
1011 1011
1011 1011
1011 1014
1014 1014
1014 1014
1014 1011
1014 1014
1014 1014
1015 1016
1016 1016
1016 1016
1016 1015
1016 1016
1016 1016
1015 1017
1017 1017
1017 1017
1017 1015
1017 1017
1017 1017
1016 1015
1017 1015
1018 1015
1015 1015
1015 1015
1015 1016
1015 1017
1015 1018
1015 1015
1015 1015
1015 1018
1018 1018
1018 1018
1018 1015
1018 1018
1018 1018
1019 1020
1020 1020
1020 1020
1020 1019
1020 1020
1020 1020
1020 1019
1019 1019
1019 1019
1019 1020
1019 1019
1019 1019
1021 1022
1022 1022
1022 1022
1022 1021
1022 1022
1022 1022
1022 1021
1021 1021
1021 1021
1021 1022
1021 1021
1021 1021
1023 1024
1024 1024
1024 1024
1024 1023
1024 1024
1024 1024
1024 1023
1025 1023
1023 1023
1023 1023
1023 1024
1023 1025
1023 1023
1023 1023
1023 1025
1025 1025
1025 1025
1025 1023
1025 1025
1025 1025
1026 1027
1027 1027
1027 1027
1027 1026
1027 1027
1027 1027
1027 1026
1026 1026
1026 1026
1026 1027
1026 1026
1026 1026
1028 1030
1029 1030
1030 1030
1030 1030
1030 1028
1030 1029
1030 1030
1030 1030
1030 1028
1029 1028
1028 1028
1028 1028
1028 1030
1028 1029
1028 1028
1028 1028
1028 1029
1031 1029
1030 1029
1029 1029
1029 1029
1029 1030
1029 1028
1029 1031
1029 1029
1029 1029
1029 1031
1031 1031
1031 1031
1031 1029
1031 1031
1031 1031
1032 1033
1033 1033
1033 1033
1033 1032
1033 1033
1033 1033
1033 1032
1032 1032
1032 1032
1032 1033
1032 1032
1032 1032
1034 1035
1035 1035
1035 1035
1035 1034
1035 1035
1035 1035
1035 1034
1034 1034
1034 1034
1034 1035
1034 1034
1034 1034
1036 1037
1037 1037
1037 1037
1037 1036
1037 1037
1037 1037
1036 1038
1038 1038
1038 1038
1038 1036
1038 1038
1038 1038
1037 1036
1038 1036
1039 1036
1036 1036
1036 1036
1036 1037
1036 1038
1036 1039
1036 1036
1036 1036
1036 1039
1039 1039
1039 1039
1039 1036
1039 1039
1039 1039
1040 1041
1041 1041
1041 1041
1041 1040
1041 1041
1041 1041
1041 1040
1040 1040
1040 1040
1040 1041
1040 1040
1040 1040
1042 1043
1043 1043
1043 1043
1043 1042
1043 1043
1043 1043
1043 1042
1044 1042
1042 1042
1042 1042
1042 1043
1042 1044
1042 1042
1042 1042
1042 1044
1044 1044
1044 1044
1044 1042
1044 1044
1044 1044
1045 1046
1046 1046
1046 1046
1046 1045
1046 1046
1046 1046
1046 1045
1045 1045
1045 1045
1045 1046
1045 1045
1045 1045
1047 1048
1048 1048
1048 1048
1048 1047
1048 1048
1048 1048
1048 1047
1049 1047
1047 1047
1047 1047
1047 1048
1047 1049
1047 1047
1047 1047
1047 1049
1049 1049
1049 1049
1049 1047
1049 1049
1049 1049
1050 1051
1051 1051
1051 1051
1051 1050
1051 1051
1051 1051
1051 1050
1052 1050
1050 1050
1050 1050
1050 1051
1050 1052
1050 1050
1050 1050
1053 1052
1050 1052
1052 1052
1052 1052
1052 1050
1052 1053
1052 1052
1052 1052
1052 1053
1053 1053
1053 1053
1053 1052
1053 1053
1053 1053
1054 1055
1055 1055
1055 1055
1055 1054
1055 1055
1055 1055
1055 1054
1054 1054
1054 1054
1054 1055
1054 1054
1054 1054
1056 1057
1057 1057
1057 1057
1057 1056
1057 1057
1057 1057
1057 1056
1056 1056
1056 1056
1056 1057
1056 1056
1056 1056
1058 1059
1059 1059
1059 1059
1059 1058
1059 1059
1059 1059
1059 1058
1058 1058
1058 1058
1058 1059
1058 1058
1058 1058
1060 1061
1061 1061
1061 1061
1061 1060
1061 1061
1061 1061
1061 1060
1060 1060
1060 1060
1060 1061
1060 1060
1060 1060
1062 1063
1063 1063
1063 1063
1063 1062
1063 1063
1063 1063
1063 1062
1062 1062
1062 1062
1062 1063
1062 1062
1062 1062
1064 1065
1065 1065
1065 1065
1065 1064
1065 1065
1065 1065
1065 1064
1064 1064
1064 1064
1064 1065
1064 1064
1064 1064
1066 1067
1067 1067
1067 1067
1067 1066
1067 1067
1067 1067
1067 1066
1066 1066
1066 1066
1066 1067
1066 1066
1066 1066
1068 1069
1069 1069
1069 1069
1069 1068
1069 1069
1069 1069
1069 1068
1068 1068
1068 1068
1068 1069
1068 1068
1068 1068
1070 1071
1071 1071
1071 1071
1071 1070
1071 1071
1071 1071
1071 1070
1070 1070
1070 1070
1070 1071
1070 1070
1070 1070
1072 1073
1073 1073
1073 1073
1073 1072
1073 1073
1073 1073
1072 1074
1074 1074
1074 1074
1074 1072
1074 1074
1074 1074
1073 1072
1074 1072
1072 1072
1072 1072
1072 1073
1072 1074
1072 1072
1072 1072
