633 0
0 1
2 2
652 3
654 4
1 5
332 6
3 7
1016 8
1256 9
4 10
5 11
373 12
1042 13
6 14
208 15
7 16
269 17
281 18
8 19
723 20
9 21
476 22
10 23
11 24
1001 25
1318 26
12 27
13 28
158 29
14 30
1090 31
1093 32
1271 33
15 34
970 35
16 36
24 37
927 38
1315 39
1316 40
17 41
139 42
18 43
19 44
1072 45
20 46
1043 47
21 48
39 49
1234 50
22 51
23 52
201 53
598 54
1301 55
1344 56
25 57
99 58
122 59
123 60
26 61
606 62
27 63
28 64
963 65
29 66
697 67
738 68
30 69
31 70
279 71
518 72
32 73
286 74
588 75
698 76
911 77
1051 78
33 79
34 80
895 81
1296 82
35 83
1146 84
36 85
60 86
1190 87
37 88
429 89
862 90
863 91
1160 92
38 93
1349 94
507 95
866 96
40 97
175 98
596 99
644 100
41 101
87 102
42 103
152 104
43 105
44 106
733 107
1219 108
45 109
46 110
163 111
47 112
714 113
1031 114
48 115
49 116
50 117
457 118
710 119
51 120
1139 121
52 122
1103 123
53 124
401 125
767 126
54 127
210 128
323 129
651 130
771 131
787 132
815 133
1079 134
1156 135
55 136
412 137
447 138
56 139
57 140
58 141
105 142
580 143
609 144
615 145
1067 146
1287 147
59 148
1080 149
1309 150
61 151
485 152
62 153
1322 154
63 155
1209 156
64 157
239 158
543 159
619 160
1293 161
65 162
66 163
282 164
540 165
67 166
391 167
68 168
604 169
1013 170
1351 171
69 172
441 173
70 174
206 175
71 176
72 177
449 178
558 179
797 180
876 181
1035 182
1136 183
1189 184
1214 185
73 186
544 187
586 188
1118 189
74 190
84 191
583 192
75 193
88 194
76 195
659 196
77 197
1329 198
78 199
603 200
79 201
257 202
1117 203
80 204
347 205
423 206
527 207
81 208
1138 209
82 210
83 211
284 212
1065 213
85 214
1336 215
86 216
842 217
130 218
162 219
300 220
415 221
498 222
696 223
737 224
743 225
841 226
851 227
1174 228
1288 229
258 230
884 231
1087 232
1094 233
1157 234
89 235
155 236
156 237
817 238
90 239
330 240
1046 241
91 242
898 243
92 244
550 245
950 246
93 247
195 248
675 249
934 250
94 251
334 252
456 253
693 254
734 255
736 256
861 257
1303 258
95 259
96 260
661 261
1353 262
97 263
98 264
100 265
101 266
109 267
1251 268
102 269
306 270
484 271
608 272
103 273
864 274
104 275
106 276
541 277
971 278
1113 279
107 280
108 281
124 282
133 283
153 284
176 285
236 286
289 287
318 288
426 289
459 290
519 291
563 292
610 293
1045 294
1337 295
1346 296
567 297
1161 298
1262 299
110 300
758 301
1169 302
111 303
487 304
112 305
747 306
113 307
114 308
973 309
115 310
1076 311
116 312
259 313
117 314
255 315
388 316
446 317
454 318
554 319
581 320
1029 321
1343 322
118 323
379 324
646 325
119 326
483 327
514 328
816 329
120 330
589 331
802 332
980 333
1158 334
121 335
458 336
125 337
126 338
127 339
233 340
370 341
392 342
128 343
701 344
129 345
834 346
131 347
479 348
904 349
1022 350
132 351
399 352
452 353
406 354
134 355
137 356
135 357
831 358
136 359
138 360
660 361
910 362
582 363
623 364
140 365
740 366
1002 367
141 368
525 369
142 370
316 371
143 372
145 373
213 374
144 375
537 376
1165 377
897 378
146 379
147 380
378 381
381 382
602 383
148 384
149 385
310 386
914 387
150 388
151 389
326 390
364 391
819 392
1238 393
1339 394
154 395
157 396
180 397
159 398
277 399
553 400
745 401
160 402
161 403
1268 404
211 405
164 406
165 407
271 408
166 409
168 410
1056 411
167 412
169 413
170 414
775 415
790 416
171 417
240 418
512 419
756 420
172 421
687 422
1033 423
173 424
629 425
174 426
955 427
231 428
726 429
177 430
833 431
178 432
197 433
179 434
791 435
1020 436
181 437
183 438
997 439
182 440
520 441
184 442
297 443
185 444
1228 445
1319 446
186 447
1208 448
187 449
188 450
564 451
189 452
491 453
190 454
382 455
191 456
192 457
193 458
473 459
1050 460
194 461
442 462
196 463
1255 464
198 465
420 466
199 467
200 468
570 469
353 470
1173 471
1250 472
1345 473
202 474
854 475
857 476
1115 477
203 478
204 479
205 480
207 481
209 482
356 483
1290 484
212 485
214 486
215 487
216 488
243 489
217 490
482 491
781 492
792 493
1348 494
218 495
219 496
376 497
913 498
220 499
221 500
821 501
222 502
744 503
1154 504
223 505
224 506
225 507
226 508
534 509
883 510
227 511
322 512
848 513
228 514
1053 515
229 516
549 517
577 518
1095 519
1217 520
230 521
232 522
387 523
551 524
869 525
234 526
235 527
237 528
238 529
887 530
1069 531
1220 532
1274 533
241 534
838 535
1131 536
242 537
565 538
244 539
782 540
1162 541
245 542
936 543
246 544
247 545
1264 546
248 547
621 548
249 549
250 550
253 551
812 552
1300 553
251 554
711 555
252 556
1211 557
254 558
1266 559
256 560
964 561
1153 562
1240 563
365 564
260 565
873 566
261 567
262 568
732 569
263 570
472 571
844 572
264 573
265 574
578 575
809 576
266 577
670 578
267 579
268 580
321 581
418 582
1195 583
1215 584
270 585
638 586
272 587
374 588
846 589
273 590
748 591
749 592
274 593
805 594
275 595
276 596
1185 597
278 598
304 599
502 600
666 601
280 602
746 603
1000 604
1347 605
283 606
285 607
287 608
618 609
288 610
328 611
290 612
291 613
292 614
293 615
294 616
1176 617
1177 618
295 619
296 620
899 621
607 622
1325 623
298 624
299 625
634 626
301 627
350 628
719 629
1253 630
302 631
303 632
1172 633
305 634
308 635
329 636
417 637
542 638
573 639
655 640
656 641
958 642
1009 643
1193 644
1245 645
991 646
307 647
383 648
309 649
352 650
875 651
892 652
990 653
1241 654
1272 655
1331 656
343 657
690 658
1132 659
311 660
312 661
313 662
314 663
408 664
315 665
766 666
845 667
920 668
1073 669
1297 670
317 671
1205 672
319 673
348 674
320 675
1083 676
827 677
324 678
325 679
928 680
327 681
951 682
331 683
665 684
333 685
335 686
336 687
337 688
338 689
813 690
339 691
584 692
340 693
613 694
341 695
342 696
389 697
344 698
345 699
999 700
346 701
419 702
465 703
349 704
351 705
1294 706
354 707
355 708
1259 709
657 710
357 711
358 712
359 713
360 714
361 715
362 716
1003 717
363 718
1306 719
366 720
367 721
428 722
996 723
1194 724
368 725
385 726
369 727
720 728
371 729
626 730
372 731
1025 732
413 733
1101 734
375 735
672 736
678 737
1265 738
377 739
477 740
930 741
380 742
1203 743
384 744
386 745
704 746
905 747
1077 748
1108 749
390 750
493 751
739 752
393 753
849 754
1063 755
1064 756
394 757
640 758
1147 759
395 760
396 761
879 762
1096 763
397 764
730 765
398 766
1089 767
400 768
776 769
402 770
464 771
806 772
1037 773
403 774
1170 775
404 776
1275 777
405 778
505 779
409 780
695 781
407 782
676 783
1179 784
410 785
411 786
414 787
593 788
818 789
966 790
416 791
421 792
545 793
422 794
436 795
424 796
425 797
427 798
1257 799
523 800
705 801
794 802
430 803
431 804
432 805
433 806
434 807
486 808
435 809
668 810
878 811
885 812
1039 813
1332 814
718 815
437 816
438 817
439 818
725 819
440 820
671 821
627 822
1010 823
443 824
488 825
515 826
828 827
444 828
909 829
445 830
903 831
448 832
1280 833
450 834
935 835
451 836
1258 837
453 838
455 839
667 840
1201 841
1122 842
1276 843
460 844
461 845
1048 846
462 847
463 848
896 849
1305 850
466 851
467 852
647 853
1311 854
1313 855
468 856
620 857
469 858
1097 859
470 860
471 861
559 862
1182 863
1183 864
1181 865
474 866
475 867
1140 868
478 869
480 870
823 871
481 872
839 873
859 874
489 875
826 876
490 877
688 878
956 879
492 880
1244 881
494 882
1327 883
1328 884
495 885
992 886
496 887
497 888
499 889
500 890
501 891
576 892
503 893
504 894
843 895
1180 896
1304 897
1352 898
506 899
508 900
509 901
1171 902
510 903
511 904
513 905
1314 906
1102 907
516 908
952 909
517 910
836 911
521 912
522 913
949 914
552 915
979 916
524 917
1007 918
1216 919
526 920
803 921
528 922
529 923
530 924
531 925
532 926
533 927
933 928
535 929
536 930
1286 931
538 932
539 933
984 934
546 935
547 936
548 937
1127 938
685 939
555 940
556 941
557 942
774 943
560 944
561 945
562 946
1038 947
566 948
631 949
760 950
1116 951
1223 952
568 953
569 954
571 955
572 956
643 957
574 958
575 959
870 960
906 961
1129 962
1105 963
994 964
1134 965
579 966
585 967
1218 968
1224 969
1032 970
587 971
590 972
642 973
1017 974
1078 975
591 976
592 977
663 978
594 979
595 980
1104 981
597 982
637 983
968 984
1100 985
1107 986
1299 987
599 988
600 989
601 990
716 991
795 992
1248 993
605 994
1213 995
1041 996
611 997
612 998
888 999
614 1000
616 1001
617 1002
938 1003
923 1004
886 1005
622 1006
1232 1007
624 1008
1024 1009
625 1010
628 1011
630 1012
632 1013
635 1014
636 1015
783 1016
808 1017
893 1018
924 1019
900 1020
639 1021
765 1022
894 1023
641 1024
1167 1025
728 1026
891 1027
1267 1028
645 1029
648 1030
649 1031
650 1032
1231 1033
653 1034
867 1035
871 1036
1229 1037
1254 1038
658 1039
807 1040
830 1041
1028 1042
932 1043
662 1044
664 1045
729 1046
1086 1047
1124 1048
669 1049
673 1050
674 1051
954 1052
677 1053
679 1054
680 1055
681 1056
682 1057
683 1058
1282 1059
684 1060
686 1061
1292 1062
1317 1063
689 1064
691 1065
692 1066
763 1067
694 1068
948 1069
1012 1070
1015 1071
699 1072
700 1073
735 1074
777 1075
779 1076
822 1077
993 1078
702 1079
801 1080
703 1081
969 1082
706 1083
707 1084
708 1085
709 1086
1285 1087
850 1088
712 1089
1044 1090
713 1091
715 1092
717 1093
1034 1094
721 1095
1273 1096
722 1097
724 1098
1137 1099
727 1100
1070 1101
1159 1102
1221 1103
901 1104
1279 1105
731 1106
759 1107
1062 1108
1192 1109
751 1110
1006 1111
1237 1112
1269 1113
1011 1114
1088 1115
741 1116
742 1117
1239 1118
1145 1119
1333 1120
750 1121
1204 1122
957 1123
752 1124
753 1125
754 1126
1277 1127
755 1128
1284 1129
757 1130
985 1131
761 1132
762 1133
796 1134
764 1135
768 1136
769 1137
770 1138
908 1139
772 1140
773 1141
778 1142
780 1143
1061 1144
1143 1145
960 1146
784 1147
785 1148
947 1149
786 1150
788 1151
789 1152
793 1153
800 1154
798 1155
961 1156
799 1157
820 1158
889 1159
1307 1160
804 1161
1226 1162
1068 1163
810 1164
855 1165
811 1166
814 1167
824 1168
825 1169
829 1170
832 1171
1130 1172
1121 1173
835 1174
837 1175
868 1176
965 1177
840 1178
847 1179
852 1180
853 1181
856 1182
1246 1183
858 1184
1030 1185
1199 1186
860 1187
865 1188
1049 1189
1252 1190
988 1191
1341 1192
1119 1193
1340 1194
872 1195
874 1196
877 1197
880 1198
1155 1199
881 1200
882 1201
890 1202
1187 1203
1152 1204
1055 1205
902 1206
1312 1207
907 1208
912 1209
915 1210
1026 1211
916 1212
917 1213
1098 1214
918 1215
919 1216
921 1217
922 1218
1222 1219
925 1220
926 1221
1326 1222
929 1223
931 1224
937 1225
939 1226
940 1227
941 1228
942 1229
1196 1230
943 1231
944 1232
945 1233
946 1234
953 1235
1112 1236
959 1237
962 1238
1141 1239
967 1240
972 1241
1142 1242
974 1243
975 1244
998 1245
976 1246
1281 1247
977 1248
978 1249
981 1250
1091 1251
982 1252
983 1253
1149 1254
986 1255
1175 1256
987 1257
989 1258
1054 1259
995 1260
1135 1261
1004 1262
1005 1263
1302 1264
1008 1265
1120 1266
1014 1267
1018 1268
1019 1269
1021 1270
1168 1271
1023 1272
1027 1273
1036 1274
1040 1275
1243 1276
1047 1277
1125 1278
1198 1279
1081 1280
1230 1281
1320 1282
1342 1283
1052 1284
1099 1285
1057 1286
1058 1287
1059 1288
1060 1289
1066 1290
1071 1291
1074 1292
1075 1293
1082 1294
1084 1295
1085 1296
1106 1297
1092 1298
1242 1299
1207 1300
1123 1301
1109 1302
1110 1303
1111 1304
1114 1305
1235 1306
1126 1307
1128 1308
1133 1309
1144 1310
1148 1311
1150 1312
1151 1313
1163 1314
1164 1315
1166 1316
1295 1317
1178 1318
1184 1319
1186 1320
1188 1321
1191 1322
1197 1323
1200 1324
1202 1325
1330 1326
1206 1327
1210 1328
1212 1329
1291 1330
1225 1331
1227 1332
1308 1333
1233 1334
1236 1335
1247 1336
1249 1337
1260 1338
1261 1339
1263 1340
1270 1341
1278 1342
1283 1343
1289 1344
1298 1345
1338 1346
1310 1347
1321 1348
1323 1349
1324 1350
1334 1351
1335 1352
1350 1353
1354 1354
1355 1355
1356 1356
1357 1357
1384 1358
1389 1359
1444 1360
1358 1361
1359 1362
1360 1363
1361 1364
1372 1365
1362 1366
1413 1367
1363 1368
1364 1369
1365 1370
1366 1371
1367 1372
1368 1373
1369 1374
1370 1375
1393 1376
1371 1377
1373 1378
1374 1379
1375 1380
1376 1381
1377 1382
1378 1383
1380 1384
1379 1385
1381 1386
1382 1387
1383 1388
1385 1389
1386 1390
1387 1391
1388 1392
1390 1393
1391 1394
1392 1395
1394 1396
1395 1397
1399 1398
1421 1399
1396 1400
1397 1401
1398 1402
1400 1403
1401 1404
1402 1405
1403 1406
1404 1407
1405 1408
1406 1409
1407 1410
1408 1411
1409 1412
1410 1413
1411 1414
1412 1415
1415 1416
1414 1417
1416 1418
1417 1419
1418 1420
1419 1421
1420 1422
1422 1423
1423 1424
1424 1425
1425 1426
1426 1427
1427 1428
1429 1429
1428 1430
1430 1431
1431 1432
1432 1433
1433 1434
1434 1435
1435 1436
1436 1437
1437 1438
1438 1439
1439 1440
1440 1441
1441 1442
1442 1443
1443 1444
1446 1445
1445 1446
1447 1447
1448 1448
1449 1449
1451 1450
1452 1451
1453 1452
1454 1453
1537 1454
1455 1455
1457 1456
1456 1457
1458 1458
1459 1459
1460 1460
1461 1461
1462 1462
1463 1463
1482 1464
1464 1465
1488 1466
1465 1467
1466 1468
1467 1469
1468 1470
1498 1471
1469 1472
1470 1473
1471 1474
1472 1475
1473 1476
1474 1477
1475 1478
1476 1479
1542 1480
1477 1481
1478 1482
1479 1483
1480 1484
1481 1485
1483 1486
1484 1487
1485 1488
1486 1489
1501 1490
1487 1491
1489 1492
1490 1493
1491 1494
1492 1495
1493 1496
1494 1497
1495 1498
1496 1499
1497 1500
1499 1501
1538 1502
1500 1503
1503 1504
1502 1505
1504 1506
1552 1507
1505 1508
1506 1509
1507 1510
1508 1511
1509 1512
1510 1513
1519 1514
1511 1515
1512 1516
1513 1517
1514 1518
1515 1519
1516 1520
1517 1521
1518 1522
1534 1523
1520 1524
1521 1525
1522 1526
1523 1527
1524 1528
1525 1529
1526 1530
1527 1531
1528 1532
1529 1533
1530 1534
1531 1535
1532 1536
1533 1537
1535 1538
1536 1539
1539 1540
1540 1541
1541 1542
1543 1543
1544 1544
1545 1545
1546 1546
1547 1547
1548 1548
1549 1549
1550 1550
1551 1551
1553 1552
