633 0
0 1
2 2
652 3
654 4
1 5
332 6
3 7
4 8
5 9
373 10
6 11
208 12
7 13
269 14
281 15
8 16
723 17
9 18
476 19
10 20
11 21
12 22
13 23
158 24
14 25
15 26
16 27
24 28
17 29
139 30
18 31
19 32
20 33
21 34
39 35
22 36
23 37
201 38
598 39
25 40
99 41
122 42
123 43
26 44
606 45
27 46
28 47
29 48
697 49
738 50
30 51
31 52
279 53
518 54
32 55
286 56
588 57
698 58
33 59
34 60
35 61
36 62
60 63
37 64
429 65
38 66
507 67
40 68
175 69
596 70
644 71
41 72
87 73
42 74
152 75
43 76
44 77
733 78
45 79
46 80
163 81
47 82
714 83
48 84
49 85
50 86
457 87
710 88
51 89
52 90
53 91
401 92
767 93
54 94
210 95
323 96
651 97
771 98
787 99
55 100
412 101
447 102
56 103
57 104
58 105
105 106
580 107
609 108
615 109
59 110
61 111
485 112
62 113
63 114
64 115
239 116
543 117
619 118
65 119
66 120
282 121
540 122
67 123
391 124
68 125
604 126
69 127
441 128
70 129
206 130
71 131
72 132
449 133
558 134
797 135
73 136
544 137
586 138
74 139
84 140
583 141
75 142
88 143
76 144
659 145
77 146
78 147
603 148
79 149
257 150
80 151
347 152
423 153
527 154
81 155
82 156
83 157
284 158
85 159
86 160
130 161
162 162
300 163
415 164
498 165
696 166
737 167
743 168
258 169
89 170
155 171
156 172
90 173
330 174
91 175
92 176
550 177
93 178
195 179
675 180
94 181
334 182
456 183
693 184
734 185
736 186
95 187
96 188
661 189
97 190
98 191
100 192
101 193
109 194
102 195
306 196
484 197
608 198
103 199
104 200
106 201
541 202
107 203
108 204
124 205
133 206
153 207
176 208
236 209
289 210
318 211
426 212
459 213
519 214
563 215
610 216
567 217
110 218
758 219
111 220
487 221
112 222
747 223
113 224
114 225
115 226
116 227
259 228
117 229
255 230
388 231
446 232
454 233
554 234
581 235
118 236
379 237
646 238
119 239
483 240
514 241
120 242
589 243
802 244
121 245
458 246
125 247
126 248
127 249
233 250
370 251
392 252
128 253
701 254
129 255
131 256
479 257
132 258
399 259
452 260
406 261
134 262
137 263
135 264
136 265
138 266
660 267
582 268
623 269
140 270
740 271
141 272
525 273
142 274
316 275
143 276
145 277
213 278
144 279
537 280
146 281
147 282
378 283
381 284
602 285
148 286
149 287
310 288
150 289
151 290
326 291
364 292
154 293
157 294
180 295
159 296
277 297
553 298
745 299
160 300
161 301
211 302
164 303
165 304
271 305
166 306
168 307
167 308
169 309
170 310
775 311
790 312
171 313
240 314
512 315
756 316
172 317
687 318
173 319
629 320
174 321
231 322
726 323
177 324
178 325
197 326
179 327
791 328
181 329
183 330
182 331
520 332
184 333
297 334
185 335
186 336
187 337
188 338
564 339
189 340
491 341
190 342
382 343
191 344
192 345
193 346
473 347
194 348
442 349
196 350
198 351
420 352
199 353
200 354
570 355
353 356
202 357
203 358
204 359
205 360
207 361
209 362
356 363
212 364
214 365
215 366
216 367
243 368
217 369
482 370
781 371
792 372
218 373
219 374
376 375
220 376
221 377
222 378
744 379
223 380
224 381
225 382
226 383
534 384
227 385
322 386
228 387
229 388
549 389
577 390
230 391
232 392
387 393
551 394
234 395
235 396
237 397
238 398
241 399
242 400
565 401
244 402
782 403
245 404
246 405
247 406
248 407
621 408
249 409
250 410
253 411
251 412
711 413
252 414
254 415
256 416
365 417
260 418
261 419
262 420
732 421
263 422
472 423
264 424
265 425
578 426
809 427
266 428
670 429
267 430
268 431
321 432
418 433
270 434
638 435
272 436
374 437
273 438
748 439
749 440
274 441
805 442
275 443
276 444
278 445
304 446
502 447
666 448
280 449
746 450
283 451
285 452
287 453
618 454
288 455
328 456
290 457
291 458
292 459
293 460
294 461
295 462
296 463
607 464
298 465
299 466
634 467
301 468
350 469
719 470
302 471
303 472
305 473
308 474
329 475
417 476
542 477
573 478
655 479
656 480
307 481
383 482
309 483
352 484
343 485
690 486
311 487
312 488
313 489
314 490
408 491
315 492
766 493
317 494
319 495
348 496
320 497
324 498
325 499
327 500
331 501
665 502
333 503
335 504
336 505
337 506
338 507
339 508
584 509
340 510
613 511
341 512
342 513
389 514
344 515
345 516
346 517
419 518
465 519
349 520
351 521
354 522
355 523
657 524
357 525
358 526
359 527
360 528
361 529
362 530
363 531
366 532
367 533
428 534
368 535
385 536
369 537
720 538
371 539
626 540
372 541
413 542
375 543
672 544
678 545
377 546
477 547
380 548
384 549
386 550
704 551
390 552
493 553
739 554
393 555
394 556
640 557
395 558
396 559
397 560
730 561
398 562
400 563
776 564
402 565
464 566
806 567
403 568
404 569
405 570
505 571
409 572
695 573
407 574
676 575
410 576
411 577
414 578
593 579
416 580
421 581
545 582
422 583
436 584
424 585
425 586
427 587
523 588
705 589
794 590
430 591
431 592
432 593
433 594
434 595
486 596
435 597
668 598
718 599
437 600
438 601
439 602
725 603
440 604
671 605
627 606
443 607
488 608
515 609
444 610
445 611
448 612
450 613
451 614
453 615
455 616
667 617
460 618
461 619
462 620
463 621
466 622
467 623
647 624
468 625
620 626
469 627
470 628
471 629
559 630
474 631
475 632
478 633
480 634
481 635
489 636
490 637
688 638
492 639
494 640
495 641
496 642
497 643
499 644
500 645
501 646
576 647
503 648
504 649
506 650
508 651
509 652
510 653
511 654
513 655
516 656
517 657
521 658
522 659
552 660
524 661
526 662
803 663
528 664
529 665
530 666
531 667
532 668
533 669
535 670
536 671
538 672
539 673
546 674
547 675
548 676
685 677
555 678
556 679
557 680
774 681
560 682
561 683
562 684
566 685
631 686
760 687
568 688
569 689
571 690
572 691
643 692
574 693
575 694
579 695
585 696
587 697
590 698
642 699
591 700
592 701
663 702
594 703
595 704
597 705
637 706
599 707
600 708
601 709
716 710
795 711
605 712
611 713
612 714
614 715
616 716
617 717
622 718
624 719
625 720
628 721
630 722
632 723
635 724
636 725
783 726
808 727
639 728
765 729
641 730
728 731
645 732
648 733
649 734
650 735
653 736
658 737
807 738
662 739
664 740
729 741
669 742
673 743
674 744
677 745
679 746
680 747
681 748
682 749
683 750
684 751
686 752
689 753
691 754
692 755
763 756
694 757
699 758
700 759
735 760
777 761
779 762
702 763
801 764
703 765
706 766
707 767
708 768
709 769
712 770
713 771
715 772
717 773
721 774
722 775
724 776
727 777
731 778
759 779
751 780
741 781
742 782
750 783
752 784
753 785
754 786
755 787
757 788
761 789
762 790
796 791
764 792
768 793
769 794
770 795
772 796
773 797
778 798
780 799
784 800
785 801
786 802
788 803
789 804
793 805
800 806
798 807
799 808
804 809
810 810
811 811
812 812
813 813
814 814
815 815
816 816
817 817
818 818
819 819
820 820
821 821
822 822
823 823
824 824
825 825
826 826
827 827
828 828
829 829
830 830
831 831
832 832
833 833
834 834
835 835
836 836
837 837
868 838
838 839
839 840
840 841
841 842
842 843
843 844
844 845
845 846
846 847
847 848
848 849
849 850
850 851
851 852
852 853
853 854
857 855
854 856
855 857
856 858
858 859
859 860
860 861
861 862
862 863
863 864
864 865
865 866
866 867
871 868
867 869
869 870
870 871
872 872
873 873
874 874
876 875
877 876
885 877
878 878
879 879
880 880
881 881
882 882
933 883
883 884
884 885
886 886
910 887
887 888
888 889
889 890
890 891
891 892
892 893
911 894
893 895
894 896
895 897
896 898
897 899
898 900
899 901
900 902
901 903
902 904
903 905
904 906
905 907
906 908
907 909
908 910
909 911
912 912
913 913
914 914
915 915
916 916
917 917
918 918
919 919
920 920
921 921
922 922
923 923
924 924
925 925
926 926
927 927
928 928
929 929
930 930
931 931
932 932
934 933
935 934
936 935
937 936
938 937
939 938
940 939
941 940
942 941
944 942
945 943
946 944
947 945
948 946
949 947
950 948
951 949
952 950
953 951
954 952
955 953
956 954
957 955
958 956
959 957
960 958
961 959
962 960
963 961
965 962
964 963
966 964
967 965
968 966
969 967
970 968
971 969
1000 970
972 971
973 972
974 973
975 974
998 975
976 976
977 977
978 978
979 979
980 980
981 981
982 982
983 983
984 984
985 985
986 986
987 987
988 988
989 989
990 990
991 991
992 992
993 993
994 994
995 995
996 996
997 997
999 998
1001 999
1002 1000
1003 1001
1004 1002
1005 1003
1006 1004
1007 1005
1008 1006
1009 1007
1010 1008
1011 1009
1012 1010
1013 1011
1014 1012
1015 1013
1016 1014
1018 1015
1019 1016
1020 1017
1021 1018
1022 1019
1023 1020
1024 1021
1042 1022
1025 1023
1026 1024
1027 1025
1028 1026
1029 1027
1030 1028
1031 1029
1032 1030
1033 1031
1034 1032
1035 1033
1036 1034
1037 1035
1038 1036
1039 1037
1040 1038
1041 1039
1047 1040
1043 1041
1044 1042
1045 1043
1046 1044
1048 1045
1049 1046
1081 1047
1050 1048
1051 1049
1052 1050
1053 1051
1054 1052
1055 1053
1056 1054
1057 1055
1058 1056
1059 1057
1060 1058
1061 1059
1062 1060
1063 1061
1064 1062
1096 1063
1065 1064
1066 1065
1067 1066
1068 1067
1069 1068
1072 1069
1070 1070
1071 1071
1073 1072
1074 1073
1075 1074
1076 1075
1077 1076
1078 1077
1079 1078
1080 1079
1082 1080
1083 1081
1084 1082
1085 1083
1086 1084
1087 1085
1089 1086
1088 1087
1093 1088
1090 1089
1091 1090
1092 1091
1094 1092
1095 1093
1098 1094
1099 1095
1100 1096
1101 1097
1102 1098
1123 1099
1103 1100
1104 1101
1105 1102
1106 1103
1107 1104
1108 1105
1109 1106
1120 1107
1110 1108
1119 1109
1111 1110
1112 1111
1113 1112
1114 1113
1115 1114
1116 1115
1117 1116
1118 1117
1131 1118
1121 1119
1122 1120
1124 1121
1125 1122
1126 1123
1127 1124
1128 1125
1129 1126
1130 1127
1133 1128
1132 1129
1134 1130
1135 1131
1136 1132
1137 1133
1138 1134
1139 1135
1140 1136
1141 1137
1142 1138
1143 1139
1144 1140
1169 1141
1145 1142
1146 1143
1147 1144
1148 1145
1149 1146
1150 1147
1151 1148
1152 1149
1153 1150
1154 1151
1155 1152
1156 1153
1157 1154
1158 1155
1159 1156
1160 1157
1161 1158
1162 1159
1163 1160
1164 1161
1165 1162
1166 1163
1167 1164
1168 1165
1170 1166
1171 1167
1172 1168
1173 1169
1174 1170
1175 1171
1176 1172
1177 1173
1178 1174
1179 1175
1180 1176
1181 1177
1182 1178
1190 1179
1184 1180
1185 1181
1186 1182
1188 1183
1187 1184
1189 1185
1191 1186
1192 1187
1193 1188
1194 1189
1195 1190
1196 1191
1197 1192
1198 1193
1214 1194
1199 1195
1200 1196
1201 1197
1202 1198
1215 1199
1203 1200
1204 1201
1205 1202
1257 1203
1206 1204
1207 1205
1208 1206
1209 1207
1210 1208
1211 1209
1212 1210
1213 1211
1216 1212
1217 1213
1218 1214
1219 1215
1220 1216
1221 1217
1224 1218
1222 1219
1223 1220
1225 1221
1226 1222
1269 1223
1227 1224
1228 1225
1254 1226
1229 1227
1230 1228
1231 1229
1232 1230
1233 1231
1234 1232
1235 1233
1236 1234
1237 1235
1238 1236
1239 1237
1240 1238
1241 1239
1242 1240
1243 1241
1244 1242
1245 1243
1246 1244
1247 1245
1248 1246
1249 1247
1250 1248
1251 1249
1252 1250
1253 1251
1255 1252
1256 1253
1258 1254
1259 1255
1260 1256
1261 1257
1262 1258
1263 1259
1264 1260
1265 1261
1266 1262
1267 1263
1268 1264
1270 1265
1271 1266
1272 1267
1273 1268
1274 1269
1276 1270
1277 1271
1278 1272
1279 1273
1280 1274
1358 1275
1281 1276
1283 1277
1282 1278
1284 1279
1285 1280
1286 1281
1287 1282
1309 1283
1288 1284
1289 1285
1290 1286
1291 1287
1317 1288
1292 1289
1293 1290
1294 1291
1295 1292
1296 1293
1297 1294
1298 1295
1299 1296
1300 1297
1315 1298
1316 1299
1301 1300
1302 1301
1303 1302
1304 1303
1305 1304
1306 1305
1307 1306
1308 1307
1338 1308
1310 1309
1312 1310
1313 1311
1311 1312
1314 1313
1318 1314
1319 1315
1349 1316
1320 1317
1321 1318
1322 1319
1323 1320
1324 1321
1325 1322
1326 1323
1328 1324
1327 1325
1329 1326
1330 1327
1331 1328
1332 1329
1333 1330
1334 1331
1335 1332
1336 1333
1337 1334
1339 1335
1340 1336
1341 1337
1342 1338
1343 1339
1344 1340
1345 1341
1346 1342
1347 1343
1348 1344
1350 1345
1362 1346
1351 1347
1352 1348
1353 1349
1354 1350
1355 1351
1356 1352
1357 1353
1359 1354
1360 1355
1361 1356
1372 1357
1363 1358
1364 1359
1365 1360
1366 1361
1367 1362
1368 1363
1369 1364
1370 1365
1371 1366
1373 1367
1374 1368
1376 1369
1377 1370
1378 1371
1380 1372
1379 1373
1381 1374
1382 1375
1383 1376
1384 1377
1385 1378
1386 1379
1387 1380
1388 1381
1389 1382
1390 1383
1391 1384
1392 1385
1393 1386
1394 1387
1395 1388
1399 1389
1421 1390
1396 1391
1397 1392
1398 1393
1400 1394
1401 1395
1402 1396
1403 1397
1404 1398
1405 1399
1406 1400
1407 1401
1408 1402
1409 1403
1410 1404
1411 1405
1412 1406
1413 1407
1415 1408
1414 1409
1468 1410
1416 1411
1452 1412
1417 1413
1418 1414
1419 1415
1420 1416
1422 1417
1423 1418
1424 1419
1425 1420
1426 1421
1427 1422
1429 1423
1428 1424
1430 1425
1431 1426
1432 1427
1433 1428
1434 1429
1435 1430
1436 1431
1437 1432
1438 1433
1439 1434
1440 1435
1441 1436
1442 1437
1443 1438
1444 1439
1446 1440
1445 1441
1447 1442
1448 1443
1449 1444
1450 1445
1451 1446
1453 1447
1454 1448
1455 1449
1457 1450
1456 1451
1458 1452
1459 1453
1460 1454
1461 1455
1462 1456
1463 1457
1464 1458
1465 1459
1466 1460
1467 1461
1469 1462
1470 1463
1471 1464
1472 1465
1473 1466
1474 1467
1475 1468
1476 1469
1477 1470
1478 1471
1479 1472
1480 1473
1481 1474
1483 1475
1484 1476
1485 1477
1486 1478
1501 1479
1487 1480
1488 1481
1489 1482
1490 1483
1491 1484
1492 1485
1493 1486
1494 1487
1495 1488
1496 1489
1497 1490
1498 1491
1499 1492
1538 1493
1500 1494
1503 1495
1502 1496
1504 1497
1552 1498
1505 1499
1506 1500
1507 1501
1508 1502
1509 1503
1510 1504
1519 1505
1511 1506
1512 1507
1513 1508
1514 1509
1515 1510
1516 1511
1517 1512
1518 1513
1534 1514
1520 1515
1521 1516
1522 1517
1523 1518
1524 1519
1525 1520
1526 1521
1527 1522
1528 1523
1529 1524
1530 1525
1531 1526
1532 1527
1533 1528
1535 1529
1536 1530
1537 1531
1539 1532
1540 1533
1541 1534
1577 1535
1542 1536
1543 1537
1544 1538
1545 1539
1546 1540
1547 1541
1548 1542
1549 1543
1550 1544
1551 1545
1553 1546
1554 1547
1555 1548
1556 1549
1557 1550
1558 1551
1559 1552
1560 1553
1561 1554
1562 1555
1563 1556
1564 1557
1565 1558
1566 1559
1567 1560
1568 1561
1569 1562
1570 1563
1571 1564
1572 1565
1573 1566
1574 1567
1575 1568
1576 1569
1578 1570
1579 1571
1580 1572
1581 1573
1582 1574
1583 1575
1584 1576
1585 1577
1586 1578
1587 1579
1588 1580
1589 1581
1590 1582
1591 1583
1592 1584
1593 1585
1594 1586
1595 1587
1596 1588
1597 1589
1599 1590
1600 1591
1601 1592
1602 1593
1603 1594
1604 1595
1605 1596
1606 1597
1607 1598
1608 1599
1609 1600
1610 1601
1611 1602
1612 1603
1613 1604
1671 1605
1614 1606
1665 1607
1615 1608
1616 1609
1617 1610
1618 1611
1619 1612
1620 1613
1621 1614
1622 1615
1623 1616
1705 1617
1624 1618
1625 1619
1626 1620
1627 1621
1635 1622
1628 1623
1659 1624
1711 1625
1629 1626
1630 1627
1631 1628
1632 1629
1633 1630
1634 1631
1701 1632
1636 1633
1637 1634
1638 1635
1688 1636
1639 1637
1640 1638
1641 1639
1642 1640
1643 1641
1644 1642
1645 1643
1646 1644
1647 1645
1648 1646
1649 1647
1650 1648
1651 1649
1652 1650
1653 1651
1654 1652
1655 1653
1656 1654
1657 1655
1658 1656
1660 1657
1661 1658
1666 1659
1662 1660
1663 1661
1664 1662
1667 1663
1668 1664
1669 1665
1670 1666
1672 1667
1673 1668
1674 1669
1676 1670
1675 1671
1677 1672
1678 1673
1679 1674
1680 1675
1681 1676
1682 1677
1683 1678
1684 1679
1685 1680
1686 1681
1721 1682
1687 1683
1689 1684
1690 1685
1691 1686
1692 1687
1693 1688
1694 1689
1695 1690
1713 1691
1696 1692
1697 1693
1698 1694
1699 1695
1700 1696
1703 1697
1702 1698
1704 1699
1706 1700
1707 1701
1708 1702
1709 1703
1710 1704
1712 1705
1714 1706
1715 1707
1716 1708
1717 1709
1718 1710
1719 1711
1720 1712
1722 1713
1724 1714
1734 1715
1740 1716
1745 1717
1725 1718
1726 1719
1727 1720
1728 1721
1729 1722
1730 1723
1755 1724
1731 1725
1732 1726
1733 1727
1776 1728
1735 1729
1763 1730
1736 1731
1737 1732
1738 1733
1750 1734
1766 1735
1739 1736
1804 1737
1741 1738
1749 1739
1758 1740
1742 1741
1743 1742
1765 1743
1744 1744
1746 1745
1747 1746
1748 1747
1751 1748
1754 1749
1752 1750
1753 1751
1756 1752
1757 1753
1759 1754
1760 1755
1761 1756
1762 1757
1764 1758
1783 1759
1767 1760
1837 1761
1768 1762
1769 1763
1770 1764
1778 1765
1771 1766
1782 1767
1772 1768
1780 1769
1789 1770
1773 1771
1774 1772
1775 1773
1777 1774
1779 1775
1781 1776
1798 1777
1784 1778
1785 1779
1786 1780
1810 1781
1787 1782
1788 1783
1790 1784
1791 1785
1792 1786
1793 1787
1795 1788
1796 1789
1794 1790
1797 1791
1799 1792
1800 1793
1801 1794
1802 1795
1803 1796
1805 1797
1809 1798
1806 1799
1807 1800
1808 1801
1811 1802
1812 1803
1813 1804
1814 1805
1815 1806
1816 1807
1817 1808
1818 1809
1819 1810
1820 1811
1821 1812
1822 1813
1823 1814
1825 1815
1826 1816
1824 1817
1827 1818
1829 1819
1828 1820
1830 1821
1831 1822
1832 1823
1834 1824
1833 1825
1835 1826
1836 1827
1838 1828
1839 1829
1840 1830
1841 1831
1842 1832
1843 1833
1844 1834
1845 1835
1846 1836
1847 1837
1848 1838
1849 1839
1850 1840
1851 1841
1852 1842
1853 1843
1854 1844
1855 1845
1856 1846
1857 1847
1986 1848
1859 1849
1860 1850
1861 1851
1862 1852
1863 1853
1864 1854
1865 1855
1866 1856
1867 1857
1868 1858
1869 1859
1870 1860
1871 1861
1872 1862
1873 1863
1874 1864
1875 1865
1876 1866
1877 1867
1878 1868
1879 1869
1880 1870
1958 1871
1881 1872
1882 1873
1883 1874
1885 1875
1884 1876
1886 1877
1888 1878
1887 1879
1890 1880
1891 1881
1892 1882
1893 1883
1889 1884
1894 1885
1895 1886
1897 1887
1896 1888
1903 1889
1898 1890
1902 1891
1899 1892
1900 1893
1954 1894
1901 1895
1904 1896
1960 1897
1914 1898
1905 1899
1907 1900
1964 1901
1906 1902
1908 1903
1909 1904
1910 1905
1911 1906
1912 1907
1913 1908
1915 1909
1916 1910
1917 1911
1918 1912
1919 1913
1920 1914
1926 1915
1921 1916
1922 1917
1927 1918
1923 1919
1924 1920
1925 1921
1928 1922
1929 1923
1930 1924
1931 1925
1936 1926
1932 1927
1933 1928
1934 1929
1935 1930
1938 1931
1937 1932
1939 1933
1940 1934
1941 1935
1942 1936
1943 1937
1945 1938
1946 1939
1950 1940
1944 1941
1947 1942
1948 1943
1949 1944
1952 1945
1951 1946
1953 1947
1955 1948
1956 1949
1957 1950
1959 1951
1961 1952
1963 1953
1962 1954
1965 1955
1966 1956
1971 1957
1967 1958
1968 1959
1969 1960
1970 1961
1972 1962
1974 1963
1975 1964
1976 1965
1973 1966
1977 1967
1978 1968
1980 1969
1979 1970
1981 1971
1982 1972
1983 1973
1984 1974
1985 1975
1987 1976
1988 1977
1989 1978
1990 1979
1991 1980
1992 1981
1993 1982
1994 1983
1995 1984
1996 1985
1997 1986
1998 1987
1999 1988
2000 1989
2001 1990
2002 1991
