633 0
0 1
2 2
652 3
654 4
1 5
332 6
3 7
4 8
5 9
373 10
6 11
208 12
7 13
269 14
281 15
8 16
723 17
9 18
476 19
10 20
11 21
12 22
13 23
158 24
14 25
15 26
16 27
24 28
17 29
139 30
18 31
19 32
20 33
21 34
39 35
22 36
23 37
201 38
598 39
25 40
99 41
122 42
123 43
26 44
606 45
27 46
28 47
29 48
697 49
738 50
30 51
31 52
279 53
518 54
32 55
286 56
588 57
698 58
33 59
34 60
35 61
36 62
60 63
37 64
429 65
38 66
507 67
40 68
175 69
596 70
644 71
41 72
87 73
42 74
152 75
43 76
44 77
733 78
45 79
46 80
163 81
47 82
714 83
48 84
49 85
50 86
457 87
710 88
51 89
52 90
53 91
401 92
767 93
54 94
210 95
323 96
651 97
771 98
787 99
55 100
412 101
447 102
56 103
57 104
58 105
105 106
580 107
609 108
615 109
59 110
61 111
485 112
62 113
63 114
64 115
239 116
543 117
619 118
65 119
66 120
282 121
540 122
67 123
391 124
68 125
604 126
69 127
441 128
70 129
206 130
71 131
72 132
449 133
558 134
797 135
73 136
544 137
586 138
74 139
84 140
583 141
75 142
88 143
76 144
659 145
77 146
78 147
603 148
79 149
257 150
80 151
347 152
423 153
527 154
81 155
82 156
83 157
284 158
85 159
86 160
130 161
162 162
300 163
415 164
498 165
696 166
737 167
743 168
258 169
89 170
155 171
156 172
90 173
330 174
91 175
92 176
550 177
93 178
195 179
675 180
94 181
334 182
456 183
693 184
734 185
736 186
95 187
96 188
661 189
97 190
98 191
100 192
101 193
109 194
102 195
306 196
484 197
608 198
103 199
104 200
106 201
541 202
107 203
108 204
124 205
133 206
153 207
176 208
236 209
289 210
318 211
426 212
459 213
519 214
563 215
610 216
567 217
110 218
758 219
111 220
487 221
112 222
747 223
113 224
114 225
115 226
116 227
259 228
117 229
255 230
388 231
446 232
454 233
554 234
581 235
118 236
379 237
646 238
119 239
483 240
514 241
120 242
589 243
802 244
121 245
458 246
125 247
126 248
127 249
233 250
370 251
392 252
128 253
701 254
129 255
131 256
479 257
132 258
399 259
452 260
406 261
134 262
137 263
135 264
136 265
138 266
660 267
582 268
623 269
140 270
740 271
141 272
525 273
142 274
316 275
143 276
145 277
213 278
144 279
537 280
146 281
147 282
378 283
381 284
602 285
148 286
149 287
310 288
150 289
151 290
326 291
364 292
154 293
157 294
180 295
159 296
277 297
553 298
745 299
160 300
161 301
211 302
164 303
165 304
271 305
166 306
168 307
167 308
169 309
170 310
775 311
790 312
171 313
240 314
512 315
756 316
172 317
687 318
173 319
629 320
174 321
231 322
726 323
177 324
178 325
197 326
179 327
791 328
181 329
183 330
182 331
520 332
184 333
297 334
185 335
186 336
187 337
188 338
564 339
189 340
491 341
190 342
382 343
191 344
192 345
193 346
473 347
194 348
442 349
196 350
198 351
420 352
199 353
200 354
570 355
353 356
202 357
203 358
204 359
205 360
207 361
209 362
356 363
212 364
214 365
215 366
216 367
243 368
217 369
482 370
781 371
792 372
218 373
219 374
376 375
220 376
221 377
222 378
744 379
223 380
224 381
225 382
226 383
534 384
227 385
322 386
228 387
229 388
549 389
577 390
230 391
232 392
387 393
551 394
234 395
235 396
237 397
238 398
241 399
242 400
565 401
244 402
782 403
245 404
246 405
247 406
248 407
621 408
249 409
250 410
253 411
251 412
711 413
252 414
254 415
256 416
365 417
260 418
261 419
262 420
732 421
263 422
472 423
264 424
265 425
578 426
809 427
266 428
670 429
267 430
268 431
321 432
418 433
270 434
638 435
272 436
374 437
273 438
748 439
749 440
274 441
805 442
275 443
276 444
278 445
304 446
502 447
666 448
280 449
746 450
283 451
285 452
287 453
618 454
288 455
328 456
290 457
291 458
292 459
293 460
294 461
295 462
296 463
607 464
298 465
299 466
634 467
301 468
350 469
719 470
302 471
303 472
305 473
308 474
329 475
417 476
542 477
573 478
655 479
656 480
307 481
383 482
309 483
352 484
343 485
690 486
311 487
312 488
313 489
314 490
408 491
315 492
766 493
317 494
319 495
348 496
320 497
324 498
325 499
327 500
331 501
665 502
333 503
335 504
336 505
337 506
338 507
339 508
584 509
340 510
613 511
341 512
342 513
389 514
344 515
345 516
346 517
419 518
465 519
349 520
351 521
354 522
355 523
657 524
357 525
358 526
359 527
360 528
361 529
362 530
363 531
366 532
367 533
428 534
368 535
385 536
369 537
720 538
371 539
626 540
372 541
413 542
375 543
672 544
678 545
377 546
477 547
380 548
384 549
386 550
704 551
390 552
493 553
739 554
393 555
394 556
640 557
395 558
396 559
397 560
730 561
398 562
400 563
776 564
402 565
464 566
806 567
403 568
404 569
405 570
505 571
409 572
695 573
407 574
676 575
410 576
411 577
414 578
593 579
416 580
421 581
545 582
422 583
436 584
424 585
425 586
427 587
523 588
705 589
794 590
430 591
431 592
432 593
433 594
434 595
486 596
435 597
668 598
718 599
437 600
438 601
439 602
725 603
440 604
671 605
627 606
443 607
488 608
515 609
444 610
445 611
448 612
450 613
451 614
453 615
455 616
667 617
460 618
461 619
462 620
463 621
466 622
467 623
647 624
468 625
620 626
469 627
470 628
471 629
559 630
474 631
475 632
478 633
480 634
481 635
489 636
490 637
688 638
492 639
494 640
495 641
496 642
497 643
499 644
500 645
501 646
576 647
503 648
504 649
506 650
508 651
509 652
510 653
511 654
513 655
516 656
517 657
521 658
522 659
552 660
524 661
526 662
803 663
528 664
529 665
530 666
531 667
532 668
533 669
535 670
536 671
538 672
539 673
546 674
547 675
548 676
685 677
555 678
556 679
557 680
774 681
560 682
561 683
562 684
566 685
631 686
760 687
568 688
569 689
571 690
572 691
643 692
574 693
575 694
579 695
585 696
587 697
590 698
642 699
591 700
592 701
663 702
594 703
595 704
597 705
637 706
599 707
600 708
601 709
716 710
795 711
605 712
611 713
612 714
614 715
616 716
617 717
622 718
624 719
625 720
628 721
630 722
632 723
635 724
636 725
783 726
808 727
639 728
765 729
641 730
728 731
645 732
648 733
649 734
650 735
653 736
658 737
807 738
662 739
664 740
729 741
669 742
673 743
674 744
677 745
679 746
680 747
681 748
682 749
683 750
684 751
686 752
689 753
691 754
692 755
763 756
694 757
699 758
700 759
735 760
777 761
779 762
702 763
801 764
703 765
706 766
707 767
708 768
709 769
712 770
713 771
715 772
717 773
721 774
722 775
724 776
727 777
731 778
759 779
751 780
741 781
742 782
750 783
752 784
753 785
754 786
755 787
757 788
761 789
762 790
796 791
764 792
768 793
769 794
770 795
772 796
773 797
778 798
780 799
784 800
785 801
786 802
788 803
789 804
793 805
800 806
798 807
799 808
804 809
810 810
811 811
812 812
813 813
814 814
815 815
816 816
817 817
818 818
819 819
820 820
821 821
822 822
823 823
824 824
825 825
826 826
827 827
828 828
829 829
830 830
831 831
832 832
833 833
834 834
835 835
836 836
837 837
868 838
838 839
839 840
840 841
841 842
842 843
843 844
844 845
845 846
846 847
847 848
848 849
849 850
850 851
851 852
852 853
853 854
857 855
854 856
855 857
856 858
858 859
859 860
860 861
861 862
862 863
863 864
864 865
865 866
866 867
871 868
867 869
869 870
870 871
872 872
873 873
874 874
