116 1369
1369 1369
1369 1369
1369 116
1369 1369
1369 1369
1370 1370
1370 1370
1370 1370
1370 1370
1371 1371
1371 1371
1371 1371
1371 1371
1372 1373
1373 1373
1373 1373
1373 1372
1373 1373
1373 1373
1048 1372
1373 1372
1372 1372
1372 1372
1372 1048
1372 1373
1372 1372
1372 1372
807 1374
1374 1374
1374 1374
1374 807
1374 1374
1374 1374
373 1375
15 1375
1375 1375
1375 1375
1375 373
1375 15
1375 1375
1375 1375
568 1376
567 1376
1376 1376
1376 1376
1376 568
1376 567
1376 1376
1376 1376
1227 1377
1275 1377
1377 1377
1377 1377
1377 1227
1377 1275
1377 1377
1377 1377
83 1378
1013 1378
1378 1378
1378 1378
1378 83
1378 1013
1378 1378
1378 1378
777 1379
1379 1379
1379 1379
1379 777
1379 1379
1379 1379
1179 1380
1380 1380
1380 1380
1380 1179
1380 1380
1380 1380
150 1381
185 1381
186 1381
963 1381
1381 1381
1381 1381
1381 150
1381 185
1381 186
1381 963
1381 1381
1381 1381
512 1382
1275 1382
1382 1382
1382 1382
1382 512
1382 1275
1382 1382
1382 1382
858 1383
1383 1383
1383 1383
1383 858
1383 1383
1383 1383
1384 1384
1384 1384
1384 1384
1384 1384
89 1385
88 1385
1385 1385
1385 1385
1385 89
1385 88
1385 1385
1385 1385
1366 1386
1386 1386
1386 1386
1386 1366
1386 1386
1386 1386
143 1387
302 1387
1387 1387
1387 1387
1387 143
1387 302
1387 1387
1387 1387
746 1388
946 1388
1388 1388
1388 1388
1388 746
1388 946
1388 1388
1388 1388
1389 1391
1390 1391
1391 1391
1391 1391
1391 1389
1391 1390
1391 1391
1391 1391
862 1392
1392 1392
1392 1392
1392 862
1392 1392
1392 1392
401 1393
1393 1393
1393 1393
1393 401
1393 1393
1393 1393
1391 1389
1389 1389
1389 1389
1389 1391
1389 1389
1389 1389
886 1394
1394 1394
1394 1394
1394 886
1394 1394
1394 1394
170 1395
169 1395
789 1395
1150 1395
1395 1395
1395 1395
1395 170
1395 169
1395 789
1395 1150
1395 1395
1395 1395
1160 1396
1396 1396
1396 1396
1396 1160
1396 1396
1396 1396
519 1397
1011 1397
1397 1397
1397 1397
1397 519
1397 1011
1397 1397
1397 1397
1398 1398
1398 1398
1398 1398
1398 1398
388 1399
1051 1399
1399 1399
1399 1399
1399 388
1399 1051
1399 1399
1399 1399
922 1400
1400 1400
1400 1400
1400 922
1400 1400
1400 1400
1259 1401
1401 1401
1401 1401
1401 1259
1401 1401
1401 1401
251 1402
1402 1402
1402 1402
1402 251
1402 1402
1402 1402
528 1403
1403 1403
1403 1403
1403 528
1403 1403
1403 1403
899 1404
1119 1404
1200 1404
1404 1404
1404 1404
1404 899
1404 1119
1404 1200
1404 1404
1404 1404
1405 1405
1405 1405
1405 1405
1405 1405
551 1406
1406 1406
1406 1406
1406 551
1406 1406
1406 1406
374 1407
412 1407
411 1407
507 1407
565 1407
67 1407
564 1407
812 1407
872 1407
876 1407
1336 1407
1358 1407
1407 1407
1407 1407
1407 374
1407 412
1407 411
1407 507
1407 565
1407 67
1407 564
1407 812
1407 872
1407 876
1407 1336
1407 1358
1407 1407
1407 1407
251 1409
539 1409
1408 1409
1409 1409
1409 1409
1409 251
1409 539
1409 1408
1409 1409
1409 1409
251 1408
539 1408
252 1408
1409 1408
1408 1408
1408 1408
1408 251
1408 539
1408 252
1408 1409
1408 1408
1408 1408
11 1411
51 1411
111 1411
139 1411
287 1411
473 1411
691 1411
599 1411
1006 1411
1117 1411
1410 1411
1411 1411
1411 1411
1411 11
1411 51
1411 111
1411 139
1411 287
1411 473
1411 691
1411 599
1411 1006
1411 1117
1411 1410
1411 1411
1411 1411
665 1413
961 1413
1412 1413
1413 1413
1413 1413
1413 665
1413 961
1413 1412
1413 1413
1413 1413
147 1414
1414 1414
1414 1414
1414 147
1414 1414
1414 1414
665 1415
1415 1415
1415 1415
1415 665
1415 1415
1415 1415
1390 1416
1416 1416
1416 1416
1416 1390
1416 1416
1416 1416
1083 1390
1391 1390
1416 1390
1390 1390
1390 1390
1390 1083
1390 1391
1390 1416
1390 1390
1390 1390
837 1417
1417 1417
1417 1417
1417 837
1417 1417
1417 1417
700 1418
1418 1418
1418 1418
1418 700
1418 1418
1418 1418
1419 1419
1419 1419
1419 1419
1419 1419
1013 1420
1420 1420
1420 1420
1420 1013
1420 1420
1420 1420
634 1421
687 1421
1421 1421
1421 1421
1421 634
1421 687
1421 1421
1421 1421
861 1422
1422 1422
1422 1422
1422 861
1422 1422
1422 1422
1198 1424
1423 1424
1424 1424
1424 1424
1424 1198
1424 1423
1424 1424
1424 1424
1424 1423
1423 1423
1423 1423
1423 1424
1423 1423
1423 1423
723 1425
1425 1425
1425 1425
1425 723
1425 1425
1425 1425
976 1426
975 1426
1426 1426
1426 1426
1426 976
1426 975
1426 1426
1426 1426
1046 1427
1052 1427
1427 1427
1427 1427
1427 1046
1427 1052
1427 1427
1427 1427
931 1428
1033 1428
1428 1428
1428 1428
1428 931
1428 1033
1428 1428
1428 1428
611 1429
1429 1429
1429 1429
1429 611
1429 1429
1429 1429
1430 1430
1430 1430
1430 1430
1430 1430
1431 1431
1431 1431
1431 1431
1431 1431
1432 1432
1432 1432
1432 1432
1432 1432
1433 1433
1433 1433
1433 1433
1433 1433
354 1434
1434 1434
1434 1434
1434 354
1434 1434
1434 1434
870 1435
1435 1435
1435 1435
1435 870
1435 1435
1435 1435
86 1436
399 1436
425 1436
539 1436
233 1436
122 1436
698 1436
733 1436
538 1436
783 1436
1058 1436
1125 1436
1436 1436
1436 1436
1436 86
1436 399
1436 425
1436 539
1436 233
1436 122
1436 698
1436 733
1436 538
1436 783
1436 1058
1436 1125
1436 1436
1436 1436
593 1437
1437 1437
1437 1437
1437 593
1437 1437
1437 1437
789 1438
961 1438
1092 1438
1238 1438
1345 1438
1438 1438
1438 1438
1438 789
1438 961
1438 1092
1438 1238
1438 1345
1438 1438
1438 1438
293 1439
1306 1439
1275 1439
1439 1439
1439 1439
1439 293
1439 1306
1439 1275
1439 1439
1439 1439
748 1441
1440 1441
1441 1441
1441 1441
1441 748
1441 1440
1441 1441
1441 1441
748 1440
1441 1440
1440 1440
1440 1440
1440 748
1440 1441
1440 1440
1440 1440
1442 1442
1442 1442
1442 1442
1442 1442
195 1443
571 1443
1249 1443
1443 1443
1443 1443
1443 195
1443 571
1443 1249
1443 1443
1443 1443
1444 1444
1444 1444
1444 1444
1444 1444
432 1445
1081 1445
1221 1445
1445 1445
1445 1445
1445 432
1445 1081
1445 1221
1445 1445
1445 1445
348 1446
1446 1446
1446 1446
1446 348
1446 1446
1446 1446
1013 1412
1333 1412
1413 1412
1412 1412
1412 1412
1412 1013
1412 1333
1412 1413
1412 1412
1412 1412
1447 1447
1447 1447
1447 1447
1447 1447
2 1448
1448 1448
1448 1448
1448 2
1448 1448
1448 1448
128 1449
1449 1449
1449 1449
1449 128
1449 1449
1449 1449
1450 1451
1451 1451
1451 1451
1451 1450
1451 1451
1451 1451
734 1450
1016 1450
1451 1450
1450 1450
1450 1450
1450 734
1450 1016
1450 1451
1450 1450
1450 1450
982 1452
1452 1452
1452 1452
1452 982
1452 1452
1452 1452
1453 1453
1453 1453
1453 1453
1453 1453
1181 1454
1454 1454
1454 1454
1454 1181
1454 1454
1454 1454
1455 1455
1455 1455
1455 1455
1455 1455
1109 1456
1233 1456
1456 1456
1456 1456
1456 1109
1456 1233
1456 1456
1456 1456
444 1457
637 1457
678 1457
1457 1457
1457 1457
1457 444
1457 637
1457 678
1457 1457
1457 1457
329 1458
420 1458
770 1458
851 1458
1011 1458
1354 1458
1458 1458
1458 1458
1458 329
1458 420
1458 770
1458 851
1458 1011
1458 1354
1458 1458
1458 1458
1459 1459
1459 1459
1459 1459
1459 1459
1039 1460
1460 1460
1460 1460
1460 1039
1460 1460
1460 1460
90 1461
1461 1461
1461 1461
1461 90
1461 1461
1461 1461
281 1410
1411 1410
1410 1410
1410 1410
1410 281
1410 1411
1410 1410
1410 1410
316 1462
1462 1462
1462 1462
1462 316
1462 1462
1462 1462
764 1463
1070 1463
1463 1463
1463 1463
1463 764
1463 1070
1463 1463
1463 1463
1275 1464
1464 1464
1464 1464
1464 1275
1464 1464
1464 1464
314 1465
315 1465
316 1465
1465 1465
1465 1465
1465 314
1465 315
1465 316
1465 1465
1465 1465
304 1466
39 1466
1466 1466
1466 1466
1466 304
1466 39
1466 1466
1466 1466
579 1467
1467 1467
1467 1467
1467 579
1467 1467
1467 1467
715 1468
889 1468
1468 1468
1468 1468
1468 715
1468 889
1468 1468
1468 1468
569 1469
1166 1469
1469 1469
1469 1469
1469 569
1469 1166
1469 1469
1469 1469
1094 1470
1470 1470
1470 1470
1470 1094
1470 1470
1470 1470
757 1471
1069 1471
1471 1471
1471 1471
1471 757
1471 1069
1471 1471
1471 1471
419 1472
873 1472
1472 1472
1472 1472
1472 419
1472 873
1472 1472
1472 1472
1100 1473
1275 1473
1473 1473
1473 1473
1473 1100
1473 1275
1473 1473
1473 1473
1013 1474
1022 1474
1474 1474
1474 1474
1474 1013
1474 1022
1474 1474
1474 1474
