246 1270
1019 1270
1270 1270
1270 1270
1270 246
1270 1019
1270 1270
1270 1270
787 1271
1271 1271
1271 1271
1271 787
1271 1271
1271 1271
1272 1272
1272 1272
1272 1272
1272 1272
778 1273
903 1273
1273 1273
1273 1273
1273 778
1273 903
1273 1273
1273 1273
133 1274
1274 1274
1274 1274
1274 133
1274 1274
1274 1274
977 1276
1275 1276
1276 1276
1276 1276
1276 977
1276 1275
1276 1276
1276 1276
751 1278
781 1278
907 1278
1277 1278
1278 1278
1278 1278
1278 751
1278 781
1278 907
1278 1277
1278 1278
1278 1278
1278 1277
1277 1277
1277 1277
1277 1278
1277 1277
1277 1277
788 1279
904 1279
975 1279
1100 1279
1275 1279
1279 1279
1279 1279
1279 788
1279 904
1279 975
1279 1100
1279 1275
1279 1279
1279 1279
413 1280
1280 1280
1280 1280
1280 413
1280 1280
1280 1280
672 1281
1281 1281
1281 1281
1281 672
1281 1281
1281 1281
110 1282
635 1282
1161 1282
1275 1282
1282 1282
1282 1282
1282 110
1282 635
1282 1161
1282 1275
1282 1282
1282 1282
143 1284
1283 1284
1284 1284
1284 1284
1284 143
1284 1283
1284 1284
1284 1284
1285 1285
1285 1285
1285 1285
1285 1285
364 1286
1211 1286
1286 1286
1286 1286
1286 364
1286 1211
1286 1286
1286 1286
1218 1287
1287 1287
1287 1287
1287 1218
1287 1287
1287 1287
753 1289
1288 1289
1275 1289
1289 1289
1289 1289
1289 753
1289 1275
1289 1288
1289 1289
1289 1289
119 1290
1011 1290
1290 1290
1290 1290
1290 119
1290 1011
1290 1290
1290 1290
484 1291
78 1291
1291 1291
1291 1291
1291 484
1291 78
1291 1291
1291 1291
1167 1292
1292 1292
1292 1292
1292 1167
1292 1292
1292 1292
61 1293
604 1293
731 1293
897 1293
1293 1293
1293 1293
1293 61
1293 604
1293 731
1293 897
1293 1293
1293 1293
275 1294
39 1294
493 1294
1294 1294
1294 1294
1294 275
1294 39
1294 493
1294 1294
1294 1294
1295 1295
1295 1295
1295 1295
1295 1295
39 1296
1296 1296
1296 1296
1296 39
1296 1296
1296 1296
412 1297
67 1297
812 1297
876 1297
1297 1297
1297 1297
1297 412
1297 67
1297 812
1297 876
1297 1297
1297 1297
40 1300
39 1300
1298 1300
1299 1300
1300 1300
1300 1300
1300 40
1300 39
1300 1299
1300 1298
1300 1300
1300 1300
1004 1301
1301 1301
1301 1301
1301 1004
1301 1301
1301 1301
187 1302
450 1302
979 1302
1024 1302
1302 1302
1302 1302
1302 187
1302 450
1302 979
1302 1024
1302 1302
1302 1302
571 1303
936 1303
1176 1303
1303 1303
1303 1303
1303 571
1303 936
1303 1176
1303 1303
1303 1303
622 1304
1275 1304
1304 1304
1304 1304
1304 622
1304 1275
1304 1304
1304 1304
292 1305
1288 1305
1305 1305
1305 1305
1305 292
1305 1288
1305 1305
1305 1305
244 1306
809 1306
922 1306
1306 1306
1306 1306
1306 244
1306 809
1306 922
1306 1306
1306 1306
1227 1307
1226 1307
1307 1307
1307 1307
1307 1227
1307 1226
1307 1307
1307 1307
111 1283
143 1283
164 1283
637 1283
852 1283
995 1283
1284 1283
1308 1283
1283 1283
1283 1283
1283 111
1283 143
1283 164
1283 637
1283 852
1283 995
1283 1284
1283 1308
1283 1283
1283 1283
1309 1309
1309 1309
1309 1309
1309 1309
625 1312
1310 1312
1311 1312
1312 1312
1312 1312
1312 625
1312 1310
1312 1311
1312 1312
1312 1312
906 1310
1312 1310
1311 1310
1310 1310
1310 1310
1310 906
1310 1312
1310 1311
1310 1310
1310 1310
625 1311
478 1311
1312 1311
1310 1311
1311 1311
1311 1311
1311 625
1311 478
1311 1312
1311 1310
1311 1311
1311 1311
241 1313
891 1313
1223 1313
1313 1313
1313 1313
1313 241
1313 891
1313 1223
1313 1313
1313 1313
29 1298
1300 1298
1298 1298
1298 1298
1298 29
1298 1300
1298 1298
1298 1298
29 1299
927 1299
1300 1299
1299 1299
1299 1299
1299 29
1299 927
1299 1300
1299 1299
1299 1299
753 1288
791 1288
1038 1288
1145 1288
1289 1288
1305 1288
1288 1288
1288 1288
1288 753
1288 791
1288 1038
1288 1145
1288 1289
1288 1305
1288 1288
1288 1288
22 1314
1314 1314
1314 1314
1314 22
1314 1314
1314 1314
336 1315
1315 1315
1315 1315
1315 336
1315 1315
1315 1315
1048 1317
1316 1317
1317 1317
1317 1317
1317 1048
1317 1316
1317 1317
1317 1317
1318 1318
1318 1318
1318 1318
1318 1318
114 1319
1319 1319
1319 1319
1319 114
1319 1319
1319 1319
1320 1320
1320 1320
1320 1320
1320 1320
1321 1321
1321 1321
1321 1321
1321 1321
465 1322
500 1322
970 1322
1093 1322
1322 1322
1322 1322
1322 465
1322 500
1322 970
1322 1093
1322 1322
1322 1322
928 1323
1323 1323
1323 1323
1323 928
1323 1323
1323 1323
641 1325
1324 1325
1325 1325
1325 1325
1325 641
1325 1324
1325 1325
1325 1325
641 1324
1325 1324
1324 1324
1324 1324
1324 641
1324 1325
1324 1324
1324 1324
147 1326
78 1326
994 1326
1326 1326
1326 1326
1326 147
1326 78
1326 994
1326 1326
1326 1326
1201 1327
1327 1327
1327 1327
1327 1201
1327 1327
1327 1327
288 1328
1328 1328
1328 1328
1328 288
1328 1328
1328 1328
584 1329
408 1329
1329 1329
1329 1329
1329 584
1329 408
1329 1329
1329 1329
440 1330
1330 1330
1330 1330
1330 440
1330 1330
1330 1330
1331 1331
1331 1331
1331 1331
1331 1331
1332 1332
1332 1332
1332 1332
1332 1332
160 1333
573 1333
1010 1333
1333 1333
1333 1333
1333 160
1333 573
1333 1010
1333 1333
1333 1333
194 1334
215 1334
1334 1334
1334 1334
1334 194
1334 215
1334 1334
1334 1334
1283 1308
1308 1308
1308 1308
1308 1283
1308 1308
1308 1308
293 1335
1275 1335
1335 1335
1335 1335
1335 293
1335 1275
1335 1335
1335 1335
872 1336
1336 1336
1336 1336
1336 872
1336 1336
1336 1336
838 1337
1218 1337
1337 1337
1337 1337
1337 838
1337 1218
1337 1337
1337 1337
1048 1338
1228 1338
1338 1338
1338 1338
1338 1048
1338 1228
1338 1338
1338 1338
236 1339
230 1339
836 1339
1339 1339
1339 1339
1339 236
1339 230
1339 836
1339 1339
1339 1339
40 1340
776 1340
815 1340
1340 1340
1340 1340
1340 40
1340 776
1340 815
1340 1340
1340 1340
357 1341
356 1341
1341 1341
1341 1341
1341 357
1341 356
1341 1341
1341 1341
194 1342
196 1342
214 1342
1342 1342
1342 1342
1342 194
1342 196
1342 214
1342 1342
1342 1342
15 1343
1343 1343
1343 1343
1343 15
1343 1343
1343 1343
373 1344
1344 1344
1344 1344
1344 373
1344 1344
1344 1344
35 1316
1317 1316
1316 1316
1316 1316
1316 35
1316 1317
1316 1316
1316 1316
1345 1345
1345 1345
1345 1345
1345 1345
127 1347
420 1347
126 1347
909 1347
1346 1347
1347 1347
1347 1347
1347 127
1347 420
1347 126
1347 909
1347 1346
1347 1347
1347 1347
650 1348
1348 1348
1348 1348
1348 650
1348 1348
1348 1348
190 1349
189 1349
1349 1349
1349 1349
1349 190
1349 189
1349 1349
1349 1349
539 1350
563 1350
1350 1350
1350 1350
1350 539
1350 563
1350 1350
1350 1350
1167 1351
1351 1351
1351 1351
1351 1167
1351 1351
1351 1351
1352 1352
1352 1352
1352 1352
1352 1352
1353 1353
1353 1353
1353 1353
1353 1353
51 1275
60 1275
91 1275
110 1275
125 1275
132 1275
136 1275
173 1275
193 1275
220 1275
293 1275
171 1275
172 1275
310 1275
319 1275
321 1275
387 1275
402 1275
405 1275
210 1275
291 1275
503 1275
506 1275
512 1275
517 1275
525 1275
292 1275
622 1275
636 1275
646 1275
661 1275
660 1275
107 1275
108 1275
511 1275
716 1275
540 1275
732 1275
751 1275
752 1275
318 1275
753 1275
768 1275
379 1275
439 1275
786 1275
788 1275
219 1275
792 1275
791 1275
135 1275
819 1275
823 1275
831 1275
854 1275
873 1275
875 1275
882 1275
904 1275
919 1275
929 1275
949 1275
955 1275
968 1275
978 1275
985 1275
998 1275
1036 1275
1038 1275
1039 1275
1070 1275
1069 1275
1100 1275
1099 1275
1142 1275
1146 1275
1151 1275
1141 1275
1185 1275
1202 1275
1207 1275
1227 1275
1236 1275
1241 1275
1276 1275
1279 1275
1282 1275
1289 1275
1304 1275
1335 1275
1275 1275
1275 1275
1275 51
1275 60
1275 91
1275 110
1275 125
1275 132
1275 136
1275 173
1275 193
1275 220
1275 293
1275 171
1275 172
1275 310
1275 319
1275 321
1275 387
1275 402
1275 405
1275 210
1275 291
1275 503
1275 506
1275 512
1275 517
1275 525
1275 292
1275 622
1275 636
1275 646
1275 661
1275 660
1275 107
1275 108
1275 511
1275 716
1275 540
1275 732
1275 751
1275 752
1275 318
1275 753
1275 768
1275 379
1275 439
1275 786
1275 788
1275 219
1275 792
1275 791
1275 135
1275 819
1275 823
1275 831
1275 854
1275 873
1275 875
1275 882
1275 904
1275 919
1275 929
1275 949
1275 955
1275 968
1275 978
1275 985
1275 998
1275 1036
1275 1038
1275 1039
1275 1070
1275 1069
1275 1100
1275 1099
1275 1142
1275 1146
1275 1151
1275 1141
1275 1185
1275 1202
1275 1207
1275 1227
1275 1236
1275 1241
1275 1276
1275 1279
1275 1282
1275 1289
1275 1304
1275 1335
1275 1275
1275 1275
329 1354
1354 1354
1354 1354
1354 329
1354 1354
1354 1354
202 1355
624 1355
906 1355
1355 1355
1355 1355
1355 202
1355 624
1355 906
1355 1355
1355 1355
401 1356
1356 1356
1356 1356
1356 401
1356 1356
1356 1356
1347 1346
1357 1346
1346 1346
1346 1346
1346 1347
1346 1357
1346 1346
1346 1346
67 1358
1358 1358
1358 1358
1358 67
1358 1358
1358 1358
68 1359
1359 1359
1359 1359
1359 68
1359 1359
1359 1359
1360 1360
1360 1360
1360 1360
1360 1360
535 1361
1189 1361
1361 1361
1361 1361
1361 535
1361 1189
1361 1361
1361 1361
205 1362
196 1362
197 1362
980 1362
1191 1362
1362 1362
1362 1362
1362 205
1362 196
1362 197
1362 980
1362 1191
1362 1362
1362 1362
763 1363
1363 1363
1363 1363
1363 763
1363 1363
1363 1363
1092 1364
1364 1364
1364 1364
1364 1092
1364 1364
1364 1364
798 1365
762 1365
1218 1365
1365 1365
1365 1365
1365 798
1365 762
1365 1218
1365 1365
1365 1365
1366 1366
1366 1366
1366 1366
1366 1366
74 1357
1346 1357
1357 1357
1357 1357
1357 74
1357 1346
1357 1357
1357 1357
54 1367
849 1367
1001 1367
1367 1367
1367 1367
1367 54
1367 849
1367 1001
1367 1367
1367 1367
439 1368
1368 1368
1368 1368
1368 439
1368 1368
1368 1368
