1325 2148
2148 2148
2148 2148
2148 1325
2148 2148
2148 2148
51 2150
111 2150
50 2150
1079 2150
2149 2150
2150 2150
2150 2150
2150 51
2150 111
2150 50
2150 1079
2150 2149
2150 2150
2150 2150
1072 2149
1302 2149
1344 2149
1496 2149
2150 2149
2149 2149
2149 2149
2149 1072
2149 1302
2149 1344
2149 1496
2149 2150
2149 2149
2149 2149
73 2153
2151 2153
2152 2153
2153 2153
2153 2153
2153 73
2153 2151
2153 2152
2153 2153
2153 2153
236 2154
53 2154
1339 2154
2154 2154
2154 2154
2154 236
2154 53
2154 1339
2154 2154
2154 2154
236 2155
1027 2155
2155 2155
2155 2155
2155 236
2155 1027
2155 2155
2155 2155
955 2156
2156 2156
2156 2156
2156 955
2156 2156
2156 2156
834 2158
875 2158
1031 2158
1550 2158
1578 2158
1719 2158
2080 2158
2157 2158
2158 2158
2158 2158
2158 834
2158 875
2158 1031
2158 1550
2158 1578
2158 1719
2158 2080
2158 2157
2158 2158
2158 2158
256 2157
750 2157
1540 2157
1541 2157
2158 2157
2157 2157
2157 2157
2157 256
2157 750
2157 1540
2157 1541
2157 2158
2157 2157
2157 2157
1353 2160
2159 2160
2160 2160
2160 2160
2160 1353
2160 2159
2160 2160
2160 2160
2160 2159
2159 2159
2159 2159
2159 2160
2159 2159
2159 2159
90 2162
273 2162
1461 2162
1623 2162
2161 2162
2162 2162
2162 2162
2162 90
2162 273
2162 1461
2162 1623
2162 2161
2162 2162
2162 2162
938 2164
2163 2164
2164 2164
2164 2164
2164 938
2164 2163
2164 2164
2164 2164
2164 2163
2163 2163
2163 2163
2163 2164
2163 2163
2163 2163
8 2166
982 2166
1253 2166
1756 2166
2165 2166
2166 2166
2166 2166
2166 8
2166 982
2166 1253
2166 1756
2166 2165
2166 2166
2166 2166
8 2165
704 2165
982 2165
1014 2165
1090 2165
1253 2165
1375 2165
2166 2165
2165 2165
2165 2165
2165 8
2165 704
2165 982
2165 1014
2165 1090
2165 1253
2165 1375
2165 2166
2165 2165
2165 2165
562 2167
71 2167
2167 2167
2167 2167
2167 562
2167 71
2167 2167
2167 2167
144 2168
143 2168
164 2168
167 2168
1283 2168
1970 2168
2015 2168
2168 2168
2168 2168
2168 144
2168 143
2168 164
2168 167
2168 1283
2168 1970
2168 2015
2168 2168
2168 2168
604 2169
2169 2169
2169 2169
2169 604
2169 2169
2169 2169
155 2171
150 2171
273 2171
2161 2171
2170 2171
2171 2171
2171 2171
2171 155
2171 150
2171 273
2171 2170
2171 2161
2171 2171
2171 2171
187 2175
274 2175
273 2175
1381 2175
2070 2175
2172 2175
2173 2175
2174 2175
2175 2175
2175 2175
2175 187
2175 274
2175 273
2175 1381
2175 2070
2175 2172
2175 2173
2175 2174
2175 2175
2175 2175
90 2161
187 2161
116 2161
164 2161
273 2161
859 2161
1135 2161
1280 2161
1510 2161
1828 2161
2068 2161
2123 2161
2049 2161
2162 2161
2171 2161
2176 2161
2177 2161
2178 2161
2179 2161
2161 2161
2161 2161
2161 90
2161 187
2161 116
2161 164
2161 273
2161 859
2161 1135
2161 1280
2161 1510
2161 1828
2161 2068
2161 2123
2161 2049
2161 2162
2161 2171
2161 2177
2161 2178
2161 2176
2161 2179
2161 2161
2161 2161
187 2170
273 2170
2171 2170
2170 2170
2170 2170
2170 187
2170 273
2170 2171
2170 2170
2170 2170
129 2180
128 2180
2180 2180
2180 2180
2180 129
2180 128
2180 2180
2180 2180
1118 2181
1128 2181
1494 2181
1493 2181
2181 2181
2181 2181
2181 1118
2181 1128
2181 1494
2181 1493
2181 2181
2181 2181
316 2183
903 2183
1273 2183
1687 2183
2182 2183
2183 2183
2183 2183
2183 316
2183 903
2183 1273
2183 1687
2183 2182
2183 2183
2183 2183
317 2184
316 2184
1465 2184
1687 2184
2184 2184
2184 2184
2184 317
2184 316
2184 1465
2184 1687
2184 2184
2184 2184
233 2185
2185 2185
2185 2185
2185 233
2185 2185
2185 2185
127 2186
233 2186
848 2186
1388 2186
1677 2186
1915 2186
2186 2186
2186 2186
2186 127
2186 233
2186 848
2186 1388
2186 1677
2186 1915
2186 2186
2186 2186
233 2187
2012 2187
2187 2187
2187 2187
2187 233
2187 2012
2187 2187
2187 2187
393 2188
2188 2188
2188 2188
2188 393
2188 2188
2188 2188
279 2189
278 2189
641 2189
280 2189
2189 2189
2189 2189
2189 279
2189 278
2189 641
2189 280
2189 2189
2189 2189
2190 2191
2191 2191
2191 2191
2191 2190
2191 2191
2191 2191
365 2190
498 2190
1107 2190
2191 2190
2192 2190
2190 2190
2190 2190
2190 365
2190 498
2190 1107
2190 2191
2190 2192
2190 2190
2190 2190
703 2192
702 2192
1330 2192
2190 2192
2192 2192
2192 2192
2192 703
2192 702
2192 1330
2192 2190
2192 2192
2192 2192
1628 2172
2175 2172
2172 2172
2172 2172
2172 1628
2172 2175
2172 2172
2172 2172
187 2173
185 2173
186 2173
962 2173
1381 2173
2175 2173
2173 2173
2173 2173
2173 187
2173 185
2173 186
2173 962
2173 1381
2173 2175
2173 2173
2173 2173
780 2176
963 2176
1022 2176
2051 2176
2161 2176
2176 2176
2176 2176
2176 780
2176 963
2176 1022
2176 2051
2176 2161
2176 2176
2176 2176
187 2182
183 2182
137 2182
747 2182
778 2182
903 2182
1572 2182
2183 2182
2193 2182
2194 2182
2182 2182
2182 2182
2182 187
2182 183
2182 137
2182 747
2182 778
2182 903
2182 1572
2182 2183
2182 2193
2182 2194
2182 2182
2182 2182
187 2193
1572 2193
2182 2193
2193 2193
2193 2193
2193 187
2193 1572
2193 2182
2193 2193
2193 2193
187 2194
660 2194
2182 2194
2194 2194
2194 2194
2194 187
2194 660
2194 2182
2194 2194
2194 2194
185 2174
186 2174
780 2174
2175 2174
2174 2174
2174 2174
2174 185
2174 186
2174 780
2174 2175
2174 2174
2174 2174
778 2195
1273 2195
1794 2195
2195 2195
2195 2195
2195 778
2195 1273
2195 1794
2195 2195
2195 2195
1946 2196
1945 2196
2196 2196
2196 2196
2196 1946
2196 1945
2196 2196
2196 2196
84 2197
803 2197
1945 2197
2197 2197
2197 2197
2197 84
2197 803
2197 1945
2197 2197
2197 2197
84 2198
1946 2198
1945 2198
2198 2198
2198 2198
2198 84
2198 1946
2198 1945
2198 2198
2198 2198
979 2200
1196 2200
2199 2200
2200 2200
2200 2200
2200 979
2200 1196
2200 2199
2200 2200
2200 2200
1475 2201
2201 2201
2201 2201
2201 1475
2201 2201
2201 2201
204 2202
1497 2202
1645 2202
2202 2202
2202 2202
2202 204
2202 1497
2202 1645
2202 2202
2202 2202
200 2203
865 2203
2203 2203
2203 2203
2203 200
2203 865
2203 2203
2203 2203
1064 2204
2204 2204
2204 2204
2204 1064
2204 2204
2204 2204
768 2206
88 2206
1385 2206
2205 2206
2206 2206
2206 2206
2206 768
2206 88
2206 1385
2206 2205
2206 2206
2206 2206
89 2207
581 2207
88 2207
2207 2207
2207 2207
2207 89
2207 581
2207 88
2207 2207
2207 2207
89 2208
1197 2208
2205 2208
2208 2208
2208 2208
2208 89
2208 1197
2208 2205
2208 2208
2208 2208
89 2209
87 2209
1714 2209
2205 2209
2209 2209
2209 2209
2209 89
2209 87
2209 1714
2209 2205
2209 2209
2209 2209
581 2205
87 2205
768 2205
1714 2205
2206 2205
2208 2205
2209 2205
2205 2205
2205 2205
2205 581
2205 87
2205 768
2205 1714
2205 2206
2205 2208
2205 2209
2205 2205
2205 2205
188 2151
69 2151
322 2151
2013 2151
2153 2151
2151 2151
2151 2151
2151 188
2151 69
2151 322
2151 2013
2151 2153
2151 2151
2151 2151
1405 2210
1453 2210
2210 2210
2210 2210
2210 1405
2210 1453
2210 2210
2210 2210
632 2211
112 2211
1828 2211
2211 2211
2211 2211
2211 632
2211 112
2211 1828
2211 2211
2211 2211
1145 2213
1141 2213
1288 2213
2212 2213
2213 2213
2213 2213
2213 1145
2213 1141
2213 1288
2213 2212
2213 2213
2213 2213
823 2212
1145 2212
1288 2212
1736 2212
2213 2212
2212 2212
2212 2212
2212 823
2212 1145
2212 1288
2212 1736
2212 2213
2212 2212
2212 2212
142 2216
158 2216
2214 2216
2215 2216
2216 2216
2216 2216
2216 142
2216 158
2216 2214
2216 2215
2216 2216
2216 2216
142 2217
140 2217
158 2217
2214 2217
2217 2217
2217 2217
2217 142
2217 140
2217 158
2217 2214
2217 2217
2217 2217
142 2214
140 2214
158 2214
141 2214
2216 2214
2217 2214
2215 2214
2218 2214
2214 2214
2214 2214
2214 142
2214 140
2214 158
2214 141
2214 2216
2214 2217
2214 2218
2214 2215
2214 2214
2214 2214
142 2215
158 2215
141 2215
2216 2215
2214 2215
2215 2215
2215 2215
2215 142
2215 158
2215 141
2215 2216
2215 2214
2215 2215
2215 2215
140 2218
158 2218
2214 2218
2218 2218
2218 2218
2218 140
2218 158
2218 2214
2218 2218
2218 2218
428 2220
467 2220
1223 2220
1389 2220
1627 2220
2219 2220
2220 2220
2220 2220
2220 428
2220 467
2220 1223
2220 1389
2220 1627
2220 2219
2220 2220
2220 2220
427 2219
1391 2219
1479 2219
2220 2219
2219 2219
2219 2219
2219 427
2219 1391
2219 1479
2219 2220
2219 2219
2219 2219
428 2221
709 2221
427 2221
2221 2221
2221 2221
2221 428
2221 709
2221 427
2221 2221
2221 2221
370 2223
45 2223
937 2223
2222 2223
2223 2223
2223 2223
2223 370
2223 45
2223 937
2223 2222
2223 2223
2223 2223
2161 2177
2224 2177
2177 2177
2177 2177
2177 2161
2177 2224
2177 2177
2177 2177
492 2178
1369 2178
2161 2178
2178 2178
2178 2178
2178 492
2178 1369
2178 2161
2178 2178
2178 2178
725 2179
2161 2179
2225 2179
2179 2179
2179 2179
2179 725
2179 2161
2179 2225
2179 2179
2179 2179
1510 2226
2226 2226
2226 2226
2226 1510
2226 2226
2226 2226
714 2227
575 2227
1948 2227
2227 2227
2227 2227
2227 714
2227 575
2227 1948
2227 2227
2227 2227
290 2229
442 2229
1960 2229
2228 2229
2229 2229
2229 2229
2229 290
2229 442
2229 1960
2229 2228
2229 2229
2229 2229
1238 2228
2229 2228
2230 2228
2228 2228
2228 2228
2228 1238
2228 2229
2228 2230
2228 2228
2228 2228
36 2230
290 2230
75 2230
606 2230
766 2230
1698 2230
1697 2230
1960 2230
2228 2230
2231 2230
2232 2230
2230 2230
2230 2230
2230 36
2230 290
2230 75
2230 606
2230 766
2230 1698
2230 1697
2230 1960
2230 2228
2230 2231
2230 2232
2230 2230
2230 2230
2230 2231
2231 2231
2231 2231
2231 2230
2231 2231
2231 2231
75 2232
961 2232
1154 2232
1438 2232
1525 2232
2230 2232
2232 2232
2232 2232
2232 75
2232 961
2232 1154
2232 1438
2232 1525
2232 2230
2232 2232
2232 2232
645 2199
1186 2199
1495 2199
1950 2199
2200 2199
2233 2199
2199 2199
2199 2199
2199 645
2199 1186
2199 1495
2199 1950
2199 2200
2199 2233
2199 2199
2199 2199
2199 2233
2233 2233
2233 2233
2233 2199
2233 2233
2233 2233
1104 2237
1495 2237
2234 2237
2235 2237
2236 2237
2237 2237
2237 2237
2237 1104
2237 1495
2237 2234
2237 2235
2237 2236
2237 2237
2237 2237
15 2234
2237 2234
2234 2234
2234 2234
2234 15
2234 2237
2234 2234
2234 2234
2237 2235
2236 2235
2235 2235
2235 2235
2235 2237
2235 2236
2235 2235
2235 2235
1587 2236
2237 2236
2235 2236
2238 2236
2236 2236
2236 2236
2236 1587
2236 2237
2236 2235
2236 2238
2236 2236
2236 2236
15 2238
971 2238
1084 2238
1322 2238
2236 2238
2238 2238
2238 2238
2238 15
2238 971
2238 1084
2238 1322
2238 2236
2238 2238
2238 2238
496 2240
534 2240
837 2240
858 2240
996 2240
1071 2240
1131 2240
1134 2240
1252 2240
1203 2240
1361 2240
1455 2240
1539 2240
2239 2240
2240 2240
2240 2240
2240 496
2240 534
2240 837
2240 858
2240 996
2240 1071
2240 1131
2240 1134
2240 1252
2240 1203
2240 1361
2240 1455
2240 1539
2240 2239
2240 2240
2240 2240
535 2239
1203 2239
2035 2239
2240 2239
2239 2239
2239 2239
2239 535
2239 1203
2239 2035
2239 2240
2239 2239
2239 2239
451 2241
496 2241
1134 2241
1256 2241
2241 2241
2241 2241
2241 451
2241 496
2241 1134
2241 1256
2241 2241
2241 2241
245 2243
1155 2243
2242 2243
2243 2243
2243 2243
2243 245
2243 1155
2243 2242
2243 2243
2243 2243
245 2242
1155 2242
2243 2242
2242 2242
2242 2242
2242 245
2242 1155
2242 2243
2242 2242
2242 2242
1693 2244
2244 2244
2244 2244
2244 1693
2244 2244
2244 2244
1143 2245
2245 2245
2245 2245
2245 1143
2245 2245
2245 2245
382 2246
2246 2246
2246 2246
2246 382
2246 2246
2246 2246
195 2247
1868 2247
2247 2247
2247 2247
2247 195
2247 1868
2247 2247
2247 2247
1721 2248
2248 2248
2248 2248
2248 1721
2248 2248
2248 2248
1286 2249
2249 2249
2249 2249
2249 1286
2249 2249
2249 2249
1415 2250
1431 2250
2250 2250
2250 2250
2250 1415
2250 1431
2250 2250
2250 2250
665 2251
1413 2251
1415 2251
2251 2251
2251 2251
2251 665
2251 1413
2251 1415
2251 2251
2251 2251
599 2252
1467 2252
2252 2252
2252 2252
2252 599
2252 1467
2252 2252
2252 2252
1013 2253
1139 2253
2253 2253
2253 2253
2253 1013
2253 1139
2253 2253
2253 2253
181 2254
1013 2254
2254 2254
2254 2254
2254 181
2254 1013
2254 2254
2254 2254
1101 2255
2255 2255
2255 2255
2255 1101
2255 2255
2255 2255
984 2256
1319 2256
1321 2256
2256 2256
2256 2256
2256 984
2256 1319
2256 1321
2256 2256
2256 2256
1388 2259
2257 2259
2258 2259
2259 2259
2259 2259
2259 1388
2259 2257
2259 2258
2259 2259
2259 2259
1388 2257
2259 2257
2257 2257
2257 2257
2257 1388
2257 2259
2257 2257
2257 2257
483 2260
482 2260
78 2260
1157 2260
1272 2260
2225 2260
2260 2260
2260 2260
2260 483
2260 482
2260 78
2260 1157
2260 1272
2260 2225
2260 2260
2260 2260
33 2262
251 2262
252 2262
1408 2262
1612 2262
1889 2262
2261 2262
2262 2262
2262 2262
2262 33
2262 251
2262 252
2262 1408
2262 1612
2262 1889
2262 2261
2262 2262
2262 2262
33 2261
253 2261
1350 2261
1409 2261
2262 2261
2261 2261
2261 2261
2261 33
2261 253
2261 1350
2261 1409
2261 2262
2261 2261
2261 2261
1436 2263
2263 2263
2263 2263
2263 1436
2263 2263
2263 2263
1436 2264
2264 2264
2264 2264
2264 1436
2264 2264
2264 2264
1436 2265
2265 2265
2265 2265
2265 1436
2265 2265
2265 2265
1365 2266
1436 2266
1522 2266
2266 2266
2266 2266
2266 1365
2266 1436
2266 1522
2266 2266
2266 2266
1125 2267
1436 2267
1894 2267
2267 2267
2267 2267
2267 1125
2267 1436
2267 1894
2267 2267
2267 2267
838 2268
1114 2268
1834 2268
2268 2268
2268 2268
2268 838
2268 1114
2268 1834
2268 2268
2268 2268
185 2269
840 2269
2070 2269
2269 2269
2269 2269
2269 185
2269 840
2269 2070
2269 2269
2269 2269
851 2270
1354 2270
2270 2270
2270 2270
2270 851
2270 1354
2270 2270
2270 2270
218 2271
401 2271
2271 2271
2271 2271
2271 218
2271 401
2271 2271
2271 2271
400 2272
434 2272
53 2272
839 2272
1118 2272
2272 2272
2272 2272
2272 400
2272 434
2272 53
2272 839
2272 1118
2272 2272
2272 2272
1118 2273
1832 2273
2273 2273
2273 2273
2273 1118
2273 1832
2273 2273
2273 2273
816 2152
1118 2152
1347 2152
1653 2152
2126 2152
2153 2152
2152 2152
2152 2152
2152 816
2152 1118
2152 1347
2152 1653
2152 2126
2152 2153
2152 2152
2152 2152
694 2274
1118 2274
1375 2274
2274 2274
2274 2274
2274 694
2274 1118
2274 1375
2274 2274
2274 2274
1895 2276
2275 2276
2276 2276
2276 2276
2276 1895
2276 2275
2276 2276
2276 2276
614 2275
989 2275
2276 2275
2277 2275
2275 2275
2275 2275
2275 614
2275 989
2275 2276
2275 2277
2275 2275
2275 2275
1543 2277
1895 2277
2275 2277
2277 2277
2277 2277
2277 1543
2277 1895
2277 2275
2277 2277
2277 2277
216 2279
826 2279
2278 2279
2279 2279
2279 2279
2279 216
2279 826
2279 2278
2279 2279
2279 2279
225 2278
216 2278
2279 2278
2278 2278
2278 2278
2278 225
2278 216
2278 2279
2278 2278
2278 2278
610 2280
509 2280
269 2280
2280 2280
2280 2280
2280 610
2280 509
2280 269
2280 2280
2280 2280
610 2281
1098 2281
1205 2281
2281 2281
2281 2281
2281 610
2281 1098
2281 1205
2281 2281
2281 2281
546 2225
635 2225
772 2225
78 2225
1261 2225
1677 2225
2179 2225
2260 2225
2224 2225
2225 2225
2225 2225
2225 546
2225 635
2225 772
2225 78
2225 1261
2225 1677
2225 2179
2225 2260
2225 2224
2225 2225
2225 2225
2177 2224
2225 2224
2224 2224
2224 2224
2224 2177
2224 2225
2224 2224
2224 2224
921 2282
1529 2282
2142 2282
2282 2282
2282 2282
2282 921
2282 1529
2282 2142
2282 2282
2282 2282
1137 2283
2142 2283
2283 2283
2283 2283
2283 1137
2283 2142
2283 2283
2283 2283
160 2284
899 2284
1108 2284
1653 2284
2142 2284
2284 2284
2284 2284
2284 160
2284 899
2284 1108
2284 1653
2284 2142
2284 2284
2284 2284
489 2222
1130 2222
2223 2222
2222 2222
2222 2222
2222 489
2222 1130
2222 2223
2222 2222
2222 2222
1789 2287
2285 2287
2286 2287
2287 2287
2287 2287
2287 1789
2287 2285
2287 2286
2287 2287
2287 2287
2287 2285
2285 2285
2285 2285
2285 2287
2285 2285
2285 2285
1788 2286
2287 2286
2286 2286
2286 2286
2286 1788
2286 2287
2286 2286
2286 2286
1191 2288
2288 2288
2288 2288
2288 1191
2288 2288
2288 2288
78 2289
1996 2289
2289 2289
2289 2289
2289 78
2289 1996
2289 2289
2289 2289
78 2290
1687 2290
2290 2290
2290 2290
2290 78
2290 1687
2290 2290
2290 2290
79 2291
78 2291
2291 2291
2291 2291
2291 79
2291 78
2291 2291
2291 2291
519 2292
627 2292
78 2292
2292 2292
2292 2292
2292 519
2292 627
2292 78
2292 2292
2292 2292
483 2294
615 2294
1272 2294
1809 2294
1904 2294
2293 2294
2294 2294
2294 2294
2294 483
2294 615
2294 1272
2294 1809
2294 1904
2294 2293
2294 2294
2294 2294
615 2293
1272 2293
1809 2293
2294 2293
2293 2293
2293 2293
2293 615
2293 1272
2293 1809
2293 2294
2293 2293
2293 2293
370 2295
1066 2295
1741 2295
2295 2295
2295 2295
2295 370
2295 1066
2295 1741
2295 2295
2295 2295
296 2296
370 2296
667 2296
2296 2296
2296 2296
2296 296
2296 370
2296 667
2296 2296
2296 2296
95 2297
619 2297
994 2297
1018 2297
1041 2297
1264 2297
1389 2297
1859 2297
2297 2297
2297 2297
2297 95
2297 619
2297 994
2297 1018
2297 1041
2297 1264
2297 1389
2297 1859
2297 2297
2297 2297
34 2298
1914 2298
2298 2298
2298 2298
2298 34
2298 1914
2298 2298
2298 2298
2052 2299
2299 2299
2299 2299
2299 2052
2299 2299
2299 2299
111 2300
1330 2300
2300 2300
2300 2300
2300 111
2300 1330
2300 2300
2300 2300
873 2301
1702 2301
2301 2301
2301 2301
2301 873
2301 1702
2301 2301
2301 2301
93 2302
1702 2302
2302 2302
2302 2302
2302 93
2302 1702
2302 2302
2302 2302
1340 2303
2303 2303
2303 2303
2303 1340
2303 2303
2303 2303
1339 2304
2304 2304
2304 2304
2304 1339
2304 2304
2304 2304
40 2305
1397 2305
1922 2305
2305 2305
2305 2305
2305 40
2305 1397
2305 1922
2305 2305
2305 2305
1676 2306
1775 2306
2306 2306
2306 2306
2306 1676
2306 1775
2306 2306
2306 2306
573 2307
1676 2307
1677 2307
2307 2307
2307 2307
2307 573
2307 1676
2307 1677
2307 2307
2307 2307
1676 2308
1677 2308
2308 2308
2308 2308
2308 1676
2308 1677
2308 2308
2308 2308
1677 2258
2259 2258
2258 2258
2258 2258
2258 1677
2258 2259
2258 2258
2258 2258
1617 2309
2309 2309
2309 2309
2309 1617
2309 2309
2309 2309
515 2310
1439 2310
2310 2310
2310 2310
2310 515
2310 1439
2310 2310
2310 2310
1278 2311
1277 2311
1729 2311
1728 2311
2311 2311
2311 2311
2311 1278
2311 1277
2311 1729
2311 1728
2311 2311
2311 2311
651 2312
1762 2312
1980 2312
2312 2312
2312 2312
2312 651
2312 1762
2312 1980
2312 2312
2312 2312
878 2313
1138 2313
1767 2313
1987 2313
2313 2313
2313 2313
2313 878
2313 1138
2313 1767
2313 1987
2313 2313
2313 2313
758 2315
1483 2315
1765 2315
2314 2315
2315 2315
2315 2315
2315 758
2315 1483
2315 1765
2315 2314
2315 2315
2315 2315
2315 2314
2314 2314
2314 2314
2314 2315
2314 2314
2314 2314
