862 2316
2195 2316
2316 2316
2316 2316
2316 862
2316 2195
2316 2316
2316 2316
2135 2317
2317 2317
2317 2317
2317 2135
2317 2317
2317 2317
1122 2318
1474 2318
1665 2318
2318 2318
2318 2318
2318 1122
2318 1474
2318 1665
2318 2318
2318 2318
1022 2319
1040 2319
1580 2319
2319 2319
2319 2319
2319 1022
2319 1040
2319 1580
2319 2319
2319 2319
321 2320
1718 2320
2320 2320
2320 2320
2320 321
2320 1718
2320 2320
2320 2320
290 2322
606 2322
1378 2322
1467 2322
1474 2322
1505 2322
1990 2322
2250 2322
2321 2322
2322 2322
2322 2322
2322 290
2322 606
2322 1378
2322 1467
2322 1474
2322 1505
2322 1990
2322 2250
2322 2321
2322 2322
2322 2322
1044 2321
1198 2321
1424 2321
2322 2321
2323 2321
2321 2321
2321 2321
2321 1044
2321 1198
2321 1424
2321 2322
2321 2323
2321 2321
2321 2321
2250 2324
2324 2324
2324 2324
2324 2250
2324 2324
2324 2324
1551 2326
2325 2326
2326 2326
2326 2326
2326 1551
2326 2325
2326 2326
2326 2326
844 2328
1186 2328
1551 2328
2327 2328
2328 2328
2328 2328
2328 844
2328 1186
2328 1551
2328 2327
2328 2328
2328 2328
1551 2327
2328 2327
2327 2327
2327 2327
2327 1551
2327 2328
2327 2327
2327 2327
799 2329
2329 2329
2329 2329
2329 799
2329 2329
2329 2329
1255 2330
2330 2330
2330 2330
2330 1255
2330 2330
2330 2330
51 2332
2331 2332
2332 2332
2332 2332
2332 51
2332 2331
2332 2332
2332 2332
53 2331
1079 2331
2332 2331
2333 2331
2331 2331
2331 2331
2331 53
2331 1079
2331 2332
2331 2333
2331 2331
2331 2331
1687 2334
2334 2334
2334 2334
2334 1687
2334 2334
2334 2334
1462 2336
1687 2336
2335 2336
2336 2336
2336 2336
2336 1462
2336 1687
2336 2335
2336 2336
2336 2336
183 2337
137 2337
1687 2337
2337 2337
2337 2337
2337 183
2337 137
2337 1687
2337 2337
2337 2337
647 2338
1687 2338
1990 2338
2338 2338
2338 2338
2338 647
2338 1687
2338 1990
2338 2338
2338 2338
1181 2335
1454 2335
1462 2335
1491 2335
1687 2335
2336 2335
2339 2335
2335 2335
2335 2335
2335 1181
2335 1454
2335 1462
2335 1491
2335 1687
2335 2336
2335 2339
2335 2335
2335 2335
1174 2340
1413 2340
1524 2340
2340 2340
2340 2340
2340 1174
2340 1413
2340 1524
2340 2340
2340 2340
556 2341
390 2341
850 2341
908 2341
1062 2341
1126 2341
2341 2341
2341 2341
2341 556
2341 390
2341 850
2341 908
2341 1062
2341 1126
2341 2341
2341 2341
390 2342
1062 2342
1126 2342
2342 2342
2342 2342
2342 390
2342 1062
2342 1126
2342 2342
2342 2342
390 2343
908 2343
1126 2343
2343 2343
2343 2343
2343 390
2343 908
2343 1126
2343 2343
2343 2343
390 2344
2344 2344
2344 2344
2344 390
2344 2344
2344 2344
181 2347
2345 2347
2346 2347
2347 2347
2347 2347
2347 181
2347 2345
2347 2346
2347 2347
2347 2347
180 2345
933 2345
2204 2345
2347 2345
2346 2345
2345 2345
2345 2345
2345 180
2345 933
2345 2204
2345 2347
2345 2346
2345 2345
2345 2345
35 2346
181 2346
1836 2346
2347 2346
2345 2346
2346 2346
2346 2346
2346 35
2346 181
2346 1836
2346 2347
2346 2345
2346 2346
2346 2346
686 2339
1181 2339
1454 2339
1462 2339
2335 2339
2339 2339
2339 2339
2339 686
2339 1181
2339 1454
2339 1462
2339 2335
2339 2339
2339 2339
457 2349
634 2349
318 2349
135 2349
1132 2349
1167 2349
1171 2349
1185 2349
1428 2349
1824 2349
2348 2349
2349 2349
2349 2349
2349 457
2349 634
2349 318
2349 135
2349 1132
2349 1167
2349 1171
2349 1185
2349 1428
2349 1824
2349 2348
2349 2349
2349 2349
46 2351
45 2351
2017 2351
2350 2351
2351 2351
2351 2351
2351 46
2351 45
2351 2017
2351 2350
2351 2351
2351 2351
45 2352
2352 2352
2352 2352
2352 45
2352 2352
2352 2352
349 2353
2353 2353
2353 2353
2353 349
2353 2353
2353 2353
247 2354
1548 2354
2354 2354
2354 2354
2354 247
2354 1548
2354 2354
2354 2354
617 2355
2046 2355
2259 2355
2355 2355
2355 2355
2355 617
2355 2046
2355 2259
2355 2355
2355 2355
124 2356
716 2356
968 2356
975 2356
1558 2356
1703 2356
1733 2356
2356 2356
2356 2356
2356 124
2356 716
2356 968
2356 975
2356 1558
2356 1703
2356 1733
2356 2356
2356 2356
80 2357
752 2357
1733 2357
2357 2357
2357 2357
2357 80
2357 752
2357 1733
2357 2357
2357 2357
26 2362
558 2362
729 2362
896 2362
1089 2362
1088 2362
1144 2362
1266 2362
2167 2362
2358 2362
2359 2362
2360 2362
2361 2362
2362 2362
2362 2362
2362 26
2362 558
2362 729
2362 896
2362 1089
2362 1088
2362 1144
2362 1266
2362 2167
2362 2358
2362 2359
2362 2360
2362 2361
2362 2362
2362 2362
2362 2358
2360 2358
2358 2358
2358 2358
2358 2362
2358 2360
2358 2358
2358 2358
2362 2359
2360 2359
2359 2359
2359 2359
2359 2362
2359 2360
2359 2359
2359 2359
2362 2360
2358 2360
2359 2360
2360 2360
2360 2360
2360 2362
2360 2358
2360 2359
2360 2360
2360 2360
1144 2361
2167 2361
2362 2361
2361 2361
2361 2361
2361 1144
2361 2167
2361 2362
2361 2361
2361 2361
634 2348
318 2348
2349 2348
2348 2348
2348 2348
2348 634
2348 318
2348 2349
2348 2348
2348 2348
430 2363
2363 2363
2363 2363
2363 430
2363 2363
2363 2363
33 2364
2364 2364
2364 2364
2364 33
2364 2364
2364 2364
33 2365
539 2365
1398 2365
2261 2365
2365 2365
2365 2365
2365 33
2365 539
2365 1398
2365 2261
2365 2365
2365 2365
726 2366
813 2366
894 2366
1059 2366
1139 2366
1198 2366
1424 2366
2366 2366
2366 2366
2366 726
2366 813
2366 894
2366 1059
2366 1139
2366 1198
2366 1424
2366 2366
2366 2366
541 2367
2367 2367
2367 2367
2367 541
2367 2367
2367 2367
1015 2368
1990 2368
2368 2368
2368 2368
2368 1015
2368 1990
2368 2368
2368 2368
1104 2369
1990 2369
1991 2369
2369 2369
2369 2369
2369 1104
2369 1990
2369 1991
2369 2369
2369 2369
175 2370
1990 2370
2116 2370
2370 2370
2370 2370
2370 175
2370 1990
2370 2116
2370 2370
2370 2370
1660 2371
1659 2371
1990 2371
2371 2371
2371 2371
2371 1660
2371 1659
2371 1990
2371 2371
2371 2371
814 2373
1155 2373
2372 2373
2373 2373
2373 2373
2373 814
2373 1155
2373 2372
2373 2373
2373 2373
466 2372
57 2372
727 2372
814 2372
895 2372
924 2372
1049 2372
1476 2372
1622 2372
2373 2372
2372 2372
2372 2372
2372 466
2372 57
2372 727
2372 814
2372 895
2372 924
2372 1049
2372 1476
2372 1622
2372 2373
2372 2372
2372 2372
1653 2374
2374 2374
2374 2374
2374 1653
2374 2374
2374 2374
344 2375
995 2375
1308 2375
2099 2375
2100 2375
2141 2375
2292 2375
2375 2375
2375 2375
2375 344
2375 995
2375 1308
2375 2099
2375 2100
2375 2141
2375 2292
2375 2375
2375 2375
466 2376
877 2376
1080 2376
2376 2376
2376 2376
2376 466
2376 877
2376 1080
2376 2376
2376 2376
305 2377
466 2377
435 2377
1044 2377
1400 2377
1504 2377
2377 2377
2377 2377
2377 305
2377 466
2377 435
2377 1044
2377 1400
2377 1504
2377 2377
2377 2377
69 2378
394 2378
731 2378
943 2378
1370 2378
1898 2378
2378 2378
2378 2378
2378 69
2378 394
2378 731
2378 943
2378 1370
2378 1898
2378 2378
2378 2378
1716 2380
2379 2380
2380 2380
2380 2380
2380 1716
2380 2379
2380 2380
2380 2380
636 2382
1039 2382
1716 2382
2381 2382
2379 2382
2382 2382
2382 2382
2382 636
2382 1039
2382 1716
2382 2379
2382 2381
2382 2382
2382 2382
636 2381
1716 2381
2382 2381
2379 2381
2381 2381
2381 2381
2381 636
2381 1716
2381 2382
2381 2379
2381 2381
2381 2381
670 2383
1716 2383
2379 2383
2383 2383
2383 2383
2383 670
2383 1716
2383 2379
2383 2383
2383 2383
535 2384
1631 2384
2384 2384
2384 2384
2384 535
2384 1631
2384 2384
2384 2384
143 2388
629 2388
649 2388
708 2388
776 2388
1025 2388
1083 2388
1170 2388
1391 2388
1389 2388
1416 2388
1390 2388
2219 2388
2385 2388
2386 2388
2387 2388
2388 2388
2388 2388
2388 143
2388 629
2388 649
2388 708
2388 776
2388 1025
2388 1083
2388 1170
2388 1391
2388 1389
2388 1416
2388 1390
2388 2219
2388 2385
2388 2386
2388 2387
2388 2388
2388 2388
776 2385
1391 2385
1479 2385
2219 2385
2388 2385
2385 2385
2385 2385
2385 776
2385 1391
2385 1479
2385 2219
2385 2388
2385 2385
2385 2385
649 2386
1416 2386
2388 2386
2386 2386
2386 2386
2386 649
2386 1416
2386 2388
2386 2386
2386 2386
2388 2387
2387 2387
2387 2387
2387 2388
2387 2387
2387 2387
1660 2390
2389 2390
2390 2390
2390 2390
2390 1660
2390 2389
2390 2390
2390 2390
76 2392
961 2392
1438 2392
2232 2392
2391 2392
2392 2392
2392 2392
2392 76
2392 961
2392 1438
2392 2232
2392 2391
2392 2392
2392 2392
76 2393
961 2393
2393 2393
2393 2393
2393 76
2393 961
2393 2393
2393 2393
543 2395
961 2395
2391 2395
2394 2395
2395 2395
2395 2395
2395 543
2395 961
2395 2391
2395 2394
2395 2395
2395 2395
371 2397
2396 2397
2397 2397
2397 2397
2397 371
2397 2396
2397 2397
2397 2397
836 2396
2397 2396
2396 2396
2396 2396
2396 836
2396 2397
2396 2396
2396 2396
1907 2398
2398 2398
2398 2398
2398 1907
2398 2398
2398 2398
242 2399
240 2399
816 2399
1832 2399
1970 2399
1969 2399
2273 2399
2399 2399
2399 2399
2399 242
2399 240
2399 816
2399 1832
2399 1970
2399 1969
2399 2273
2399 2399
2399 2399
588 2400
2039 2400
2400 2400
2400 2400
2400 588
2400 2039
2400 2400
2400 2400
478 2401
692 2401
1311 2401
2401 2401
2401 2401
2401 478
2401 692
2401 1311
2401 2401
2401 2401
595 2402
1688 2402
2402 2402
2402 2402
2402 595
2402 1688
2402 2402
2402 2402
710 2403
1055 2403
2403 2403
2403 2403
2403 710
2403 1055
2403 2403
2403 2403
2404 2405
2405 2405
2405 2405
2405 2404
2405 2405
2405 2405
2405 2404
2404 2404
2404 2404
2404 2405
2404 2404
2404 2404
326 2406
627 2406
1986 2406
2406 2406
2406 2406
2406 326
2406 627
2406 1986
2406 2406
2406 2406
1718 2409
2407 2409
2408 2409
2409 2409
2409 2409
2409 1718
2409 2407
2409 2408
2409 2409
2409 2409
1196 2407
2409 2407
2407 2407
2407 2407
2407 1196
2407 2409
2407 2407
2407 2407
915 2408
2409 2408
2410 2408
2408 2408
2408 2408
2408 915
2408 2409
2408 2410
2408 2408
2408 2408
1149 2412
2411 2412
2412 2412
2412 2412
2412 1149
2412 2411
2412 2412
2412 2412
2412 2411
2411 2411
2411 2411
2411 2412
2411 2411
2411 2411
104 2413
119 2413
116 2413
691 2413
1290 2413
2011 2413
2413 2413
2413 2413
2413 104
2413 119
2413 116
2413 691
2413 1290
2413 2011
2413 2413
2413 2413
119 2414
139 2414
643 2414
1838 2414
2414 2414
2414 2414
2414 119
2414 139
2414 643
2414 1838
2414 2414
2414 2414
557 2415
2415 2415
2415 2415
2415 557
2415 2415
2415 2415
788 2416
2416 2416
2416 2416
2416 788
2416 2416
2416 2416
848 2417
1914 2417
2417 2417
2417 2417
2417 848
2417 1914
2417 2417
2417 2417
53 2418
446 2418
54 2418
2140 2418
2418 2418
2418 2418
2418 53
2418 446
2418 54
2418 2140
2418 2418
2418 2418
179 2419
1829 2419
2419 2419
2419 2419
2419 179
2419 1829
2419 2419
2419 2419
1337 2421
1521 2421
1615 2421
2096 2421
2420 2421
2421 2421
2421 2421
2421 1337
2421 1521
2421 1615
2421 2096
2421 2420
2421 2421
2421 2421
2421 2420
2420 2420
2420 2420
2420 2421
2420 2420
2420 2420
64 2423
520 2423
2422 2423
2423 2423
2423 2423
2423 64
2423 520
2423 2422
2423 2423
2423 2423
2423 2422
2422 2422
2422 2422
2422 2423
2422 2422
2422 2422
410 2424
2424 2424
2424 2424
2424 410
2424 2424
2424 2424
38 2425
355 2425
2425 2425
2425 2425
2425 38
2425 355
2425 2425
2425 2425
2426 2427
2427 2427
2427 2427
2427 2426
2427 2427
2427 2427
2427 2426
2426 2426
2426 2426
2426 2427
2426 2426
2426 2426
1231 2428
2428 2428
2428 2428
2428 1231
2428 2428
2428 2428
543 2391
961 2391
1085 2391
2392 2391
2395 2391
2391 2391
2391 2391
2391 543
2391 961
2391 1085
2391 2392
2391 2395
2391 2391
2391 2391
543 2394
2395 2394
2394 2394
2394 2394
2394 543
2394 2395
2394 2394
2394 2394
989 2429
1501 2429
2024 2429
2022 2429
2429 2429
2429 2429
2429 989
2429 1501
2429 2024
2429 2022
2429 2429
2429 2429
308 2431
307 2431
2430 2431
2431 2431
2431 2431
2431 308
2431 307
2431 2430
2431 2431
2431 2431
307 2430
2431 2430
2430 2430
2430 2430
2430 307
2430 2431
2430 2430
2430 2430
869 2434
1227 2434
2432 2434
2433 2434
2434 2434
2434 2434
2434 869
2434 1227
2434 2432
2434 2433
2434 2434
2434 2434
524 2435
869 2435
1227 2435
2432 2435
2435 2435
2435 2435
2435 524
2435 869
2435 1227
2435 2432
2435 2435
2435 2435
1227 2436
1590 2436
2436 2436
2436 2436
2436 1227
2436 1590
2436 2436
2436 2436
524 2438
869 2438
1227 2438
2432 2438
2437 2438
2438 2438
2438 2438
2438 524
2438 869
2438 1227
2438 2432
2438 2437
2438 2438
2438 2438
109 2439
1741 2439
2439 2439
2439 2439
2439 109
2439 1741
2439 2439
2439 2439
27 2441
566 2441
107 2441
1704 2441
1741 2441
2440 2441
2441 2441
2441 2441
2441 27
2441 566
2441 107
2441 1704
2441 1741
2441 2440
2441 2441
2441 2441
566 2442
107 2442
1741 2442
2440 2442
2442 2442
2442 2442
2442 566
2442 107
2442 1741
2442 2440
2442 2442
2442 2442
108 2445
1212 2445
1422 2445
1705 2445
1708 2445
1739 2445
2443 2445
2444 2445
2445 2445
2445 2445
2445 108
2445 1212
2445 1422
2445 1705
2445 1708
2445 1739
2445 2443
2445 2444
2445 2445
2445 2445
108 2443
1035 2443
2445 2443
2443 2443
2443 2443
2443 108
2443 1035
2443 2445
2443 2443
2443 2443
108 2444
790 2444
1039 2444
1066 2444
2445 2444
2444 2444
2444 2444
2444 108
2444 790
2444 1039
2444 1066
2444 2445
2444 2444
2444 2444
1518 2446
2446 2446
2446 2446
2446 1518
2446 2446
2446 2446
514 2447
684 2447
551 2447
786 2447
967 2447
1076 2447
1279 2447
1406 2447
1522 2447
1613 2447
1742 2447
2108 2447
2447 2447
2447 2447
2447 514
2447 684
2447 551
2447 786
2447 967
2447 1076
2447 1279
2447 1406
2447 1522
2447 1613
2447 1742
2447 2108
2447 2447
2447 2447
431 2379
533 2379
784 2379
1753 2379
1794 2379
1737 2379
2380 2379
2382 2379
2381 2379
2383 2379
2448 2379
2379 2379
2379 2379
2379 431
2379 533
2379 784
2379 1753
2379 1794
2379 1737
2379 2380
2379 2382
2379 2381
2379 2383
2379 2448
2379 2379
2379 2379
2379 2448
2449 2448
2448 2448
2448 2448
2448 2379
2448 2449
2448 2448
2448 2448
522 2450
1829 2450
2450 2450
2450 2450
2450 522
2450 1829
2450 2450
2450 2450
44 2451
41 2451
42 2451
2451 2451
2451 2451
2451 44
2451 41
2451 42
2451 2451
2451 2451
44 2452
41 2452
42 2452
43 2452
2452 2452
2452 2452
2452 44
2452 41
2452 42
2452 43
2452 2452
2452 2452
544 2453
817 2453
2453 2453
2453 2453
2453 544
2453 817
2453 2453
2453 2453
644 2456
1911 2456
2454 2456
2455 2456
2456 2456
2456 2456
2456 644
2456 1911
2456 2454
2456 2455
2456 2456
2456 2456
644 2454
2456 2454
2454 2454
2454 2454
2454 644
2454 2456
2454 2454
2454 2454
687 2458
2457 2458
2458 2458
2458 2458
2458 687
2458 2457
2458 2458
2458 2458
687 2459
1590 2459
2459 2459
2459 2459
2459 687
2459 1590
2459 2459
2459 2459
201 2460
2460 2460
2460 2460
2460 201
2460 2460
2460 2460
1437 2461
2461 2461
2461 2461
2461 1437
2461 2461
2461 2461
170 2462
510 2462
509 2462
1154 2462
2462 2462
2462 2462
2462 170
2462 510
2462 509
2462 1154
2462 2462
2462 2462
610 2464
609 2464
509 2464
269 2464
828 2464
1098 2464
1205 2464
1525 2464
1788 2464
2280 2464
2281 2464
2463 2464
2464 2464
2464 2464
2464 610
2464 609
2464 509
2464 269
2464 828
2464 1098
2464 1205
2464 1525
2464 1788
2464 2280
2464 2281
2464 2463
2464 2464
2464 2464
609 2463
1098 2463
2464 2463
2463 2463
2463 2463
2463 609
2463 1098
2463 2464
2463 2463
2463 2463
586 2465
669 2465
1005 2465
1740 2465
2271 2465
2465 2465
2465 2465
2465 586
2465 669
2465 1005
2465 1740
2465 2271
2465 2465
2465 2465
2007 2467
2466 2467
2467 2467
2467 2467
2467 2007
2467 2466
2467 2467
2467 2467
2467 2466
2466 2466
2466 2466
2466 2467
2466 2466
2466 2466
417 2468
1468 2468
2468 2468
2468 2468
2468 417
2468 1468
2468 2468
2468 2468
715 2469
1468 2469
2469 2469
2469 2469
2469 715
2469 1468
2469 2469
2469 2469
84 2470
2389 2470
2470 2470
2470 2470
2470 84
2470 2389
2470 2470
2470 2470
345 2471
183 2471
700 2471
699 2471
617 2471
2471 2471
2471 2471
2471 345
2471 183
2471 700
2471 699
2471 617
2471 2471
2471 2471
369 2473
2472 2473
2473 2473
2473 2473
2473 369
2473 2472
2473 2473
2473 2473
369 2474
368 2474
2474 2474
2474 2474
2474 369
2474 368
2474 2474
2474 2474
1922 2333
2331 2333
2333 2333
2333 2333
2333 1922
2333 2331
2333 2333
2333 2333
106 2476
661 2476
339 2476
1141 2476
1588 2476
1682 2476
2475 2476
2476 2476
2476 2476
2476 106
2476 661
2476 339
2476 1141
2476 1588
2476 1682
2476 2475
2476 2476
2476 2476
1994 2477
2477 2477
2477 2477
2477 1994
2477 2477
2477 2477
205 2478
2478 2478
2478 2478
2478 205
2478 2478
2478 2478
1234 2479
2479 2479
2479 2479
2479 1234
2479 2479
2479 2479
501 2480
770 2480
1354 2480
2480 2480
2480 2480
2480 501
2480 770
2480 1354
2480 2480
2480 2480
216 2481
841 2481
2481 2481
2481 2481
2481 216
2481 841
2481 2481
2481 2481
308 2482
1054 2482
2482 2482
2482 2482
2482 308
2482 1054
2482 2482
2482 2482
536 2484
2483 2484
2484 2484
2484 2484
2484 536
2484 2483
2484 2484
2484 2484
537 2483
536 2483
2484 2483
2483 2483
2483 2483
2483 537
2483 536
2483 2484
2483 2483
2483 2483
414 2485
1365 2485
1584 2485
1786 2485
1841 2485
2045 2485
2485 2485
2485 2485
2485 414
2485 1365
2485 1584
2485 1786
2485 1841
2485 2045
2485 2485
2485 2485
616 2486
1679 2486
2136 2486
2486 2486
2486 2486
2486 616
2486 1679
2486 2136
2486 2486
2486 2486
159 2487
2487 2487
2487 2487
2487 159
2487 2487
2487 2487
159 2488
2488 2488
2488 2488
2488 159
2488 2488
2488 2488
1599 2489
2489 2489
2489 2489
2489 1599
2489 2489
2489 2489
181 2490
2254 2490
2490 2490
2490 2490
2490 181
2490 2254
2490 2490
2490 2490
1355 2491
1892 2491
1897 2491
2491 2491
2491 2491
2491 1355
2491 1892
2491 1897
2491 2491
2491 2491
220 2492
468 2492
219 2492
1141 2492
1743 2492
2492 2492
2492 2492
2492 220
2492 468
2492 219
2492 1141
2492 1743
2492 2492
2492 2492
294 2389
857 2389
2390 2389
2470 2389
2389 2389
2389 2389
2389 294
2389 857
2389 2390
2389 2470
2389 2389
2389 2389
476 2494
2493 2494
2494 2494
2494 2494
2494 476
2494 2493
2494 2494
2494 2494
833 2493
1127 2493
1639 2493
2494 2493
2493 2493
2493 2493
2493 833
2493 1127
2493 1639
2493 2494
2493 2493
2493 2493
2281 2495
2495 2495
2495 2495
2495 2281
2495 2495
2495 2495
231 2496
765 2496
1570 2496
2496 2496
2496 2496
2496 231
2496 765
2496 1570
2496 2496
2496 2496
305 2497
466 2497
1476 2497
2497 2497
2497 2497
2497 305
2497 466
2497 1476
2497 2497
2497 2497
1116 2498
1519 2498
2498 2498
2498 2498
2498 1116
2498 1519
2498 2498
2498 2498
775 2499
1560 2499
1864 2499
2499 2499
2499 2499
2499 775
2499 1560
2499 1864
2499 2499
2499 2499
775 2500
1091 2500
1103 2500
1318 2500
1864 2500
2500 2500
2500 2500
2500 775
2500 1091
2500 1103
2500 1318
2500 1864
2500 2500
2500 2500
859 2501
2501 2501
2501 2501
2501 859
2501 2501
2501 2501
568 2440
716 2440
1036 2440
1212 2440
2441 2440
2442 2440
2440 2440
2440 2440
2440 568
2440 716
2440 1036
2440 1212
2440 2441
2440 2442
2440 2440
2440 2440
263 2502
2093 2502
2135 2502
2502 2502
2502 2502
2502 263
2502 2093
2502 2135
2502 2502
2502 2502
261 2503
2503 2503
2503 2503
2503 261
2503 2503
2503 2503
225 2504
2504 2504
2504 2504
2504 225
2504 2504
2504 2504
356 2505
1248 2505
2212 2505
2505 2505
2505 2505
2505 356
2505 1248
2505 2212
2505 2505
2505 2505
67 2506
1297 2506
1935 2506
2506 2506
2506 2506
2506 67
2506 1297
2506 1935
2506 2506
2506 2506
1360 2508
1976 2508
2109 2508
2238 2508
2507 2508
2508 2508
2508 2508
2508 1360
2508 1976
2508 2109
2508 2238
2508 2507
2508 2508
2508 2508
1892 2509
2509 2509
2509 2509
2509 1892
2509 2509
2509 2509
2195 2510
2510 2510
2510 2510
2510 2195
2510 2510
2510 2510
689 2511
2511 2511
2511 2511
2511 689
2511 2511
2511 2511
1679 2512
2512 2512
2512 2512
2512 1679
2512 2512
2512 2512
1151 2514
2513 2514
2514 2514
2514 2514
2514 1151
2514 2513
2514 2514
2514 2514
405 2513
935 2513
1151 2513
2514 2513
2432 2513
2513 2513
2513 2513
2513 405
2513 935
2513 1151
2513 2514
2513 2432
2513 2513
2513 2513
757 2516
764 2516
2515 2516
2516 2516
2516 2516
2516 757
2516 764
2516 2515
2516 2516
2516 2516
940 2515
2516 2515
2515 2515
2515 2515
2515 940
2515 2516
2515 2515
2515 2515
286 2518
284 2518
996 2518
1131 2518
1203 2518
2239 2518
2517 2518
2518 2518
2518 2518
2518 286
2518 284
2518 996
2518 1131
2518 1203
2518 2239
2518 2517
2518 2518
2518 2518
1360 2507
2109 2507
2111 2507
2508 2507
2507 2507
2507 2507
2507 1360
2507 2109
2507 2111
2507 2508
2507 2507
2507 2507
1424 2519
1423 2519
1476 2519
2519 2519
2519 2519
2519 1424
2519 1423
2519 1476
2519 2519
2519 2519
2196 2520
2520 2520
2520 2520
2520 2196
2520 2520
2520 2520
524 2522
869 2522
2521 2522
2522 2522
2522 2522
2522 524
2522 869
2522 2521
2522 2522
2522 2522
524 2523
869 2523
2523 2523
2523 2523
2523 524
2523 869
2523 2523
2523 2523
1198 2323
1424 2323
2321 2323
2323 2323
2323 2323
2323 1198
2323 1424
2323 2321
2323 2323
2323 2323
293 2524
2213 2524
2524 2524
2524 2524
2524 293
2524 2213
2524 2524
2524 2524
682 2525
696 2525
2525 2525
2525 2525
2525 682
2525 696
2525 2525
2525 2525
122 2526
2526 2526
2526 2526
2526 122
2526 2526
2526 2526
826 2527
1222 2527
2527 2527
2527 2527
2527 826
2527 1222
2527 2527
2527 2527
957 2528
2528 2528
2528 2528
2528 957
2528 2528
2528 2528
868 2432
935 2432
2434 2432
2435 2432
2438 2432
2513 2432
2432 2432
2432 2432
2432 868
2432 935
2432 2434
2432 2435
2432 2438
2432 2513
2432 2432
2432 2432
1024 2529
2529 2529
2529 2529
2529 1024
2529 2529
2529 2529
618 2530
2530 2530
2530 2530
2530 618
2530 2530
2530 2530
1197 2531
2531 2531
2531 2531
2531 1197
2531 2531
2531 2531
712 2533
626 2533
741 2533
1156 2533
2532 2533
2533 2533
2533 2533
2533 712
2533 626
2533 741
2533 1156
2533 2532
2533 2533
2533 2533
1182 2532
2533 2532
2532 2532
2532 2532
2532 1182
2532 2533
2532 2532
2532 2532
1306 2534
2534 2534
2534 2534
2534 1306
2534 2534
2534 2534
229 2535
228 2535
2535 2535
2535 2535
2535 229
2535 228
2535 2535
2535 2535
284 2517
613 2517
639 2517
1203 2517
2518 2517
2517 2517
2517 2517
2517 284
2517 613
2517 639
2517 1203
2517 2518
2517 2517
2517 2517
397 2538
2233 2538
2536 2538
2537 2538
2538 2538
2538 2538
2538 397
2538 2233
2538 2536
2538 2537
2538 2538
2538 2538
2538 2536
2536 2536
2536 2536
2536 2538
2536 2536
2536 2536
1583 2539
2291 2539
2539 2539
2539 2539
2539 1583
2539 2291
2539 2539
2539 2539
844 2540
2540 2540
2540 2540
2540 844
2540 2540
2540 2540
14 2541
970 2541
2238 2541
2541 2541
2541 2541
2541 14
2541 970
2541 2238
2541 2541
2541 2541
7 2542
2542 2542
2542 2542
2542 7
2542 2542
2542 2542
20 2543
2543 2543
2543 2543
2543 20
2543 2543
2543 2543
9 2544
622 2544
721 2544
950 2544
2544 2544
2544 2544
2544 9
2544 622
2544 721
2544 950
2544 2544
2544 2544
608 2545
609 2545
2545 2545
2545 2545
2545 608
2545 609
2545 2545
2545 2545
268 2546
2546 2546
2546 2546
2546 268
2546 2546
2546 2546
268 2547
2547 2547
2547 2547
2547 268
2547 2547
2547 2547
1803 2548
2548 2548
2548 2548
2548 1803
2548 2548
2548 2548
14 2549
2549 2549
2549 2549
2549 14
2549 2549
2549 2549
2293 2550
2550 2550
2550 2550
2550 2293
2550 2550
2550 2550
731 2551
439 2551
1363 2551
1463 2551
1906 2551
2551 2551
2551 2551
2551 731
2551 439
2551 1363
2551 1463
2551 1906
2551 2551
2551 2551
1132 2552
2457 2552
2552 2552
2552 2552
2552 1132
2552 2457
2552 2552
2552 2552
372 2325
959 2325
1721 2325
2326 2325
2553 2325
2325 2325
2325 2325
2325 372
2325 959
2325 1721
2325 2326
2325 2553
2325 2325
2325 2325
540 2554
1247 2554
1601 2554
2554 2554
2554 2554
2554 540
2554 1247
2554 1601
2554 2554
2554 2554
1601 2555
2555 2555
2555 2555
2555 1601
2555 2555
2555 2555
540 2556
1247 2556
1601 2556
2556 2556
2556 2556
2556 540
2556 1247
2556 1601
2556 2556
2556 2556
2296 2557
2557 2557
2557 2557
2557 2296
2557 2557
2557 2557
1113 2559
1709 2559
2558 2559
2559 2559
2559 2559
2559 1113
2559 1709
2559 2558
2559 2559
2559 2559
2559 2558
2558 2558
2558 2558
2558 2559
2558 2558
2558 2558
459 2560
1034 2560
2560 2560
2560 2560
2560 459
2560 1034
2560 2560
2560 2560
1048 2561
1047 2561
2561 2561
2561 2561
2561 1048
2561 1047
2561 2561
2561 2561
348 2562
1048 2562
1373 2562
1372 2562
1446 2562
2562 2562
2562 2562
2562 348
2562 1048
2562 1373
2562 1372
2562 1446
2562 2562
2562 2562
951 2565
2563 2565
2564 2565
2565 2565
2565 2565
2565 951
2565 2563
2565 2564
2565 2565
2565 2565
951 2563
2565 2563
2563 2563
2563 2563
2563 951
2563 2565
2563 2563
2563 2563
951 2564
2565 2564
2564 2564
2564 2564
2564 951
2564 2565
2564 2564
2564 2564
1020 2566
2566 2566
2566 2566
2566 1020
2566 2566
2566 2566
548 2567
547 2567
930 2567
2567 2567
2567 2567
2567 548
2567 547
2567 930
2567 2567
2567 2567
777 2570
1148 2570
1379 2570
2568 2570
2569 2570
2570 2570
2570 2570
2570 777
2570 1148
2570 1379
2570 2568
2570 2569
2570 2570
2570 2570
1379 2571
2571 2571
2571 2571
2571 1379
2571 2571
2571 2571
2570 2568
2568 2568
2568 2568
2568 2570
2568 2568
2568 2568
1867 2569
2570 2569
2569 2569
2569 2569
2569 1867
2569 2570
2569 2569
2569 2569
1182 2572
2572 2572
2572 2572
2572 1182
2572 2572
2572 2572
1006 2573
2573 2573
2573 2573
2573 1006
2573 2573
2573 2573
1675 2574
2052 2574
2299 2574
2574 2574
2574 2574
2574 1675
2574 2052
2574 2299
2574 2574
2574 2574
1233 2575
1661 2575
2575 2575
2575 2575
2575 1233
2575 1661
2575 2575
2575 2575
46 2350
2351 2350
2350 2350
2350 2350
2350 46
2350 2351
2350 2350
2350 2350
971 2576
1084 2576
1221 2576
2576 2576
2576 2576
2576 971
2576 1084
2576 1221
2576 2576
2576 2576
336 2577
971 2577
1225 2577
1530 2577
2577 2577
2577 2577
2577 336
2577 971
2577 1225
2577 1530
2577 2577
2577 2577
157 2578
133 2578
2578 2578
2578 2578
2578 157
2578 133
2578 2578
2578 2578
1 2579
1163 2579
1852 2579
2579 2579
2579 2579
2579 1
2579 1163
2579 1852
2579 2579
2579 2579
406 2580
2580 2580
2580 2580
2580 406
2580 2580
2580 2580
875 2581
2581 2581
2581 2581
2581 875
2581 2581
2581 2581
134 2582
1700 2582
2582 2582
2582 2582
2582 134
2582 1700
2582 2582
2582 2582
2583 2583
2583 2583
2583 2583
2583 2583
1044 2584
2584 2584
2584 2584
2584 1044
2584 2584
2584 2584
2109 2585
2585 2585
2585 2585
2585 2109
2585 2585
2585 2585
1181 2586
2586 2586
2586 2586
2586 1181
2586 2586
2586 2586
1181 2587
1462 2587
1491 2587
2587 2587
2587 2587
2587 1181
2587 1462
2587 1491
2587 2587
2587 2587
395 2588
1498 2588
2588 2588
2588 2588
2588 395
2588 1498
2588 2588
2588 2588
805 2589
1889 2589
2589 2589
2589 2589
2589 805
2589 1889
2589 2589
2589 2589
1738 2590
2590 2590
2590 2590
2590 1738
2590 2590
2590 2590
373 2592
2591 2592
2592 2592
2592 2592
2592 373
2592 2591
2592 2592
2592 2592
833 2593
2593 2593
2593 2593
2593 833
2593 2593
2593 2593
1581 2594
1718 2594
1717 2594
1748 2594
2594 2594
2594 2594
2594 1581
2594 1718
2594 1717
2594 1748
2594 2594
2594 2594
915 2410
1275 2410
1382 2410
1718 2410
1715 2410
2408 2410
2410 2410
2410 2410
2410 915
2410 1275
2410 1382
2410 1718
2410 1715
2410 2408
2410 2410
2410 2410
475 2595
2595 2595
2595 2595
2595 475
2595 2595
2595 2595
959 2553
1721 2553
2325 2553
2553 2553
2553 2553
2553 959
2553 1721
2553 2325
2553 2553
2553 2553
832 2596
2596 2596
2596 2596
2596 832
2596 2596
2596 2596
1481 2598
2597 2598
2598 2598
2598 2598
2598 1481
2598 2597
2598 2598
2598 2598
2599 2600
2600 2600
2600 2600
2600 2599
2600 2600
2600 2600
2600 2599
2599 2599
2599 2599
2599 2600
2599 2599
2599 2599
41 2601
43 2601
249 2601
2601 2601
2601 2601
2601 41
2601 43
2601 249
2601 2601
2601 2601
1344 2602
2602 2602
2602 2602
2602 1344
2602 2602
2602 2602
429 2603
2603 2603
2603 2603
2603 429
2603 2603
2603 2603
1001 2604
2604 2604
2604 2604
2604 1001
2604 2604
2604 2604
892 2605
1669 2605
1893 2605
2605 2605
2605 2605
2605 892
2605 1669
2605 1893
2605 2605
2605 2605
577 2597
2598 2597
2597 2597
2597 2597
2597 577
2597 2598
2597 2597
2597 2597
1046 2606
2606 2606
2606 2606
2606 1046
2606 2606
2606 2606
1237 2607
2607 2607
2607 2607
2607 1237
2607 2607
2607 2607
1274 2608
1511 2608
2608 2608
2608 2608
2608 1274
2608 1511
2608 2608
2608 2608
1093 2609
2609 2609
2609 2609
2609 1093
2609 2609
2609 2609
18 2437
640 2437
17 2437
1590 2437
2438 2437
2437 2437
2437 2437
2437 18
2437 640
2437 17
2437 1590
2437 2438
2437 2437
2437 2437
6 2611
2610 2611
2611 2611
2611 2611
2611 6
2611 2610
2611 2611
2611 2611
115 2612
1732 2612
2612 2612
2612 2612
2612 115
2612 1732
2612 2612
2612 2612
306 2613
2613 2613
2613 2613
2613 306
2613 2613
2613 2613
2614 2615
2615 2615
2615 2615
2615 2614
2615 2615
2615 2615
2615 2614
2614 2614
2614 2614
2614 2615
2614 2614
2614 2614
1921 2616
2616 2616
2616 2616
2616 1921
2616 2616
2616 2616
1951 2617
2617 2617
2617 2617
2617 1951
2617 2617
2617 2617
277 2618
2618 2618
2618 2618
2618 277
2618 2618
2618 2618
944 2619
2619 2619
2619 2619
2619 944
2619 2619
2619 2619
77 2621
2620 2621
2621 2621
2621 2621
2621 77
2621 2620
2621 2621
2621 2621
2622 2623
2623 2623
2623 2623
2623 2622
2623 2623
2623 2623
2623 2622
2622 2622
2622 2622
2622 2623
2622 2622
2622 2622
929 2624
2624 2624
2624 2624
2624 929
2624 2624
2624 2624
123 2625
2625 2625
2625 2625
2625 123
2625 2625
2625 2625
755 2626
2626 2626
2626 2626
2626 755
2626 2626
2626 2626
1950 2628
2627 2628
2628 2628
2628 2628
2628 1950
2628 2627
2628 2628
2628 2628
120 2629
2629 2629
2629 2629
2629 120
2629 2629
2629 2629
2538 2537
2537 2537
2537 2537
2537 2538
2537 2537
2537 2537
1556 2630
2630 2630
2630 2630
2630 1556
2630 2630
2630 2630
2631 2633
2632 2633
2633 2633
2633 2633
2633 2631
2633 2632
2633 2633
2633 2633
2633 2631
2631 2631
2631 2631
2631 2633
2631 2631
2631 2631
2633 2632
2634 2632
2632 2632
2632 2632
2632 2633
2632 2634
2632 2632
2632 2632
2037 2635
2635 2635
2635 2635
2635 2037
2635 2635
2635 2635
102 2636
2636 2636
2636 2636
2636 102
2636 2636
2636 2636
917 2637
2637 2637
2637 2637
2637 917
2637 2637
2637 2637
1505 2638
2638 2638
2638 2638
2638 1505
2638 2638
2638 2638
670 2639
935 2639
2639 2639
2639 2639
2639 670
2639 935
2639 2639
2639 2639
27 2640
526 2640
292 2640
1752 2640
2640 2640
2640 2640
2640 27
2640 526
2640 292
2640 1752
2640 2640
2640 2640
220 2641
2641 2641
2641 2641
2641 220
2641 2641
2641 2641
1875 2642
2642 2642
2642 2642
2642 1875
2642 2642
2642 2642
48 2643
169 2643
766 2643
1438 2643
2643 2643
2643 2643
2643 48
2643 169
2643 766
2643 1438
2643 2643
2643 2643
348 2644
2644 2644
2644 2644
2644 348
2644 2644
2644 2644
368 2645
347 2645
1681 2645
2645 2645
2645 2645
2645 368
2645 347
2645 1681
2645 2645
2645 2645
368 2472
1527 2472
2473 2472
2472 2472
2472 2472
2472 368
2472 1527
2472 2473
2472 2472
2472 2472
1909 2455
2456 2455
2455 2455
2455 2455
2455 1909
2455 2456
2455 2455
2455 2455
958 2646
2646 2646
2646 2646
2646 958
2646 2646
2646 2646
110 2475
106 2475
2476 2475
2475 2475
2475 2475
2475 110
2475 106
2475 2476
2475 2475
2475 2475
525 2433
868 2433
2434 2433
2433 2433
2433 2433
2433 525
2433 868
2433 2434
2433 2433
2433 2433
866 2647
1914 2647
2647 2647
2647 2647
2647 866
2647 1914
2647 2647
2647 2647
568 2649
1035 2649
2648 2649
2649 2649
2649 2649
2649 568
2649 1035
2649 2648
2649 2649
2649 2649
2649 2648
2648 2648
2648 2648
2648 2649
2648 2648
2648 2648
1250 2521
2522 2521
2521 2521
2521 2521
2521 1250
2521 2522
2521 2521
2521 2521
1640 2650
2650 2650
2650 2650
2650 1640
2650 2650
2650 2650
1640 2651
2651 2651
2651 2651
2651 1640
2651 2651
2651 2651
965 2652
2652 2652
2652 2652
2652 965
2652 2652
2652 2652
1668 2653
2653 2653
2653 2653
2653 1668
2653 2653
2653 2653
22 2654
1314 2654
2654 2654
2654 2654
2654 22
2654 1314
2654 2654
2654 2654
22 2655
999 2655
1314 2655
2655 2655
2655 2655
2655 22
2655 999
2655 1314
2655 2655
2655 2655
1427 2656
1596 2656
2656 2656
2656 2656
2656 1427
2656 1596
2656 2656
2656 2656
1433 2657
2657 2657
2657 2657
2657 1433
2657 2657
2657 2657
2658 2659
2659 2659
2659 2659
2659 2658
2659 2659
2659 2659
2659 2658
2658 2658
2658 2658
2658 2659
2658 2658
2658 2658
79 2661
596 2661
1017 2661
2074 2661
2071 2661
2660 2661
2661 2661
2661 2661
2661 79
2661 596
2661 1017
2661 2074
2661 2071
2661 2660
2661 2661
2661 2661
25 2660
79 2660
596 2660
2074 2660
2661 2660
2660 2660
2660 2660
2660 25
2660 79
2660 596
2660 2074
2660 2661
2660 2660
2660 2660
701 2662
2662 2662
2662 2662
2662 701
2662 2662
2662 2662
837 2664
1189 2664
2663 2664
2664 2664
2664 2664
2664 837
2664 1189
2664 2663
2664 2664
2664 2664
534 2669
323 2669
1071 2669
1106 2669
1131 2669
1204 2669
1203 2669
1528 2669
1636 2669
2239 2669
2665 2669
2666 2669
2667 2669
2668 2669
2669 2669
2669 2669
2669 534
2669 323
2669 1071
2669 1106
2669 1131
2669 1204
2669 1203
2669 1528
2669 1636
2669 2239
2669 2665
2669 2666
2669 2667
2669 2668
2669 2669
2669 2669
2669 2665
2665 2665
2665 2665
2665 2669
2665 2665
2665 2665
639 2666
1203 2666
2669 2666
2666 2666
2666 2666
2666 639
2666 1203
2666 2669
2666 2666
2666 2666
1106 2667
2669 2667
2668 2667
2667 2667
2667 2667
2667 1106
2667 2669
2667 2668
2667 2667
2667 2667
1106 2668
2669 2668
2667 2668
2668 2668
2668 2668
2668 1106
2668 2669
2668 2667
2668 2668
2668 2668
354 2670
1434 2670
2670 2670
2670 2670
2670 354
2670 1434
2670 2670
2670 2670
954 2671
1203 2671
2671 2671
2671 2671
2671 954
2671 1203
2671 2671
2671 2671
639 2672
1131 2672
1203 2672
2672 2672
2672 2672
2672 639
2672 1131
2672 1203
2672 2672
2672 2672
324 2663
1203 2663
1637 2663
2664 2663
2673 2663
2663 2663
2663 2663
2663 324
2663 1203
2663 1637
2663 2664
2663 2673
2663 2663
2663 2663
1517 2591
2592 2591
2591 2591
2591 2591
2591 1517
2591 2592
2591 2591
2591 2591
362 2675
529 2675
1383 2675
1444 2675
2674 2675
2675 2675
2675 2675
2675 362
2675 529
2675 1383
2675 1444
2675 2674
2675 2675
2675 2675
324 2673
2663 2673
2673 2673
2673 2673
2673 324
2673 2663
2673 2673
2673 2673
2675 2674
2674 2674
2674 2674
2674 2675
2674 2674
2674 2674
1317 2676
1316 2676
2676 2676
2676 2676
2676 1317
2676 1316
2676 2676
2676 2676
463 2449
421 2449
1710 2449
2448 2449
2449 2449
2449 2449
2449 463
2449 421
2449 1710
2449 2448
2449 2449
2449 2449
1547 2677
1655 2677
2677 2677
2677 2677
2677 1547
2677 1655
2677 2677
2677 2677
1547 2679
2678 2679
2679 2679
2679 2679
2679 1547
2679 2678
2679 2679
2679 2679
1547 2678
1655 2678
2679 2678
2678 2678
2678 2678
2678 1547
2678 1655
2678 2679
2678 2678
2678 2678
2458 2457
2552 2457
2457 2457
2457 2457
2457 2458
2457 2552
2457 2457
2457 2457
713 2680
2680 2680
2680 2680
2680 713
2680 2680
2680 2680
131 2681
130 2681
2681 2681
2681 2681
2681 131
2681 130
2681 2681
2681 2681
1309 2682
2682 2682
2682 2682
2682 1309
2682 2682
2682 2682
2632 2634
2634 2634
2634 2634
2634 2632
2634 2634
2634 2634
592 2684
2683 2684
2684 2684
2684 2684
2684 592
2684 2683
2684 2684
2684 2684
592 2683
2684 2683
2683 2683
2683 2683
2683 592
2683 2684
2683 2683
2683 2683
2611 2610
2610 2610
2610 2610
2610 2611
2610 2610
2610 2610
986 2685
2685 2685
2685 2685
2685 986
2685 2685
2685 2685
1394 2686
1566 2686
2686 2686
2686 2686
2686 1394
2686 1566
2686 2686
2686 2686
2628 2627
2627 2627
2627 2627
2627 2628
2627 2627
2627 2627
1148 2687
2687 2687
2687 2687
2687 1148
2687 2687
2687 2687
77 2620
2621 2620
2620 2620
2620 2620
2620 77
2620 2621
2620 2620
2620 2620
336 2688
1530 2688
2688 2688
2688 2688
2688 336
2688 1530
2688 2688
2688 2688
1295 2689
2689 2689
2689 2689
2689 1295
2689 2689
2689 2689
730 2690
2690 2690
2690 2690
2690 730
2690 2690
2690 2690
453 2691
2691 2691
2691 2691
2691 453
2691 2691
2691 2691
304 2692
309 2692
1466 2692
2692 2692
2692 2692
2692 304
2692 309
2692 1466
2692 2692
2692 2692
