49 2349
251 2349
1846 2349
2348 2349
2349 2349
2349 49
2349 251
2349 1846
2349 2348
2349 2349
949 2350
597 2350
1460 2350
1472 2350
2339 2350
2350 2350
2350 949
2350 597
2350 1460
2350 1472
2350 2339
2350 2350
612 2352
870 2352
422 2352
180 2352
183 2352
902 2352
1256 2352
184 2352
1434 2352
1832 2352
2351 2352
2352 2352
2352 612
2352 870
2352 422
2352 180
2352 183
2352 902
2352 1256
2352 184
2352 1434
2352 1832
2352 2351
2352 2352
63 2354
62 2354
2024 2354
2353 2354
2354 2354
2354 63
2354 62
2354 2024
2354 2353
2354 2354
62 2355
2355 2355
2355 62
2355 2355
462 2356
2356 2356
2356 462
2356 2356
337 2357
1553 2357
2357 2357
2357 337
2357 1553
2357 2357
840 2358
2267 2358
2358 2358
2358 840
2358 2267
2358 2358
167 2359
1001 2359
35 2359
1245 2359
1564 2359
1711 2359
1709 2359
2359 2359
2359 167
2359 1001
2359 35
2359 1245
2359 1564
2359 1711
2359 1709
2359 2359
110 2360
1061 2360
1709 2360
2360 2360
2360 110
2360 1061
2360 1709
2360 2360
34 2365
760 2365
1022 2365
1023 2365
31 2365
32 2365
759 2365
33 2365
1599 2365
2174 2365
2361 2365
2362 2365
2363 2365
2364 2365
2365 2365
2365 34
2365 760
2365 1022
2365 1023
2365 31
2365 32
2365 759
2365 33
2365 1599
2365 2174
2365 2361
2365 2362
2365 2363
2365 2364
2365 2365
2365 2361
2363 2361
2361 2361
2361 2365
2361 2363
2361 2361
2365 2362
2363 2362
2362 2362
2362 2365
2362 2363
2362 2362
2365 2363
2361 2363
2362 2363
2363 2363
2363 2365
2363 2361
2363 2362
2363 2363
759 2364
2174 2364
2365 2364
2364 2364
2364 759
2364 2174
2364 2365
2364 2364
870 2351
422 2351
2352 2351
2351 2351
2351 870
2351 422
2351 2352
2351 2351
579 2366
2366 2366
2366 579
2366 2366
46 2367
2367 2367
2367 46
2367 2367
46 2368
729 2368
1407 2368
2269 2368
2368 2368
2368 46
2368 729
2368 1407
2368 2269
2368 2368
1016 2369
690 2369
77 2369
1144 2369
1145 2369
1325 2369
1430 2369
2369 2369
2369 1016
2369 690
2369 77
2369 1144
2369 1145
2369 1325
2369 1430
2369 2369
731 2370
2370 2370
2370 731
2370 2370
1268 2371
1996 2371
2371 2371
2371 1268
2371 1996
2371 2371
986 2372
1996 2372
1997 2372
2372 2372
2372 986
2372 1996
2372 1997
2372 2372
242 2373
1996 2373
2124 2373
2373 2373
2373 242
2373 1996
2373 2124
2373 2373
1661 2374
1996 2374
2374 2374
2374 1661
2374 1996
2374 2374
1167 2376
334 2376
2375 2376
2376 2376
2376 1167
2376 334
2376 2375
2376 2376
625 2375
75 2375
1017 2375
1167 2375
1018 2375
1019 2375
78 2375
1487 2375
1629 2375
2376 2375
2375 2375
2375 625
2375 75
2375 1017
2375 1167
2375 1018
2375 1019
2375 78
2375 1487
2375 1629
2375 2376
2375 2375
1655 2377
2377 2377
2377 1655
2377 2377
456 2378
1260 2378
1346 2378
2105 2378
2106 2378
2150 2378
2301 2378
2378 2378
2378 456
2378 1260
2378 1346
2378 2105
2378 2106
2378 2150
2378 2301
2378 2378
625 2379
812 2379
1294 2379
2379 2379
2379 625
2379 812
2379 1294
2379 2379
408 2380
625 2380
586 2380
241 2380
1409 2380
1513 2380
2380 2380
2380 408
2380 625
2380 586
2380 241
2380 1409
2380 1513
2380 2380
98 2381
524 2381
1026 2381
1233 2381
1382 2381
2381 2381
2381 98
2381 524
2381 1026
2381 1233
2381 1382
2381 2381
1732 2383
2382 2383
2383 2383
2383 1732
2383 2382
2383 2383
875 2385
996 2385
1732 2385
2384 2385
2382 2385
2385 2385
2385 875
2385 996
2385 1732
2385 2382
2385 2384
2385 2385
875 2384
1732 2384
2385 2384
2382 2384
2384 2384
2384 875
2384 1732
2384 2385
2384 2382
2384 2384
929 2386
1732 2386
2382 2386
2386 2386
2386 929
2386 1732
2386 2382
2386 2386
725 2387
1637 2387
2387 2387
2387 725
2387 1637
2387 2387
194 2391
861 2391
894 2391
989 2391
1098 2391
1273 2391
1296 2391
228 2391
1400 2391
1398 2391
1422 2391
1399 2391
2222 2391
2388 2391
2389 2391
2390 2391
2391 2391
2391 194
2391 861
2391 894
2391 989
2391 1098
2391 1273
2391 1296
2391 228
2391 1400
2391 1398
2391 1422
2391 1399
2391 2222
2391 2388
2391 2389
2391 2390
2391 2391
1098 2388
1400 2388
1490 2388
2222 2388
2391 2388
2388 2388
2388 1098
2388 1400
2388 1490
2388 2222
2388 2391
2388 2388
894 2389
1422 2389
2391 2389
2389 2389
2389 894
2389 1422
2389 2391
2389 2389
2391 2390
2390 2390
2390 2391
2390 2390
1661 2393
2392 2393
2393 2393
2393 1661
2393 2392
2393 2393
105 2395
65 2395
1444 2395
2238 2395
2394 2395
2395 2395
2395 105
2395 65
2395 1444
2395 2238
2395 2394
2395 2395
105 2396
65 2396
2396 2396
2396 105
2396 65
2396 2396
735 2398
65 2398
2394 2398
2397 2398
2398 2398
2398 735
2398 65
2398 2394
2398 2397
2398 2398
492 2400
2399 2400
2400 2400
2400 492
2400 2399
2400 2400
911 2399
2400 2399
2399 2399
2399 911
2399 2400
2399 2399
1908 2401
2401 2401
2401 1908
2401 2401
330 2402
327 2402
329 2402
1841 2402
1976 2402
1975 2402
2281 2402
2402 2402
2402 330
2402 327
2402 329
2402 1841
2402 1976
2402 1975
2402 2281
2402 2402
800 2403
2040 2403
2403 2403
2403 800
2403 2040
2403 2403
639 2404
957 2404
855 2404
2404 2404
2404 639
2404 957
2404 855
2404 2404
807 2405
1692 2405
2405 2405
2405 807
2405 1692
2405 2405
991 2406
1286 2406
2406 2406
2406 991
2406 1286
2406 2406
2407 2408
2408 2408
2408 2407
2408 2408
2408 2407
2407 2407
2407 2408
2407 2407
433 2409
858 2409
1992 2409
2409 2409
2409 433
2409 858
2409 1992
2409 2409
1717 2412
2410 2412
2411 2412
2412 2412
2412 1717
2412 2410
2412 2411
2412 2412
1324 2410
2412 2410
2410 2410
2410 1324
2410 2412
2410 2410
1210 2411
2412 2411
2413 2411
2411 2411
2411 1210
2411 2412
2411 2413
2411 2411
1204 2415
2414 2415
2415 2415
2415 1204
2415 2414
2415 2415
2415 2414
2414 2414
2414 2415
2414 2414
140 2416
162 2416
158 2416
956 2416
161 2416
2019 2416
2416 2416
2416 140
2416 162
2416 158
2416 956
2416 161
2416 2019
2416 2416
162 2417
190 2417
888 2417
1849 2417
2417 2417
2417 162
2417 190
2417 888
2417 1849
2417 2417
758 2418
2418 2418
2418 758
2418 2418
1130 2419
2419 2419
2419 1130
2419 2419
1179 2420
1916 2420
2420 2420
2420 1179
2420 1916
2420 2420
71 2421
599 2421
72 2421
2149 2421
2421 2421
2421 71
2421 599
2421 72
2421 2149
2421 2421
248 2422
1838 2422
2422 2422
2422 248
2422 1838
2422 2422
1192 2424
1530 2424
1624 2424
2102 2424
2423 2424
2424 2424
2424 1192
2424 1530
2424 1624
2424 2102
2424 2423
2424 2424
2424 2423
2423 2423
2423 2424
2423 2423
88 2426
704 2426
2425 2426
2426 2426
2426 88
2426 704
2426 2425
2426 2426
2426 2425
2425 2425
2425 2426
2425 2425
550 2427
2427 2427
2427 550
2427 2427
53 2428
469 2428
2428 2428
2428 53
2428 469
2428 2428
2429 2430
2430 2430
2430 2429
2430 2430
2430 2429
2429 2429
2429 2430
2429 2429
1334 2431
2431 2431
2431 1334
2431 2431
735 2394
65 2394
232 2394
2395 2394
2398 2394
2394 2394
2394 735
2394 65
2394 232
2394 2395
2394 2398
2394 2394
735 2397
2398 2397
2397 2397
2397 735
2397 2398
2397 2397
1258 2432
1510 2432
2029 2432
2114 2432
2432 2432
2432 1258
2432 1510
2432 2029
2432 2114
2432 2432
412 2434
410 2434
2433 2434
2434 2434
2434 412
2434 410
2434 2433
2434 2434
410 2433
2434 2433
2433 2433
2433 410
2433 2434
2433 2433
1035 2437
1037 2437
2435 2437
2436 2437
2437 2437
2437 1035
2437 1037
2437 2435
2437 2436
2437 2437
710 2438
1035 2438
1037 2438
2435 2438
2438 2438
2438 710
2438 1035
2438 1037
2438 2435
2438 2438
1037 2439
1600 2439
2439 2439
2439 1037
2439 1600
2439 2439
710 2441
1035 2441
1037 2441
2435 2441
2440 2441
2441 2441
2441 710
2441 1035
2441 1037
2441 2435
2441 2440
2441 2441
145 2442
1750 2442
2442 2442
2442 145
2442 1750
2442 2442
36 2444
771 2444
143 2444
1712 2444
1750 2444
2443 2444
2444 2444
2444 36
2444 771
2444 143
2444 1712
2444 1750
2444 2443
2444 2444
771 2445
143 2445
1750 2445
2443 2445
2445 2445
2445 771
2445 143
2445 1750
2445 2443
2445 2445
144 2448
919 2448
1428 2448
1718 2448
1722 2448
1748 2448
2446 2448
2447 2448
2448 2448
2448 144
2448 919
2448 1428
2448 1718
2448 1722
2448 1748
2448 2446
2448 2447
2448 2448
144 2446
773 2446
2448 2446
2446 2446
2446 144
2446 773
2446 2448
2446 2446
144 2447
1133 2447
996 2447
146 2447
2448 2447
2447 2447
2447 144
2447 1133
2447 996
2447 146
2447 2448
2447 2447
1527 2449
2449 2449
2449 1527
2449 2449
697 2450
946 2450
746 2450
1126 2450
1082 2450
748 2450
1129 2450
1415 2450
1531 2450
1622 2450
1751 2450
2115 2450
2450 2450
2450 697
2450 946
2450 746
2450 1126
2450 1082
2450 748
2450 1129
2450 1415
2450 1531
2450 1622
2450 1751
2450 2115
2450 2450
580 2382
721 2382
1124 2382
1760 2382
1798 2382
1801 2382
2383 2382
2385 2382
2384 2382
2386 2382
2451 2382
2382 2382
2382 580
2382 721
2382 1124
2382 1760
2382 1798
2382 1801
2382 2383
2382 2385
2382 2384
2382 2386
2382 2451
2382 2382
2382 2451
2452 2451
2451 2451
2451 2382
2451 2452
2451 2451
707 2453
1838 2453
2453 2453
2453 707
2453 1838
2453 2453
61 2454
58 2454
59 2454
2454 2454
2454 61
2454 58
2454 59
2454 2454
61 2455
58 2455
59 2455
60 2455
2455 2455
2455 61
2455 58
2455 59
2455 60
2455 2455
736 2456
238 2456
2456 2456
2456 736
2456 238
2456 2456
889 2459
1912 2459
2457 2459
2458 2459
2459 2459
2459 889
2459 1912
2459 2457
2459 2458
2459 2459
889 2457
2459 2457
2457 2457
2457 889
2457 2459
2457 2457
950 2461
2460 2461
2461 2461
2461 950
2461 2460
2461 2461
950 2462
1600 2462
2462 2462
2462 950
2462 1600
2462 2462
276 2463
2463 2463
2463 276
2463 2463
1443 2464
2464 2464
2464 1443
2464 2464
235 2465
693 2465
692 2465
234 2465
2465 2465
2465 235
2465 693
2465 692
2465 234
2465 2465
828 2467
826 2467
692 2467
364 2467
827 2467
907 2467
1300 2467
1534 2467
1791 2467
2289 2467
2290 2467
2466 2467
2467 2467
2467 828
2467 826
2467 692
2467 364
2467 827
2467 907
2467 1300
2467 1534
2467 1791
2467 2289
2467 2290
2467 2466
2467 2467
826 2466
907 2466
2467 2466
2466 2466
2466 826
2466 907
2466 2467
2466 2466
797 2468
927 2468
918 2468
1749 2468
2279 2468
2468 2468
2468 797
2468 927
2468 918
2468 1749
2468 2279
2468 2468
2015 2470
2469 2470
2470 2470
2470 2015
2470 2469
2470 2470
2470 2469
2469 2469
2469 2470
2469 2469
564 2471
1478 2471
2471 2471
2471 564
2471 1478
2471 2471
1000 2472
1478 2472
2472 2472
2472 1000
2472 1478
2472 2472
115 2473
2392 2473
2473 2473
2473 115
2473 2392
2473 2473
457 2474
253 2474
976 2474
973 2474
840 2474
974 2474
2474 2474
2474 457
2474 253
2474 976
2474 973
2474 840
2474 974
2474 2474
490 2476
2475 2476
2476 2476
2476 490
2476 2475
2476 2476
490 2477
489 2477
2477 2477
2477 490
2477 489
2477 2477
1923 2478
2336 2478
2478 2478
2478 1923
2478 2336
2478 2478
142 2480
917 2480
451 2480
302 2480
1597 2480
1685 2480
2479 2480
2480 2480
2480 142
2480 917
2480 451
2480 302
2480 1597
2480 1685
2480 2479
2480 2480
2001 2481
2481 2481
2481 2001
2481 2481
282 2482
2482 2482
2482 282
2482 2482
1335 2483
2483 2483
2483 1335
2483 2483
683 2484
1089 2484
1362 2484
2484 2484
2484 683
2484 1089
2484 1362
2484 2484
293 2485
1178 2485
2485 2485
2485 293
2485 1178
2485 2485
412 2486
411 2486
2486 2486
2486 412
2486 411
2486 2486
726 2488
2487 2488
2488 2488
2488 726
2488 2487
2488 2488
727 2487
726 2487
2488 2487
2487 2487
2487 727
2487 726
2487 2488
2487 2487
556 2489
1375 2489
1593 2489
1789 2489
1852 2489
2045 2489
2489 2489
2489 556
2489 1375
2489 1593
2489 1789
2489 1852
2489 2045
2489 2489
839 2490
1682 2490
2145 2490
2490 2490
2490 839
2490 1682
2490 2145
2490 2490
214 2491
2491 2491
2491 214
2491 2491
214 2492
2492 2492
2492 214
2492 2492
1609 2493
2493 2493
2493 1609
2493 2493
251 2494
2262 2494
2494 2494
2494 251
2494 2262
2494 2494
1363 2495
1898 2495
1956 2495
2495 2495
2495 1363
2495 1898
2495 1956
2495 2495
303 2496
627 2496
301 2496
302 2496
1715 2496
2496 2496
2496 303
2496 627
2496 301
2496 302
2496 1715
2496 2496
396 2392
1165 2392
2393 2392
2473 2392
2392 2392
2392 396
2392 1165
2392 2393
2392 2473
2392 2392
637 2498
2497 2498
2498 2498
2498 637
2498 2497
2498 2498
431 2497
1172 2497
1643 2497
2498 2497
2497 2497
2497 431
2497 1172
2497 1643
2497 2498
2497 2497
2290 2499
2499 2499
2499 2290
2499 2499
316 2500
1081 2500
1578 2500
2500 2500
2500 316
2500 1081
2500 1578
2500 2500
408 2501
625 2501
1487 2501
2501 2501
2501 408
2501 625
2501 1487
2501 2501
203 2502
1528 2502
2502 2502
2502 203
2502 1528
2502 2502
1097 2503
1567 2503
1872 2503
2503 2503
2503 1097
2503 1567
2503 1872
2503 2503
1097 2504
1298 2504
1297 2504
1348 2504
1872 2504
2504 2504
2504 1097
2504 1298
2504 1297
2504 1348
2504 1872
2504 2504
1184 2505
2505 2505
2505 1184
2505 2505
774 2443
1001 2443
947 2443
919 2443
2444 2443
2445 2443
2443 2443
2443 774
2443 1001
2443 947
2443 919
2443 2444
2443 2445
2443 2443
356 2506
2098 2506
2144 2506
2506 2506
2506 356
2506 2098
2506 2144
2506 2506
354 2507
2507 2507
2507 354
2507 2507
308 2508
2508 2508
2508 308
2508 2508
470 2509
472 2509
2215 2509
2509 2509
2509 470
2509 472
2509 2215
2509 2509
95 2510
553 2510
1937 2510
2510 2510
2510 95
2510 553
2510 1937
2510 2510
1370 2512
1982 2512
2116 2512
2244 2512
2511 2512
2512 2512
2512 1370
2512 1982
2512 2116
2512 2244
2512 2511
2512 2512
1898 2513
2513 2513
2513 1898
2513 2513
2197 2514
2514 2514
2514 2197
2514 2514
954 2515
2515 2515
2515 954
2515 2515
1682 2516
2516 2516
2516 1682
2516 2516
504 2518
2517 2518
2518 2518
2518 504
2518 2517
2518 2518
544 2517
543 2517
504 2517
2518 2517
2435 2517
2517 2517
2517 544
2517 543
2517 504
2517 2518
2517 2435
2517 2517
1068 2520
1080 2520
2519 2520
2520 2520
2520 1068
2520 1080
2520 2519
2520 2520
1228 2519
2520 2519
2519 2519
2519 1228
2519 2520
2519 2519
384 2522
382 2522
723 2522
1261 2522
799 2522
2245 2522
2521 2522
2522 2522
2522 384
2522 382
2522 723
2522 1261
2522 799
2522 2245
2522 2521
2522 2522
1370 2511
2116 2511
2118 2511
2512 2511
2511 2511
2511 1370
2511 2116
2511 2118
2511 2512
2511 2511
1430 2523
1429 2523
1487 2523
2523 2523
2523 1430
2523 1429
2523 1487
2523 2523
2198 2524
2524 2524
2524 2198
2524 2524
710 2526
1035 2526
2525 2526
2526 2526
2526 710
2526 1035
2526 2525
2526 2526
710 2527
1035 2527
2527 2527
2527 710
2527 1035
2527 2527
1325 2528
1430 2528
2330 2528
2528 2528
2528 1325
2528 1430
2528 2330
2528 2528
395 2529
2216 2529
2529 2529
2529 395
2529 2216
2529 2529
944 2530
967 2530
2530 2530
2530 944
2530 967
2530 2530
165 2531
2531 2531
2531 165
2531 2531
876 2532
1162 2532
2532 2532
2532 876
2532 1162
2532 2532
1237 2533
2533 2533
2533 1237
2533 2533
1036 2435
543 2435
2437 2435
2438 2435
2441 2435
2517 2435
2435 2435
2435 1036
2435 543
2435 2437
2435 2438
2435 2441
2435 2517
2435 2435
1211 2534
2534 2534
2534 1211
2534 2534
844 2535
2535 2535
2535 844
2535 2535
841 2536
2536 2536
2536 841
2536 2536
994 2538
857 2538
1046 2538
1102 2538
2537 2538
2538 2538
2538 994
2538 857
2538 1046
2538 1102
2538 2537
2538 2538
1320 2537
2538 2537
2537 2537
2537 1320
2537 2538
2537 2537
1160 2539
2539 2539
2539 1160
2539 2539
314 2540
313 2540
2540 2540
2540 314
2540 313
2540 2540
382 2521
834 2521
880 2521
799 2521
2522 2521
2521 2521
2521 382
2521 834
2521 880
2521 799
2521 2522
2521 2521
528 2543
2239 2543
2541 2543
2542 2543
2543 2543
2543 528
2543 2239
2543 2541
2543 2542
2543 2543
2543 2541
2541 2541
2541 2543
2541 2541
1592 2544
2300 2544
2544 2544
2544 1592
2544 2300
2544 2544
895 2545
2545 2545
2545 895
2545 2545
17 2546
604 2546
2244 2546
2546 2546
2546 17
2546 604
2546 2244
2546 2546
7 2547
2547 2547
2547 7
2547 2547
23 2548
2548 2548
2548 23
2548 2548
11 2549
851 2549
1011 2549
909 2549
2549 2549
2549 11
2549 851
2549 1011
2549 909
2549 2549
825 2550
826 2550
2550 2550
2550 825
2550 826
2550 2550
363 2551
2551 2551
2551 363
2551 2551
363 2552
2552 2552
2552 363
2552 2552
1808 2553
2553 2553
2553 1808
2553 2553
17 2554
2554 2554
2554 17
2554 2554
2302 2555
2555 2555
2555 2302
2555 2555
1026 2556
591 2556
1373 2556
1473 2556
1907 2556
2556 2556
2556 1026
2556 591
2556 1373
2556 1473
2556 1907
2556 2556
183 2557
2460 2557
2557 2557
2557 183
2557 2460
2557 2557
493 2559
1156 2559
1735 2559
2331 2559
2558 2559
2559 2559
2559 493
2559 1156
2559 1735
2559 2331
2559 2558
2559 2559
730 2560
1337 2560
1611 2560
2560 2560
2560 730
2560 1337
2560 1611
2560 2560
1611 2561
2561 2561
2561 1611
2561 2561
730 2562
1337 2562
1611 2562
2562 2562
2562 730
2562 1337
2562 1611
2562 2562
2305 2563
2563 2563
2563 2305
2563 2563
1305 2565
1723 2565
2564 2565
2565 2565
2565 1305
2565 1723
2565 2564
2565 2565
2565 2564
2564 2564
2564 2565
2564 2564
614 2566
1274 2566
2566 2566
2566 614
2566 1274
2566 2566
460 2567
1280 2567
2567 2567
2567 460
2567 1280
2567 2567
461 2568
460 2568
1385 2568
1384 2568
1450 2568
2568 2568
2568 461
2568 460
2568 1385
2568 1384
2568 1450
2568 2568
1235 2571
2569 2571
2570 2571
2571 2571
2571 1235
2571 2569
2571 2570
2571 2571
1235 2569
2571 2569
2569 2569
2569 1235
2569 2571
2569 2569
1235 2570
2571 2570
2570 2570
2570 1235
2570 2571
2570 2570
1272 2572
2572 2572
2572 1272
2572 2572
742 2573
740 2573
741 2573
2573 2573
2573 742
2573 740
2573 741
2573 2573
1100 2576
1313 2576
1390 2576
2574 2576
2575 2576
2576 2576
2576 1100
2576 1313
2576 1390
2576 2574
2576 2575
2576 2576
1390 2577
2577 2577
2577 1390
2577 2577
2576 2574
2574 2574
2574 2576
2574 2574
1875 2575
2576 2575
2575 2575
2575 1875
2575 2576
2575 2575
1320 2578
2578 2578
2578 1320
2578 2578
1265 2579
2579 2579
2579 1265
2579 2579
1678 2580
2052 2580
2308 2580
2580 2580
2580 1678
2580 2052
2580 2308
2580 2580
1306 2581
1662 2581
2581 2581
2581 1306
2581 1662
2581 2581
63 2353
2354 2353
2353 2353
2353 63
2353 2354
2353 2353
1241 2582
1047 2582
1331 2582
2582 2582
2582 1241
2582 1047
2582 1331
2582 2582
447 2583
1241 2583
445 2583
1539 2583
2583 2583
2583 447
2583 1241
2583 445
2583 1539
2583 2583
211 2584
178 2584
2584 2584
2584 211
2584 178
2584 2584
1 2585
1316 2585
1863 2585
2585 2585
2585 1
2585 1316
2585 1863
2585 2585
545 2586
2586 2586
2586 545
2586 2586
181 2587
2587 2587
2587 181
2587 2587
179 2588
1706 2588
2588 2588
2588 179
2588 1706
2588 2588
1380 2589
2589 2589
2589 1380
2589 2589
241 2590
2590 2590
2590 241
2590 2590
2116 2591
2591 2591
2591 2116
2591 2591
597 2592
2592 2592
2592 597
2592 2592
597 2593
1472 2593
1471 2593
2593 2593
2593 597
2593 1472
2593 1471
2593 2593
526 2594
1507 2594
2594 2594
2594 526
2594 1507
2594 2594
1153 2595
1896 2595
2595 2595
2595 1153
2595 1896
2595 2595
1747 2596
2596 2596
2596 1747
2596 2596
495 2598
2597 2598
2598 2598
2598 495
2598 2597
2598 2598
431 2599
2599 2599
2599 431
2599 2599
1590 2600
1717 2600
1733 2600
1755 2600
2600 2600
2600 1590
2600 1717
2600 1733
2600 1755
2600 2600
1210 2413
1361 2413
1359 2413
1717 2413
1731 2413
2411 2413
2413 2413
2413 1210
2413 1361
2413 1359
2413 1717
2413 1731
2413 2411
2413 2413
636 2601
2601 2601
2601 636
2601 2601
1156 2558
1735 2558
2559 2558
2558 2558
2558 1156
2558 1735
2558 2559
2558 2558
1171 2602
2602 2602
2602 1171
2602 2602
1466 2604
2603 2604
2604 2604
2604 1466
2604 2603
2604 2604
2605 2606
2606 2606
2606 2605
2606 2606
2606 2605
2605 2605
2605 2606
2605 2605
58 2607
60 2607
339 2607
2607 2607
2607 58
2607 60
2607 339
2607 2607
494 2608
2608 2608
2608 494
2608 2608
578 2609
2609 2609
2609 578
2609 2609
717 2610
2610 2610
2610 717
2610 2610
1027 2611
1671 2611
1899 2611
2611 2611
2611 1027
2611 1671
2611 1899
2611 2611
786 2603
2604 2603
2603 2603
2603 786
2603 2604
2603 2603
1189 2612
2612 2612
2612 1189
2612 2612
1118 2613
2613 2613
2613 1118
2613 2613
833 2614
1520 2614
2614 2614
2614 833
2614 1520
2614 2614
519 2615
2615 2615
2615 519
2615 2615
21 2440
882 2440
20 2440
1600 2440
2441 2440
2440 2440
2440 21
2440 882
2440 20
2440 1600
2440 2441
2440 2440
6 2617
2616 2617
2617 2617
2617 6
2617 2616
2617 2617
157 2618
1744 2618
2618 2618
2618 157
2618 1744
2618 2618
409 2619
2619 2619
2619 409
2619 2619
2620 2621
2621 2621
2621 2620
2621 2621
2621 2620
2620 2620
2620 2621
2620 2620
1922 2622
2622 2622
2622 1922
2622 2622
1955 2623
2623 2623
2623 1955
2623 2623
373 2624
2624 2624
2624 373
2624 2624
1234 2625
2625 2625
2625 1234
2625 2625
106 2627
2626 2627
2627 2627
2627 106
2627 2626
2627 2627
2628 2629
2629 2629
2629 2628
2629 2629
2629 2628
2628 2628
2628 2629
2628 2628
1223 2630
2630 2630
2630 1223
2630 2630
166 2631
2631 2631
2631 166
2631 2631
1066 2632
2632 2632
2632 1066
2632 2632
1952 2634
2633 2634
2634 2634
2634 1952
2634 2633
2634 2634
163 2635
2635 2635
2635 163
2635 2635
2543 2542
2542 2542
2542 2543
2542 2542
1562 2636
2636 2636
2636 1562
2636 2636
2637 2639
2638 2639
2639 2639
2639 2637
2639 2638
2639 2639
2639 2637
2637 2637
2637 2639
2637 2637
2639 2638
2640 2638
2638 2638
2638 2639
2638 2640
2638 2638
2122 2641
2641 2641
2641 2122
2641 2641
138 2642
2642 2642
2642 138
2642 2642
1213 2643
2643 2643
2643 1213
2643 2643
1514 2644
2644 2644
2644 1514
2644 2644
929 2645
543 2645
2645 2645
2645 929
2645 543
2645 2645
36 2646
712 2646
391 2646
1759 2646
2646 2646
2646 36
2646 712
2646 391
2646 1759
2646 2646
303 2647
2647 2647
2647 303
2647 2647
1882 2648
2648 2648
2648 1882
2648 2648
66 2649
230 2649
1083 2649
1444 2649
2649 2649
2649 66
2649 230
2649 1083
2649 1444
2649 2649
461 2650
2650 2650
2650 461
2650 2650
489 2651
459 2651
1684 2651
2651 2651
2651 489
2651 459
2651 1684
2651 2651
489 2475
1536 2475
2476 2475
2475 2475
2475 489
2475 1536
2475 2476
2475 2475
1910 2458
2459 2458
2458 2458
2458 1910
2458 2459
2458 2458
1146 2652
2652 2652
2652 1146
2652 2652
148 2479
142 2479
2480 2479
2479 2479
2479 148
2479 142
2479 2480
2479 2479
711 2436
1036 2436
2437 2436
2436 2436
2436 711
2436 1036
2436 2437
2436 2436
1188 2653
1916 2653
2653 2653
2653 1188
2653 1916
2653 2653
774 2655
773 2655
2654 2655
2655 2655
2655 774
2655 773
2655 2654
2655 2655
2655 2654
2654 2654
2654 2655
2654 2654
1190 2525
2526 2525
2525 2525
2525 1190
2525 2526
2525 2525
1644 2656
2656 2656
2656 1644
2656 2656
1644 2657
2657 2657
2657 1644
2657 2657
1240 2658
2658 2658
2658 1240
2658 2658
1670 2659
2659 2659
2659 1670
2659 2659
27 2660
26 2660
2660 2660
2660 27
2660 26
2660 2660
27 2661
25 2661
26 2661
2661 2661
2661 27
2661 25
2661 26
2661 2661
1433 2662
1606 2662
2662 2662
2662 1433
2662 1606
2662 2662
1439 2663
2663 2663
2663 1439
2663 2663
2664 2665
2665 2665
2665 2664
2665 2665
2665 2664
2664 2664
2664 2665
2664 2664
109 2667
808 2667
436 2667
2078 2667
2075 2667
2666 2667
2667 2667
2667 109
2667 808
2667 436
2667 2078
2667 2075
2667 2666
2667 2667
30 2666
109 2666
808 2666
2078 2666
2667 2666
2666 2666
2666 30
2666 109
2666 808
2666 2078
2666 2667
2666 2666
977 2668
2668 2668
2668 977
2668 2668
1175 2670
724 2670
2669 2670
2670 2670
2670 1175
2670 724
2670 2669
2670 2670
722 2675
429 2675
1291 2675
1302 2675
1261 2675
1327 2675
799 2675
1537 2675
1687 2675
2245 2675
2671 2675
2672 2675
2673 2675
2674 2675
2675 2675
2675 722
2675 429
2675 1291
2675 1302
2675 1261
2675 1327
2675 799
2675 1537
2675 1687
2675 2245
2675 2671
2675 2672
2675 2673
2675 2674
2675 2675
2675 2671
2671 2671
2671 2675
2671 2671
880 2672
799 2672
2675 2672
2672 2672
2672 880
2672 799
2672 2675
2672 2672
1302 2673
2675 2673
2674 2673
2673 2673
2673 1302
2673 2675
2673 2674
2673 2673
1302 2674
2675 2674
2673 2674
2674 2674
2674 1302
2674 2675
2674 2673
2674 2674
468 2676
1440 2676
2676 2676
2676 468
2676 1440
2676 2676
879 2677
799 2677
2677 2677
2677 879
2677 799
2677 2677
880 2678
1261 2678
799 2678
2678 2678
2678 880
2678 1261
2678 799
2678 2678
430 2669
799 2669
1641 2669
2670 2669
2679 2669
2669 2669
2669 430
2669 799
2669 1641
2669 2670
2669 2679
2669 2669
1526 2597
2598 2597
2597 2597
2597 1526
2597 2598
2597 2597
482 2681
715 2681
1393 2681
1449 2681
2680 2681
2681 2681
2681 482
2681 715
2681 1393
2681 1449
2681 2680
2681 2681
430 2679
2669 2679
2679 2679
2679 430
2679 2669
2679 2679
2681 2680
2680 2680
2680 2681
2680 2680
1282 2682
94 2682
2682 2682
2682 1282
2682 94
2682 2682
620 2452
569 2452
1724 2452
2451 2452
2452 2452
2452 620
2452 569
2452 1724
2452 2451
2452 2452
1657 2683
2683 2683
2683 1657
2683 2683
2684 2685
2685 2685
2685 2684
2685 2685
1657 2684
2685 2684
2684 2684
2684 1657
2684 2685
2684 2684
2461 2460
2557 2460
2460 2460
2460 2461
2460 2557
2460 2460
997 2686
2686 2686
2686 997
2686 2686
176 2687
175 2687
2687 2687
2687 176
2687 175
2687 2687
1347 2688
2688 2688
2688 1347
2688 2688
2638 2640
2640 2640
2640 2638
2640 2640
804 2690
2689 2690
2690 2690
2690 804
2690 2689
2690 2690
804 2689
2690 2689
2689 2689
2689 804
2689 2690
2689 2689
2617 2616
2616 2616
2616 2617
2616 2616
1255 2691
2691 2691
2691 1255
2691 2691
1403 2692
1573 2692
2692 2692
2692 1403
2692 1573
2692 2692
2634 2633
2633 2633
2633 2634
2633 2633
1313 2693
2693 2693
2693 1313
2693 2693
106 2626
2627 2626
2626 2626
2626 106
2626 2627
2626 2626
447 2694
1539 2694
2694 2694
2694 447
2694 1539
2694 2694
1345 2695
2695 2695
2695 1345
2695 2695
1024 2696
2696 2696
2696 1024
2696 2696
608 2697
2697 2697
2697 608
2697 2697
407 2698
413 2698
1476 2698
2698 2698
2698 407
2698 413
2698 1476
2698 2698
