336 1553
1473 1553
1553 1553
1553 336
1553 1473
1553 1553
999 1554
1554 1554
1554 999
1554 1554
1032 1555
1123 1555
1555 1555
1555 1032
1555 1123
1555 1555
493 1556
762 1556
1267 1556
1322 1556
1556 1556
1556 493
1556 762
1556 1267
1556 1322
1556 1556
606 1557
1338 1557
1557 1557
1557 606
1557 1338
1557 1557
43 1559
779 1559
1558 1559
1559 1559
1559 43
1559 779
1559 1558
1559 1559
269 1560
1558 1560
1560 1560
1560 269
1560 1558
1560 1560
1361 1561
1561 1561
1561 1361
1561 1561
1562 1562
1562 1562
1563 1563
1563 1563
1361 1564
1564 1564
1564 1361
1564 1564
1136 1565
1186 1565
1565 1565
1565 1136
1565 1186
1565 1565
1097 1567
1566 1567
1567 1567
1567 1097
1567 1566
1567 1567
395 1568
591 1568
1361 1568
1568 1568
1568 395
1568 591
1568 1361
1568 1568
834 1569
460 1569
1569 1569
1569 834
1569 460
1569 1569
955 1570
223 1570
225 1570
1570 1570
1570 955
1570 223
1570 225
1570 1570
294 1571
1571 1571
1571 294
1571 1571
286 1572
270 1572
911 1572
1572 1572
1572 286
1572 270
1572 911
1572 1572
54 1573
1573 1573
1573 54
1573 1573
291 1574
1290 1574
1574 1574
1574 291
1574 1290
1574 1574
459 1575
1575 1575
1575 459
1575 1575
656 1576
1576 1576
1576 656
1576 1576
786 1577
1259 1577
1205 1577
1285 1577
1103 1577
1351 1577
1480 1577
1577 1577
1577 786
1577 1259
1577 1205
1577 1285
1577 1103
1577 1351
1577 1480
1577 1577
1578 1578
1578 1578
112 1579
862 1579
863 1579
864 1579
1579 1579
1579 112
1579 862
1579 863
1579 864
1579 1579
259 1580
253 1580
187 1580
1580 1580
1580 259
1580 253
1580 187
1580 1580
386 1581
1581 1581
1581 386
1581 1581
106 1582
1582 1582
1582 106
1582 1582
720 1583
497 1583
400 1583
309 1583
170 1583
1266 1583
938 1583
969 1583
1583 1583
1583 720
1583 497
1583 400
1583 309
1583 170
1583 1266
1583 938
1583 969
1583 1583
270 1584
1372 1584
1584 1584
1584 270
1584 1372
1584 1584
235 1586
1404 1586
1585 1586
1586 1586
1586 235
1586 1404
1586 1585
1586 1586
424 1587
422 1587
1587 1587
1587 424
1587 422
1587 1587
969 1588
1588 1588
1588 969
1588 1588
1277 1589
1589 1589
1589 1277
1589 1589
266 1590
1590 1590
1590 266
1590 1590
802 1591
91 1591
1591 1591
1591 802
1591 91
1591 1591
1592 1592
1592 1592
1076 1593
171 1593
1593 1593
1593 1076
1593 171
1593 1593
375 1594
373 1594
374 1594
376 1594
377 1594
1594 1594
1594 375
1594 373
1594 374
1594 376
1594 377
1594 1594
70 1595
1595 1595
1595 70
1595 1595
1596 1596
1596 1596
1597 1597
1597 1597
675 1598
805 1598
1598 1598
1598 675
1598 805
1598 1598
758 1599
31 1599
32 1599
759 1599
1599 1599
1599 758
1599 31
1599 32
1599 759
1599 1599
300 1600
1186 1600
1361 1600
1600 1600
1600 300
1600 1186
1600 1361
1600 1600
1288 1601
1601 1601
1601 1288
1601 1601
1602 1602
1602 1602
14 1603
259 1603
265 1603
665 1603
1122 1603
1418 1603
1603 1603
1603 14
1603 259
1603 265
1603 665
1603 1122
1603 1418
1603 1603
984 1604
1604 1604
1604 984
1604 1604
110 1605
1206 1605
1129 1605
1361 1605
1605 1605
1605 110
1605 1206
1605 1129
1605 1361
1605 1605
1259 1606
1606 1606
1606 1259
1606 1606
391 1607
1135 1607
392 1607
1607 1607
1607 391
1607 1135
1607 392
1607 1607
1285 1608
1103 1608
1480 1608
1608 1608
1608 1285
1608 1103
1608 1480
1608 1608
935 1609
1609 1609
1609 935
1609 1609
1610 1610
1610 1610
539 1611
661 1611
538 1611
422 1611
1611 1611
1611 539
1611 661
1611 538
1611 422
1611 1611
1462 1612
1612 1612
1612 1462
1612 1612
1135 1613
1613 1613
1613 1135
1613 1613
1356 1614
1614 1614
1614 1356
1614 1614
128 1615
1615 1615
1615 128
1615 1615
1616 1617
1617 1617
1617 1616
1617 1617
139 1618
323 1618
137 1618
138 1618
933 1618
320 1618
1405 1618
1618 1618
1618 139
1618 323
1618 137
1618 138
1618 933
1618 320
1618 1405
1618 1618
591 1619
1619 1619
1619 591
1619 1619
89 1620
1071 1620
1145 1620
1426 1620
1620 1620
1620 89
1620 1071
1620 1145
1620 1426
1620 1620
342 1621
1442 1621
1621 1621
1621 342
1621 1442
1621 1621
713 1622
1117 1622
747 1622
1361 1622
1486 1622
1622 1622
1622 713
1622 1117
1622 747
1622 1361
1622 1486
1622 1622
1109 1623
1425 1623
1623 1623
1623 1109
1623 1425
1623 1623
282 1624
1341 1624
1344 1624
1624 1624
1624 282
1624 1341
1624 1344
1624 1624
269 1558
305 1558
338 1558
283 1558
42 1558
284 1558
663 1558
628 1558
744 1558
353 1558
290 1558
638 1558
941 1558
320 1558
272 1558
361 1558
629 1558
530 1558
362 1558
333 1558
1310 1558
268 1558
1559 1558
1560 1558
1558 1558
1558 269
1558 305
1558 338
1558 283
1558 42
1558 284
1558 663
1558 628
1558 744
1558 353
1558 290
1558 638
1558 941
1558 320
1558 272
1558 361
1558 629
1558 530
1558 362
1558 333
1558 1310
1558 268
1558 1559
1558 1560
1558 1558
267 1625
671 1625
744 1625
780 1625
331 1625
530 1625
1230 1625
1508 1625
1625 1625
1625 267
1625 671
1625 744
1625 780
1625 331
1625 530
1625 1230
1625 1508
1625 1625
170 1626
150 1626
1626 1626
1626 170
1626 150
1626 1626
128 1627
1627 1627
1627 128
1627 1627
148 1628
1037 1628
1333 1628
1628 1628
1628 148
1628 1037
1628 1333
1628 1628
162 1630
259 1630
370 1630
369 1630
982 1630
13 1630
203 1630
121 1630
1541 1630
1629 1630
1630 1630
1630 162
1630 259
1630 370
1630 369
1630 982
1630 13
1630 203
1630 121
1630 1541
1630 1629
1630 1630
11 1632
1631 1632
1632 1632
1632 11
1632 1631
1632 1632
224 1633
1113 1633
1633 1633
1633 224
1633 1113
1633 1633
256 1634
1634 1634
1634 256
1634 1634
36 1635
391 1635
1635 1635
1635 36
1635 391
1635 1635
763 1636
1636 1636
1636 763
1636 1636
49 1637
210 1637
460 1637
94 1637
1461 1637
1637 1637
1637 49
1637 210
1637 460
1637 94
1637 1461
1637 1637
1067 1629
334 1629
1630 1629
1629 1629
1629 1067
1629 334
1629 1630
1629 1629
37 1638
54 1638
1638 1638
1638 37
1638 54
1638 1638
1079 1639
1639 1639
1639 1079
1639 1639
358 1640
1640 1640
1640 358
1640 1640
430 1641
1641 1641
1641 430
1641 1641
85 1642
270 1642
628 1642
1642 1642
1642 85
1642 270
1642 628
1642 1642
983 1643
431 1643
1643 1643
1643 983
1643 431
1643 1643
818 1644
1644 1644
1644 818
1644 1644
674 1645
1645 1645
1645 674
1645 1645
221 1646
170 1646
1646 1646
1646 221
1646 170
1646 1646
992 1647
1258 1647
322 1647
1510 1647
1647 1647
1647 992
1647 1258
1647 322
1647 1510
1647 1647
1361 1648
1474 1648
1648 1648
1648 1361
1648 1474
1648 1648
281 1649
1506 1649
1649 1649
1649 281
1649 1506
1649 1649
1328 1650
1650 1650
1650 1328
1650 1650
251 1651
1651 1651
1651 251
1651 1651
280 1652
278 1652
279 1652
1363 1652
1652 1652
1652 280
1652 278
1652 279
1652 1363
1652 1652
270 1653
993 1653
1653 1653
1653 270
1653 993
1653 1653
222 1654
169 1654
819 1654
1654 1654
1654 222
1654 169
1654 819
1654 1654
105 1585
235 1585
233 1585
1374 1585
1586 1585
1585 1585
1585 105
1585 235
1585 233
1585 1374
1585 1586
1585 1585
1174 1566
1567 1566
1566 1566
1566 1174
1566 1567
1566 1566
24 1655
385 1655
1173 1655
536 1655
1413 1655
1655 1655
1655 24
1655 385
1655 1173
1655 536
1655 1413
1655 1655
270 1656
1372 1656
1656 1656
1656 270
1656 1372
1656 1656
1657 1657
1657 1657
194 1658
1658 1658
1658 194
1658 1658
11 1631
1632 1631
1631 1631
1631 11
1631 1632
1631 1631
969 1659
1330 1659
1659 1659
1659 969
1659 1330
1659 1659
267 1660
318 1660
170 1660
1660 1660
1660 267
1660 318
1660 170
1660 1660
115 1661
1661 1661
1661 115
1661 1661
1193 1662
1462 1662
1662 1662
1662 1193
1662 1462
1662 1662
839 1663
622 1663
1148 1663
1663 1663
1663 839
1663 622
1663 1148
1663 1663
1238 1616
1617 1616
1616 1616
1616 1238
1616 1617
1616 1616
