918 1094
1094 1094
1094 1094
1094 918
1094 1094
1094 1094
1052 1095
1095 1095
1095 1095
1095 1052
1095 1095
1095 1095
39 1096
1096 1096
1096 1096
1096 39
1096 1096
1096 1096
437 1097
652 1097
1097 1097
1097 1097
1097 437
1097 652
1097 1097
1097 1097
609 1098
1098 1098
1098 1098
1098 609
1098 1098
1098 1098
91 1100
132 1100
422 1100
439 1100
791 1100
975 1100
1099 1100
1100 1100
1100 1100
1100 91
1100 132
1100 422
1100 439
1100 791
1100 975
1100 1099
1100 1100
1100 1100
705 1101
603 1101
1101 1101
1101 1101
1101 705
1101 603
1101 1101
1101 1101
426 1102
1102 1102
1102 1102
1102 426
1102 1102
1102 1102
1091 1103
1103 1103
1103 1103
1103 1091
1103 1103
1103 1103
39 1104
712 1104
1104 1104
1104 1104
1104 39
1104 712
1104 1104
1104 1104
552 1105
1105 1105
1105 1105
1105 552
1105 1105
1105 1105
1106 1106
1106 1106
1106 1106
1106 1106
1107 1108
1108 1108
1108 1108
1108 1107
1108 1108
1108 1108
1109 1110
1110 1110
1110 1110
1110 1109
1110 1110
1110 1110
952 1111
1111 1111
1111 1111
1111 952
1111 1111
1111 1111
203 1112
1112 1112
1112 1112
1112 203
1112 1112
1112 1112
1113 1113
1113 1113
1113 1113
1113 1113
358 1114
628 1114
579 1114
427 1114
1114 1114
1114 1114
1114 358
1114 628
1114 579
1114 427
1114 1114
1114 1114
688 1115
1115 1115
1115 1115
1115 688
1115 1115
1115 1115
151 1116
595 1116
1116 1116
1116 1116
1116 151
1116 595
1116 1116
1116 1116
139 1117
1022 1117
1117 1117
1117 1117
1117 139
1117 1022
1117 1117
1117 1117
871 1109
1110 1109
1109 1109
1109 1109
1109 871
1109 1110
1109 1109
1109 1109
1011 1107
1108 1107
1107 1107
1107 1107
1107 1011
1107 1108
1107 1107
1107 1107
835 1119
1118 1119
1119 1119
1119 1119
1119 835
1119 1118
1119 1119
1119 1119
246 1120
1120 1120
1120 1120
1120 246
1120 1120
1120 1120
1100 1099
1099 1099
1099 1099
1099 1100
1099 1099
1099 1099
742 1121
1074 1121
1084 1121
1121 1121
1121 1121
1121 742
1121 1074
1121 1084
1121 1121
1121 1121
1022 1122
1122 1122
1122 1122
1122 1022
1122 1122
1122 1122
1123 1123
1123 1123
1123 1123
1123 1123
298 1124
299 1124
1124 1124
1124 1124
1124 298
1124 299
1124 1124
1124 1124
1125 1125
1125 1125
1125 1125
1125 1125
390 1126
1126 1126
1126 1126
1126 390
1126 1126
1126 1126
833 1127
1127 1127
1127 1127
1127 833
1127 1127
1127 1127
400 1118
584 1118
637 1118
653 1118
836 1118
839 1118
1119 1118
1128 1118
1118 1118
1118 1118
1118 400
1118 584
1118 637
1118 653
1118 836
1118 839
1118 1119
1118 1128
1118 1118
1118 1118
487 1129
1129 1129
1129 1129
1129 487
1129 1129
1129 1129
1118 1128
1128 1128
1128 1128
1128 1118
1128 1128
1128 1128
695 1130
835 1130
1130 1130
1130 1130
1130 695
1130 835
1130 1130
1130 1130
996 1131
1071 1131
1131 1131
1131 1131
1131 996
1131 1071
1131 1131
1131 1131
136 1132
1132 1132
1132 1132
1132 136
1132 1132
1132 1132
603 1133
1133 1133
1133 1133
1133 603
1133 1133
1133 1133
156 1134
1134 1134
1134 1134
1134 156
1134 1134
1134 1134
90 1135
1135 1135
1135 1135
1135 90
1135 1135
1135 1135
19 1136
1136 1136
1136 1136
1136 19
1136 1136
1136 1136
961 1137
1137 1137
1137 1137
1137 961
1137 1137
1137 1137
972 1138
1138 1138
1138 1138
1138 972
1138 1138
1138 1138
726 1139
1013 1139
1139 1139
1139 1139
1139 726
1139 1013
1139 1139
1139 1139
1140 1140
1140 1140
1140 1140
1140 1140
439 1142
1141 1142
1142 1142
1142 1142
1142 439
1142 1141
1142 1142
1142 1142
62 1143
1143 1143
1143 1143
1143 62
1143 1143
1143 1143
558 1144
729 1144
1089 1144
1144 1144
1144 1144
1144 558
1144 729
1144 1089
1144 1144
1144 1144
1145 1145
1145 1145
1145 1145
1145 1145
985 1146
1146 1146
1146 1146
1146 985
1146 1146
1146 1146
1147 1147
1147 1147
1147 1147
1147 1147
1148 1148
1148 1148
1148 1148
1148 1148
899 1149
1149 1149
1149 1149
1149 899
1149 1149
1149 1149
169 1150
1150 1150
1150 1150
1150 169
1150 1150
1150 1150
380 1151
525 1151
379 1151
955 1151
1005 1151
1151 1151
1151 1151
1151 380
1151 525
1151 379
1151 955
1151 1005
1151 1151
1151 1151
881 1152
1152 1152
1152 1152
1152 881
1152 1152
1152 1152
100 1153
119 1153
98 1153
899 1153
1153 1153
1153 1153
1153 100
1153 119
1153 98
1153 899
1153 1153
1153 1153
170 1154
961 1154
1154 1154
1154 1154
1154 170
1154 961
1154 1154
1154 1154
245 1155
471 1155
196 1155
243 1155
814 1155
1155 1155
1155 1155
1155 245
1155 471
1155 196
1155 243
1155 814
1155 1155
1155 1155
741 1156
981 1156
1156 1156
1156 1156
1156 741
1156 981
1156 1156
1156 1156
66 1157
92 1157
78 1157
590 1157
864 1157
1157 1157
1157 1157
1157 66
1157 92
1157 78
1157 590
1157 864
1157 1157
1157 1157
218 1158
1158 1158
1158 1158
1158 218
1158 1158
1158 1158
404 1159
1159 1159
1159 1159
1159 404
1159 1159
1159 1159
1160 1160
1160 1160
1160 1160
1160 1160
1161 1161
1161 1161
1161 1161
1161 1161
277 1162
280 1162
1162 1162
1162 1162
1162 277
1162 280
1162 1162
1162 1162
1163 1163
1163 1163
1163 1163
1163 1163
692 1164
1070 1164
1164 1164
1164 1164
1164 692
1164 1070
1164 1164
1164 1164
1019 1165
1165 1165
1165 1165
1165 1019
1165 1165
1165 1165
220 1141
338 1141
468 1141
602 1141
661 1141
660 1141
721 1141
753 1141
439 1141
823 1141
854 1141
1038 1141
1142 1141
1141 1141
1141 1141
1141 220
1141 338
1141 468
1141 602
1141 661
1141 660
1141 721
1141 753
1141 439
1141 823
1141 854
1141 1038
1141 1142
1141 1141
1141 1141
569 1166
1166 1166
1166 1166
1166 569
1166 1166
1166 1166
653 1167
734 1167
748 1167
318 1167
1091 1167
1167 1167
1167 1167
1167 653
1167 734
1167 748
1167 318
1167 1091
1167 1167
1167 1167
446 1168
623 1168
1168 1168
1168 1168
1168 446
1168 623
1168 1168
1168 1168
357 1169
356 1169
1169 1169
1169 1169
1169 357
1169 356
1169 1169
1169 1169
143 1170
162 1170
164 1170
815 1170
1170 1170
1170 1170
1170 143
1170 162
1170 164
1170 815
1170 1170
1170 1170
987 1171
1171 1171
1171 1171
1171 987
1171 1171
1171 1171
462 1172
67 1172
876 1172
1172 1172
1172 1172
1172 462
1172 67
1172 876
1172 1172
1172 1172
462 1173
876 1173
1173 1173
1173 1173
1173 462
1173 876
1173 1173
1173 1173
1174 1174
1174 1174
1174 1174
1174 1174
576 1175
1175 1175
1175 1175
1175 576
1175 1175
1175 1175
571 1176
936 1176
1176 1176
1176 1176
1176 571
1176 936
1176 1176
1176 1176
631 1177
1177 1177
1177 1177
1177 631
1177 1177
1177 1177
423 1178
630 1178
1178 1178
1178 1178
1178 423
1178 630
1178 1178
1178 1178
