942 942
942 942
942 942
942 942
943 943
943 943
943 943
943 943
944 944
944 944
944 944
944 944
802 945
945 945
945 945
945 802
945 945
945 945
573 946
946 946
946 946
946 573
946 946
946 946
588 947
947 947
947 947
947 588
947 947
947 947
178 948
600 948
732 948
948 948
948 948
948 178
948 600
948 732
948 948
948 948
456 949
949 949
949 949
949 456
949 949
949 949
657 950
950 950
950 950
950 657
950 950
950 950
951 951
951 951
951 951
951 951
745 952
952 952
952 952
952 745
952 952
952 952
69 953
953 953
953 953
953 69
953 953
953 953
639 954
954 954
954 954
954 639
954 954
954 954
784 955
955 955
955 955
955 784
955 955
955 955
196 956
956 956
956 956
956 196
956 956
956 956
957 957
957 957
957 957
957 957
800 958
958 958
958 958
958 800
958 958
958 958
808 959
959 959
959 959
959 808
959 959
959 959
960 960
960 960
960 960
960 960
48 961
76 961
358 961
169 961
543 961
766 961
442 961
961 961
961 961
961 48
961 76
961 358
961 169
961 543
961 766
961 442
961 961
961 961
150 963
185 963
186 963
962 963
963 963
963 963
963 150
963 185
963 186
963 962
963 963
963 963
840 962
963 962
962 962
962 962
962 840
962 963
962 962
962 962
164 964
964 964
964 964
964 164
964 964
964 964
965 965
965 965
965 965
965 965
39 966
966 966
966 966
966 39
966 966
966 966
551 967
967 967
967 967
967 551
967 967
967 967
27 968
292 968
622 968
968 968
968 968
968 27
968 292
968 622
968 968
968 968
203 969
969 969
969 969
969 203
969 969
969 969
970 971
971 971
971 971
971 970
971 971
971 971
226 972
208 972
414 972
297 972
196 972
233 972
722 972
605 972
749 972
880 972
934 972
972 972
972 972
972 226
972 208
972 414
972 297
972 196
972 233
972 722
972 605
972 749
972 880
972 934
972 972
972 972
973 973
973 973
973 973
973 973
974 974
974 974
974 974
974 974
975 976
976 976
976 976
976 975
976 976
976 976
977 977
977 977
977 977
977 977
975 978
978 978
978 978
978 975
978 978
978 978
661 979
979 979
979 979
979 661
979 979
979 979
245 980
243 980
980 980
980 980
980 245
980 243
980 980
980 980
981 981
981 981
981 981
981 981
982 982
982 982
982 982
982 982
983 983
983 983
983 983
983 983
117 984
984 984
984 984
984 117
984 984
984 984
687 985
849 985
985 985
985 985
985 687
985 849
985 985
985 985
986 986
986 986
986 986
986 986
987 987
987 987
987 987
987 987
838 988
988 988
988 988
988 838
988 988
988 988
989 989
989 989
989 989
989 989
288 990
990 990
990 990
990 288
990 990
990 990
481 991
991 991
991 991
991 481
991 991
991 991
642 992
70 992
992 992
992 992
992 642
992 70
992 992
992 992
763 993
993 993
993 993
993 763
993 993
993 993
695 994
994 994
994 994
994 695
994 994
994 994
995 995
995 995
995 995
995 995
535 996
534 996
996 996
996 996
996 535
996 534
996 996
996 996
331 997
330 997
997 997
997 997
997 331
997 330
997 997
997 997
976 975
978 975
975 975
975 975
975 976
975 978
975 975
975 975
517 998
998 998
998 998
998 517
998 998
998 998
15 970
971 970
970 970
970 970
970 15
970 971
970 970
970 970
22 999
999 999
999 999
999 22
999 999
999 999
272 1000
718 1000
271 1000
1000 1000
1000 1000
1000 272
1000 718
1000 271
1000 1000
1000 1000
531 1001
39 1001
1001 1001
1001 1001
1001 531
1001 39
1001 1001
1001 1001
1002 1002
1002 1002
1002 1002
1002 1002
1003 1003
1003 1003
1003 1003
1003 1003
185 1004
186 1004
1004 1004
1004 1004
1004 185
1004 186
1004 1004
1004 1004
662 1005
1005 1005
1005 1005
1005 662
1005 1005
1005 1005
1006 1006
1006 1006
1006 1006
1006 1006
196 1007
1007 1007
1007 1007
1007 196
1007 1007
1007 1007
607 1008
1008 1008
1008 1008
1008 607
1008 1008
1008 1008
781 1009
831 1009
1009 1009
1009 1009
1009 781
1009 831
1009 1009
1009 1009
573 1010
1010 1010
1010 1010
1010 573
1010 1010
1010 1010
127 1011
329 1011
182 1011
629 1011
650 1011
653 1011
666 1011
836 1011
880 1011
910 1011
1011 1011
1011 1011
1011 127
1011 329
1011 182
1011 629
1011 650
1011 653
1011 666
1011 836
1011 880
1011 910
1011 1011
1011 1011
1012 1012
1012 1012
1012 1012
1012 1012
58 1013
1013 1013
1013 1013
1013 58
1013 1013
1013 1013
8 1014
683 1014
704 1014
1014 1014
1014 1014
1014 8
1014 683
1014 704
1014 1014
1014 1014
