0 633
1 0
2 2
3 652
4 654
5 1
6 332
7 3
8 4
9 5
10 373
11 6
12 208
13 7
14 269
15 281
16 8
17 723
18 9
19 476
20 10
21 11
22 12
23 13
24 158
25 14
26 15
27 16
28 24
29 17
30 139
31 18
32 19
33 20
34 21
35 39
36 22
37 23
38 201
39 598
40 25
41 99
42 122
43 123
44 26
45 606
46 27
47 28
48 29
49 697
50 738
51 30
52 31
53 279
54 518
55 32
56 286
57 588
58 698
59 33
60 34
61 35
62 36
63 60
64 37
65 429
66 38
67 507
68 40
69 175
70 596
71 644
72 41
73 87
74 42
75 152
76 43
77 44
78 733
79 45
80 46
81 163
82 47
83 714
84 48
85 49
86 50
87 457
88 710
89 51
90 52
91 53
92 401
93 767
94 54
95 210
96 323
97 651
98 771
99 787
100 55
101 412
102 447
103 56
104 57
105 58
106 105
107 580
108 609
109 615
110 59
111 61
112 485
113 62
114 63
115 64
116 239
117 543
118 619
119 65
120 66
121 282
122 540
123 67
124 391
125 68
126 604
127 69
128 441
129 70
130 206
131 71
132 72
133 449
134 558
135 797
136 73
137 544
138 586
139 74
140 84
141 583
142 75
143 88
144 76
145 659
146 77
147 78
148 603
149 79
150 257
151 80
152 347
153 423
154 527
155 81
156 82
157 83
158 284
159 85
160 86
161 130
162 162
163 300
164 415
165 498
166 696
167 737
168 743
169 258
170 89
171 155
172 156
173 90
174 330
175 91
176 92
177 550
178 93
179 195
180 675
181 94
182 334
183 456
184 693
185 734
186 736
187 95
188 96
189 661
190 97
191 98
192 100
193 101
194 109
195 102
196 306
197 484
198 608
199 103
200 104
201 106
202 541
203 107
204 108
205 124
206 133
207 153
208 176
209 236
210 289
211 318
212 426
213 459
214 519
215 563
216 610
217 567
218 110
219 758
220 111
221 487
222 112
223 747
224 113
225 114
226 115
227 116
228 259
229 117
230 255
231 388
232 446
233 454
234 554
235 581
236 118
237 379
238 646
239 119
240 483
241 514
242 120
243 589
244 802
245 121
246 458
247 125
248 126
249 127
250 233
251 370
252 392
253 128
254 701
255 129
256 131
257 479
258 132
259 399
260 452
261 406
262 134
263 137
264 135
265 136
266 138
267 660
268 582
269 623
270 140
271 740
272 141
273 525
274 142
275 316
276 143
277 145
278 213
279 144
280 537
281 146
282 147
283 378
284 381
285 602
286 148
287 149
288 310
289 150
290 151
291 326
292 364
293 154
294 157
295 180
296 159
297 277
298 553
299 745
300 160
301 161
302 211
303 164
304 165
305 271
306 166
307 168
308 167
309 169
310 170
311 775
312 790
313 171
314 240
315 512
316 756
317 172
318 687
319 173
320 629
321 174
322 231
323 726
324 177
325 178
326 197
327 179
328 791
329 181
330 183
331 182
332 520
333 184
334 297
335 185
336 186
337 187
338 188
339 564
340 189
341 491
342 190
343 382
344 191
345 192
346 193
347 473
348 194
349 442
350 196
351 198
352 420
353 199
354 200
355 570
356 353
357 202
358 203
359 204
360 205
361 207
362 209
363 356
364 212
365 214
366 215
367 216
368 243
369 217
370 482
371 781
372 792
373 218
374 219
375 376
376 220
377 221
378 222
379 744
380 223
381 224
382 225
383 226
384 534
385 227
386 322
387 228
388 229
389 549
390 577
391 230
392 232
393 387
394 551
395 234
396 235
397 237
398 238
399 241
400 242
401 565
402 244
403 782
404 245
405 246
406 247
407 248
408 621
409 249
410 250
411 253
412 251
413 711
414 252
415 254
416 256
417 365
418 260
419 261
420 262
421 732
422 263
423 472
424 264
425 265
426 578
427 809
428 266
429 670
430 267
431 268
432 321
433 418
434 270
435 638
436 272
437 374
438 273
439 748
440 749
441 274
442 805
443 275
444 276
445 278
446 304
447 502
448 666
449 280
450 746
451 283
452 285
453 287
454 618
455 288
456 328
457 290
458 291
459 292
460 293
461 294
462 295
463 296
464 607
465 298
466 299
467 634
468 301
469 350
470 719
471 302
472 303
473 305
474 308
475 329
476 417
477 542
478 573
479 655
480 656
481 307
482 383
483 309
484 352
485 343
486 690
487 311
488 312
489 313
490 314
491 408
492 315
493 766
494 317
495 319
496 348
497 320
498 324
499 325
500 327
501 331
502 665
503 333
504 335
505 336
506 337
507 338
508 339
509 584
510 340
511 613
512 341
513 342
514 389
515 344
516 345
517 346
518 419
519 465
520 349
521 351
522 354
523 355
524 657
525 357
526 358
527 359
528 360
529 361
530 362
531 363
532 366
533 367
534 428
535 368
536 385
537 369
538 720
539 371
540 626
541 372
542 413
543 375
544 672
545 678
546 377
547 477
548 380
549 384
550 386
551 704
552 390
553 493
554 739
555 393
556 394
557 640
558 395
559 396
560 397
561 730
562 398
563 400
564 776
565 402
566 464
567 806
568 403
569 404
570 405
571 505
572 409
573 695
574 407
575 676
576 410
577 411
578 414
579 593
580 416
581 421
582 545
583 422
584 436
585 424
586 425
587 427
588 523
589 705
590 794
591 430
592 431
593 432
594 433
595 434
596 486
597 435
598 668
599 718
600 437
601 438
602 439
603 725
604 440
605 671
606 627
607 443
608 488
609 515
610 444
611 445
612 448
613 450
614 451
615 453
616 455
617 667
618 460
619 461
620 462
621 463
622 466
623 467
624 647
625 468
626 620
627 469
628 470
629 471
630 559
631 474
632 475
633 478
634 480
635 481
636 489
637 490
638 688
639 492
640 494
641 495
642 496
643 497
644 499
645 500
646 501
647 576
648 503
649 504
650 506
651 508
652 509
653 510
654 511
655 513
656 516
657 517
658 521
659 522
660 552
661 524
662 526
663 803
664 528
665 529
666 530
667 531
668 532
669 533
670 535
671 536
672 538
673 539
674 546
675 547
676 548
677 685
678 555
679 556
680 557
681 774
682 560
683 561
684 562
685 566
686 631
687 760
688 568
689 569
690 571
691 572
692 643
693 574
694 575
695 579
696 585
697 587
698 590
699 642
700 591
701 592
702 663
703 594
704 595
705 597
706 637
707 599
708 600
709 601
710 716
711 795
712 605
713 611
714 612
715 614
716 616
717 617
718 622
719 624
720 625
721 628
722 630
723 632
724 635
725 636
726 783
727 808
728 639
729 765
730 641
731 728
732 645
733 648
734 649
735 650
736 653
737 658
738 807
739 662
740 664
741 729
742 669
743 673
744 674
745 677
746 679
747 680
748 681
749 682
750 683
751 684
752 686
753 689
754 691
755 692
756 763
757 694
758 699
759 700
760 735
761 777
762 779
763 702
764 801
765 703
766 706
767 707
768 708
769 709
770 712
771 713
772 715
773 717
774 721
775 722
776 724
777 727
778 731
779 759
780 751
781 741
782 742
783 750
784 752
785 753
786 754
787 755
788 757
789 761
790 762
791 796
792 764
793 768
794 769
795 770
796 772
797 773
798 778
799 780
800 784
801 785
802 786
803 788
804 789
805 793
806 800
807 798
808 799
809 804
810 810
811 811
812 812
813 813
814 814
815 815
816 816
817 817
818 818
819 819
820 820
821 821
822 822
823 823
824 824
825 825
826 826
827 827
828 828
829 829
830 830
831 831
832 832
833 833
834 834
835 835
836 836
837 837
838 868
839 838
840 839
841 840
842 841
843 842
844 843
845 844
846 845
847 846
848 847
849 848
850 849
851 850
852 851
853 852
854 853
855 857
856 854
857 855
858 856
859 858
860 859
861 860
862 861
863 862
864 863
865 864
866 865
867 866
868 871
869 867
870 869
871 870
872 872
873 873
874 874
875 876
876 877
877 885
878 878
879 879
880 880
881 881
882 882
883 933
884 883
885 884
886 886
887 910
888 887
889 888
890 889
891 890
892 891
893 892
894 911
895 893
896 894
897 895
898 896
899 897
900 898
901 899
902 900
903 901
904 902
905 903
906 904
907 905
908 906
909 907
910 908
911 909
912 912
913 913
914 914
915 915
916 916
917 917
918 918
919 919
920 920
921 921
922 922
923 923
924 924
925 925
926 926
927 927
928 928
929 929
930 930
931 931
932 932
933 934
934 935
935 936
936 937
937 938
938 939
939 940
940 941
941 942
942 944
943 945
944 946
945 947
946 948
947 949
948 950
949 951
950 952
951 953
952 954
953 955
954 956
955 957
956 958
957 959
958 960
959 961
960 962
961 963
962 965
963 964
964 966
965 967
966 968
967 969
968 970
969 971
970 1000
971 972
972 973
973 974
974 975
975 998
976 976
977 977
978 978
979 979
980 980
981 981
982 982
983 983
984 984
985 985
986 986
987 987
988 988
989 989
990 990
991 991
992 992
993 993
994 994
995 995
996 996
997 997
998 999
999 1001
1000 1002
1001 1003
1002 1004
1003 1005
1004 1006
1005 1007
1006 1008
1007 1009
1008 1010
1009 1011
1010 1012
1011 1013
1012 1014
1013 1015
1014 1016
1015 1018
1016 1019
1017 1020
1018 1021
1019 1022
1020 1023
1021 1024
1022 1042
1023 1025
1024 1026
1025 1027
1026 1028
1027 1029
1028 1030
1029 1031
1030 1032
1031 1033
1032 1034
1033 1035
1034 1036
1035 1037
1036 1038
1037 1039
1038 1040
1039 1041
1040 1047
1041 1043
1042 1044
1043 1045
1044 1046
1045 1048
1046 1049
1047 1081
1048 1050
1049 1051
1050 1052
1051 1053
1052 1054
1053 1055
1054 1056
1055 1057
1056 1058
1057 1059
1058 1060
1059 1061
1060 1062
1061 1063
1062 1064
1063 1096
1064 1065
1065 1066
1066 1067
1067 1068
1068 1069
1069 1072
1070 1070
1071 1071
1072 1073
1073 1074
1074 1075
1075 1076
1076 1077
1077 1078
1078 1079
1079 1080
1080 1082
1081 1083
1082 1084
1083 1085
1084 1086
1085 1087
1086 1089
1087 1088
1088 1093
1089 1090
1090 1091
1091 1092
1092 1094
1093 1095
1094 1098
1095 1099
1096 1100
1097 1101
1098 1102
1099 1123
1100 1103
1101 1104
1102 1105
1103 1106
1104 1107
1105 1108
1106 1109
1107 1120
1108 1110
1109 1119
1110 1111
1111 1112
1112 1113
1113 1114
1114 1115
1115 1116
1116 1117
1117 1118
1118 1131
1119 1121
1120 1122
1121 1124
1122 1125
1123 1126
1124 1127
1125 1128
1126 1129
1127 1130
1128 1133
1129 1132
1130 1134
1131 1135
1132 1136
1133 1137
1134 1138
1135 1139
1136 1140
1137 1141
1138 1142
1139 1143
1140 1144
1141 1169
1142 1145
1143 1146
1144 1147
1145 1148
1146 1149
1147 1150
1148 1151
1149 1152
1150 1153
1151 1154
1152 1155
1153 1156
1154 1157
1155 1158
1156 1159
1157 1160
1158 1161
1159 1162
1160 1163
1161 1164
1162 1165
1163 1166
1164 1167
1165 1168
1166 1170
1167 1171
1168 1172
1169 1173
1170 1174
1171 1175
1172 1176
1173 1177
1174 1178
1175 1179
1176 1180
1177 1181
1178 1182
1179 1190
1180 1184
1181 1185
1182 1186
1183 1188
1184 1187
1185 1189
1186 1191
1187 1192
1188 1193
1189 1194
1190 1195
1191 1196
1192 1197
1193 1198
1194 1214
1195 1199
1196 1200
1197 1201
1198 1202
1199 1215
1200 1203
1201 1204
1202 1205
1203 1257
1204 1206
1205 1207
1206 1208
1207 1209
1208 1210
1209 1211
1210 1212
1211 1213
1212 1216
1213 1217
1214 1218
1215 1219
1216 1220
1217 1221
1218 1224
1219 1222
1220 1223
1221 1225
1222 1226
1223 1269
1224 1227
1225 1228
1226 1254
1227 1229
1228 1230
1229 1231
1230 1232
1231 1233
1232 1234
1233 1235
1234 1236
1235 1237
1236 1238
1237 1239
1238 1240
1239 1241
1240 1242
1241 1243
1242 1244
1243 1245
1244 1246
1245 1247
1246 1248
1247 1249
1248 1250
1249 1251
1250 1252
1251 1253
1252 1255
1253 1256
1254 1258
1255 1259
1256 1260
1257 1261
1258 1262
1259 1263
1260 1264
1261 1265
1262 1266
1263 1267
1264 1268
1265 1270
1266 1271
1267 1272
1268 1273
1269 1274
1270 1276
1271 1277
1272 1278
1273 1279
1274 1280
1275 1358
1276 1281
1277 1283
1278 1282
1279 1284
1280 1285
1281 1286
1282 1287
1283 1309
1284 1288
1285 1289
1286 1290
1287 1291
1288 1317
1289 1292
1290 1293
1291 1294
1292 1295
1293 1296
1294 1297
1295 1298
1296 1299
1297 1300
1298 1315
1299 1316
1300 1301
1301 1302
1302 1303
1303 1304
1304 1305
1305 1306
1306 1307
1307 1308
1308 1338
1309 1310
1310 1312
1311 1313
1312 1311
1313 1314
1314 1318
1315 1319
1316 1349
1317 1320
1318 1321
1319 1322
1320 1323
1321 1324
1322 1325
1323 1326
1324 1328
1325 1327
1326 1329
1327 1330
1328 1331
1329 1332
1330 1333
1331 1334
1332 1335
1333 1336
1334 1337
1335 1339
1336 1340
1337 1341
1338 1342
1339 1343
1340 1344
1341 1345
1342 1346
1343 1347
1344 1348
1345 1350
1346 1362
1347 1351
1348 1352
1349 1353
1350 1354
1351 1355
1352 1356
1353 1357
1354 1359
1355 1360
1356 1361
1357 1372
1358 1363
1359 1364
1360 1365
1361 1366
1362 1367
1363 1368
1364 1369
1365 1370
1366 1371
1367 1373
1368 1374
1369 1376
1370 1377
1371 1378
1372 1380
1373 1379
1374 1381
1375 1382
1376 1383
1377 1384
1378 1385
1379 1386
1380 1387
1381 1388
1382 1389
1383 1390
1384 1391
1385 1392
1386 1393
1387 1394
1388 1395
1389 1399
1390 1421
1391 1396
1392 1397
1393 1398
1394 1400
1395 1401
1396 1402
1397 1403
1398 1404
1399 1405
1400 1406
1401 1407
1402 1408
1403 1409
1404 1410
1405 1411
1406 1412
1407 1413
1408 1415
1409 1414
1410 1468
1411 1416
1412 1452
1413 1417
1414 1418
1415 1419
1416 1420
1417 1422
1418 1423
1419 1424
1420 1425
1421 1426
1422 1427
1423 1429
1424 1428
1425 1430
1426 1431
1427 1432
1428 1433
1429 1434
1430 1435
1431 1436
1432 1437
1433 1438
1434 1439
1435 1440
1436 1441
1437 1442
1438 1443
1439 1444
1440 1446
1441 1445
1442 1447
1443 1448
1444 1449
1445 1450
1446 1451
1447 1453
1448 1454
1449 1455
1450 1457
1451 1456
1452 1458
1453 1459
1454 1460
1455 1461
1456 1462
1457 1463
1458 1464
1459 1465
1460 1466
1461 1467
1462 1469
1463 1470
1464 1471
1465 1472
1466 1473
1467 1474
1468 1475
1469 1476
1470 1477
1471 1478
1472 1479
1473 1480
1474 1481
1475 1483
1476 1484
1477 1485
1478 1486
1479 1501
1480 1487
1481 1488
1482 1489
1483 1490
1484 1491
1485 1492
1486 1493
1487 1494
1488 1495
1489 1496
1490 1497
1491 1498
1492 1499
1493 1538
1494 1500
1495 1503
1496 1502
1497 1504
1498 1552
1499 1505
1500 1506
1501 1507
1502 1508
1503 1509
1504 1510
1505 1519
1506 1511
1507 1512
1508 1513
1509 1514
1510 1515
1511 1516
1512 1517
1513 1518
1514 1534
1515 1520
1516 1521
1517 1522
1518 1523
1519 1524
1520 1525
1521 1526
1522 1527
1523 1528
1524 1529
1525 1530
1526 1531
1527 1532
1528 1533
1529 1535
1530 1536
1531 1537
1532 1539
1533 1540
1534 1541
1535 1577
1536 1542
1537 1543
1538 1544
1539 1545
1540 1546
1541 1547
1542 1548
1543 1549
1544 1550
1545 1551
1546 1553
1547 1554
1548 1555
1549 1556
1550 1557
1551 1558
1552 1559
1553 1560
1554 1561
1555 1562
1556 1563
1557 1564
1558 1565
1559 1566
1560 1567
1561 1568
1562 1569
1563 1570
1564 1571
1565 1572
1566 1573
1567 1574
1568 1575
1569 1576
1570 1578
1571 1579
1572 1580
1573 1581
1574 1582
1575 1583
1576 1584
1577 1585
1578 1586
1579 1587
1580 1588
1581 1589
1582 1590
1583 1591
1584 1592
1585 1593
1586 1594
1587 1595
1588 1596
1589 1597
1590 1599
1591 1600
1592 1601
1593 1602
1594 1603
1595 1604
1596 1605
1597 1606
1598 1607
1599 1608
1600 1609
1601 1610
1602 1611
1603 1612
1604 1613
1605 1671
1606 1614
1607 1665
1608 1615
1609 1616
1610 1617
1611 1618
1612 1619
1613 1620
1614 1621
1615 1622
1616 1623
1617 1705
1618 1624
1619 1625
1620 1626
1621 1627
1622 1635
1623 1628
1624 1659
1625 1711
1626 1629
1627 1630
1628 1631
1629 1632
1630 1633
1631 1634
1632 1701
1633 1636
1634 1637
1635 1638
1636 1688
1637 1639
1638 1640
1639 1641
1640 1642
1641 1643
1642 1644
1643 1645
1644 1646
1645 1647
1646 1648
1647 1649
1648 1650
1649 1651
1650 1652
1651 1653
1652 1654
1653 1655
1654 1656
1655 1657
1656 1658
1657 1660
1658 1661
1659 1666
1660 1662
1661 1663
1662 1664
1663 1667
1664 1668
1665 1669
1666 1670
1667 1672
1668 1673
1669 1674
1670 1676
1671 1675
1672 1677
1673 1678
1674 1679
1675 1680
1676 1681
1677 1682
1678 1683
1679 1684
1680 1685
1681 1686
1682 1721
1683 1687
1684 1689
1685 1690
1686 1691
1687 1692
1688 1693
1689 1694
1690 1695
1691 1713
1692 1696
1693 1697
1694 1698
1695 1699
1696 1700
1697 1703
1698 1702
1699 1704
1700 1706
1701 1707
1702 1708
1703 1709
1704 1710
1705 1712
1706 1714
1707 1715
1708 1716
1709 1717
1710 1718
1711 1719
1712 1720
1713 1722
1714 1724
1715 1734
1716 1740
1717 1745
1718 1725
1719 1726
1720 1727
1721 1728
1722 1729
1723 1730
1724 1755
1725 1731
1726 1732
1727 1733
1728 1776
1729 1735
1730 1763
1731 1736
1732 1737
1733 1738
1734 1750
1735 1766
1736 1739
1737 1804
1738 1741
1739 1749
1740 1758
1741 1742
1742 1743
1743 1765
1744 1744
1745 1746
1746 1747
1747 1748
1748 1751
1749 1754
1750 1752
1751 1753
1752 1756
1753 1757
1754 1759
1755 1760
1756 1761
1757 1762
1758 1764
1759 1783
1760 1767
1761 1837
1762 1768
1763 1769
1764 1770
1765 1778
1766 1771
1767 1782
1768 1772
1769 1780
1770 1789
1771 1773
1772 1774
1773 1775
1774 1777
1775 1779
1776 1781
1777 1798
1778 1784
1779 1785
1780 1786
1781 1810
1782 1787
1783 1788
1784 1790
1785 1791
1786 1792
1787 1793
1788 1795
1789 1796
1790 1794
1791 1797
1792 1799
1793 1800
1794 1801
1795 1802
1796 1803
1797 1805
1798 1809
1799 1806
1800 1807
1801 1808
1802 1811
1803 1812
1804 1813
1805 1814
1806 1815
1807 1816
1808 1817
1809 1818
1810 1819
1811 1820
1812 1821
1813 1822
1814 1823
1815 1825
1816 1826
1817 1824
1818 1827
1819 1829
1820 1828
1821 1830
1822 1831
1823 1832
1824 1834
1825 1833
1826 1835
1827 1836
1828 1838
1829 1839
1830 1840
1831 1841
1832 1842
1833 1843
1834 1844
1835 1845
1836 1846
1837 1847
1838 1848
1839 1849
1840 1850
1841 1851
1842 1852
1843 1853
1844 1854
1845 1855
1846 1856
1847 1857
1848 1986
1849 1859
1850 1860
1851 1861
1852 1862
1853 1863
1854 1864
1855 1865
1856 1866
1857 1867
1858 1868
1859 1869
1860 1870
1861 1871
1862 1872
1863 1873
1864 1874
1865 1875
1866 1876
1867 1877
1868 1878
1869 1879
1870 1880
1871 1958
1872 1881
1873 1882
1874 1883
1875 1885
1876 1884
1877 1886
1878 1888
1879 1887
1880 1890
1881 1891
1882 1892
1883 1893
1884 1889
1885 1894
1886 1895
1887 1897
1888 1896
1889 1903
1890 1898
1891 1902
1892 1899
1893 1900
1894 1954
1895 1901
1896 1904
1897 1960
1898 1914
1899 1905
1900 1907
1901 1964
1902 1906
1903 1908
1904 1909
1905 1910
1906 1911
1907 1912
1908 1913
1909 1915
1910 1916
1911 1917
1912 1918
1913 1919
1914 1920
1915 1926
1916 1921
1917 1922
1918 1927
1919 1923
1920 1924
1921 1925
1922 1928
1923 1929
1924 1930
1925 1931
1926 1936
1927 1932
1928 1933
1929 1934
1930 1935
1931 1938
1932 1937
1933 1939
1934 1940
1935 1941
1936 1942
1937 1943
1938 1945
1939 1946
1940 1950
1941 1944
1942 1947
1943 1948
1944 1949
1945 1952
1946 1951
1947 1953
1948 1955
1949 1956
1950 1957
1951 1959
1952 1961
1953 1963
1954 1962
1955 1965
1956 1966
1957 1971
1958 1967
1959 1968
1960 1969
1961 1970
1962 1972
1963 1974
1964 1975
1965 1976
1966 1973
1967 1977
1968 1978
1969 1980
1970 1979
1971 1981
1972 1982
1973 1983
1974 1984
1975 1985
1976 1987
1977 1988
1978 1989
1979 1990
1980 1991
1981 1992
1982 1993
1983 1994
1984 1995
1985 1996
1986 1997
1987 1998
1988 1999
1989 2000
1990 2001
1991 2002
