461 1450
1450 1450
1450 461
1450 1450
1071 1451
215 1451
1419 1451
1451 1451
1451 1071
1451 215
1451 1419
1451 1451
1452 1452
1452 1452
2 1453
1453 1453
1453 2
1453 1453
173 1455
1454 1455
1455 1455
1455 173
1455 1454
1455 1455
1456 1457
1457 1457
1457 1456
1457 1457
1031 1456
1269 1456
1457 1456
1456 1456
1456 1031
1456 1269
1456 1457
1456 1456
1252 1458
1458 1458
1458 1252
1458 1458
1459 1459
1459 1459
597 1460
1460 1460
1460 597
1460 1460
1461 1461
1461 1461
1193 1462
1306 1462
1462 1462
1462 1193
1462 1306
1462 1462
596 1463
877 1463
940 1463
1463 1463
1463 596
1463 877
1463 940
1463 1463
437 1465
568 1465
1089 1465
1088 1465
170 1465
1362 1465
1464 1465
1465 1465
1465 437
1465 568
1465 1089
1465 1088
1465 170
1465 1362
1465 1464
1465 1465
1466 1467
1467 1467
1467 1466
1467 1467
996 1468
1468 1468
1468 996
1468 1468
122 1469
1469 1469
1469 122
1469 1469
379 1470
777 1470
1418 1470
1470 1470
1470 379
1470 777
1470 1418
1470 1470
420 1472
1471 1472
1472 1472
1472 420
1472 1471
1472 1472
1080 1473
1101 1473
1473 1473
1473 1080
1473 1101
1473 1473
1361 1474
1474 1474
1474 1361
1474 1474
418 1475
419 1475
420 1475
1475 1475
1475 418
1475 419
1475 420
1475 1475
407 1476
54 1476
1476 1476
1476 407
1476 54
1476 1476
788 1477
1477 1477
1477 788
1477 1477
1000 1478
999 1478
974 1478
1478 1478
1478 1000
1478 999
1478 974
1478 1478
776 1479
775 1479
1479 1479
1479 776
1479 775
1479 1479
1214 1481
1480 1481
1481 1481
1481 1214
1481 1480
1481 1481
1068 1482
45 1482
1482 1482
1482 1068
1482 45
1482 1482
567 1483
566 1483
1483 1483
1483 567
1483 566
1483 1483
123 1484
1361 1484
1484 1484
1484 123
1484 1361
1484 1484
1071 1485
13 1485
1485 1485
1485 1071
1485 13
1485 1485
427 1464
1405 1464
1465 1464
1464 1464
1464 427
1464 1405
1464 1465
1464 1464
270 1486
713 1486
697 1486
946 1486
746 1486
1117 1486
1126 1486
747 1486
1082 1486
45 1486
748 1486
1337 1486
1059 1486
1361 1486
1415 1486
1486 1486
1486 270
1486 713
1486 697
1486 946
1486 746
1486 1117
1486 1126
1486 747
1486 1082
1486 45
1486 748
1486 1337
1486 1059
1486 1361
1486 1415
1486 1486
625 1487
1487 1487
1487 625
1487 1487
1488 1488
1488 1488
1032 1489
182 1489
1489 1489
1489 1032
1489 182
1489 1489
1490 1491
1491 1491
1491 1490
1491 1491
786 1466
493 1466
1467 1466
1466 1466
1466 786
1466 493
1466 1467
1466 1466
1262 1492
1492 1492
1492 1262
1492 1492
270 1493
1493 1493
1493 270
1493 1493
1282 1494
1494 1494
1494 1282
1494 1494
1361 1495
1495 1495
1495 1361
1495 1495
89 1496
1496 1496
1496 89
1496 1496
194 1497
795 1497
378 1497
1497 1497
1497 194
1497 795
1497 378
1497 1497
247 1498
816 1498
1029 1498
1498 1498
1498 247
1498 816
1498 1029
1498 1498
1243 1499
1499 1499
1499 1243
1499 1499
517 1500
1500 1500
1500 517
1500 1500
1472 1471
1471 1471
1471 1472
1471 1471
688 1501
185 1501
1361 1501
1501 1501
1501 688
1501 185
1501 1361
1501 1501
536 1503
1309 1503
1502 1503
1503 1503
1503 536
1503 1309
1503 1502
1503 1503
312 1490
1292 1490
1398 1490
1491 1490
1490 1490
1490 312
1490 1292
1490 1398
1490 1491
1490 1490
1324 1505
1387 1505
1504 1505
1505 1505
1505 1324
1505 1387
1505 1504
1505 1505
916 1504
1505 1504
1504 1504
1504 916
1504 1505
1504 1504
1506 1506
1506 1506
85 1508
240 1508
924 1508
1141 1508
45 1508
84 1508
1507 1508
1508 1508
1508 85
1508 240
1508 924
1508 1141
1508 45
1508 84
1508 1507
1508 1508
84 1509
1037 1509
1509 1509
1509 84
1509 1037
1509 1509
323 1510
317 1510
1258 1510
322 1510
1510 1510
1510 323
1510 317
1510 1258
1510 322
1510 1510
1408 1511
1511 1511
1511 1408
1511 1511
452 1512
299 1512
1512 1512
1512 452
1512 299
1512 1512
241 1513
541 1513
1325 1513
1513 1513
1513 241
1513 541
1513 1325
1513 1513
1514 1515
1515 1515
1515 1514
1515 1515
696 1516
1233 1516
1516 1516
1516 696
1516 1233
1516 1516
297 1517
950 1517
1517 1517
1517 297
1517 950
1517 1517
1518 1518
1518 1518
1519 1519
1519 1519
1361 1520
1520 1520
1520 1361
1520 1520
190 1521
13 1521
1521 1521
1521 190
1521 13
1521 1521
518 1522
755 1522
962 1522
1522 1522
1522 518
1522 755
1522 962
1522 1522
380 1514
1071 1514
1515 1514
1523 1514
1514 1514
1514 380
1514 1071
1514 1515
1514 1523
1514 1514
211 1524
123 1524
1524 1524
1524 211
1524 123
1524 1524
264 1525
170 1525
1525 1525
1525 264
1525 170
1525 1525
49 1526
1526 1526
1526 49
1526 1526
937 1527
1527 1527
1527 937
1527 1527
807 1528
1528 1528
1528 807
1528 1528
969 1529
1375 1529
1529 1529
1529 969
1529 1375
1529 1529
1176 1530
969 1530
1530 1530
1530 1176
1530 969
1530 1530
86 1531
194 1531
683 1531
221 1531
1187 1531
1531 1531
1531 86
1531 194
1531 683
1531 221
1531 1187
1531 1531
798 1532
905 1532
538 1532
1364 1532
1402 1532
1532 1532
1532 798
1532 905
1532 538
1532 1364
1532 1402
1532 1532
477 1533
1318 1533
559 1533
1419 1533
1533 1533
1533 477
1533 1318
1533 559
1533 1419
1533 1533
105 1534
235 1534
1374 1534
1534 1534
1534 105
1534 235
1534 1374
1534 1534
547 1535
824 1535
546 1535
1535 1535
1535 547
1535 824
1535 546
1535 1535
49 1536
1536 1536
1536 49
1536 1536
880 1537
429 1537
1302 1537
1537 1537
1537 880
1537 429
1537 1302
1537 1537
77 1523
1294 1523
1430 1523
1429 1523
1514 1523
1523 1523
1523 77
1523 1294
1523 1430
1523 1429
1523 1514
1523 1523
259 1538
602 1538
171 1538
1538 1538
1538 259
1538 602
1538 171
1538 1538
447 1539
445 1539
1539 1539
1539 447
1539 445
1539 1539
326 1454
173 1454
1455 1454
1454 1454
1454 326
1454 173
1454 1455
1454 1454
323 1502
957 1502
306 1502
536 1502
1309 1502
1503 1502
1502 1502
1502 323
1502 957
1502 306
1502 536
1502 1309
1502 1503
1502 1502
1540 1540
1540 1540
369 1541
1541 1541
1541 369
1541 1541
1263 1542
1542 1542
1542 1263
1542 1542
488 1480
496 1480
554 1480
443 1480
689 1480
770 1480
769 1480
552 1480
1195 1480
1197 1480
1215 1480
653 1480
617 1480
618 1480
553 1480
55 1480
1351 1480
1194 1480
1367 1480
1481 1480
1480 1480
1480 488
1480 496
1480 554
1480 443
1480 689
1480 770
1480 769
1480 552
1480 1195
1480 1197
1480 1215
1480 653
1480 617
1480 618
1480 553
1480 55
1480 1351
1480 1194
1480 1367
1480 1481
1480 1480
1074 1543
752 1543
1543 1543
1543 1074
1543 752
1543 1543
1383 1544
1544 1544
1544 1383
1544 1544
725 1545
1545 1545
1545 725
1545 1545
695 1546
422 1546
1361 1546
1546 1546
1546 695
1546 422
1546 1361
1546 1546
1547 1547
1547 1547
417 1548
416 1548
1548 1548
1548 417
1548 416
1548 1548
326 1549
1549 1549
1549 326
1549 1549
591 1550
1361 1550
1550 1550
1550 591
1550 1361
1550 1550
338 1551
270 1551
1551 1551
1551 338
1551 270
1551 1551
85 1507
767 1507
1508 1507
1507 1507
1507 85
1507 767
1507 1508
1507 1507
729 1552
1411 1552
1412 1552
1552 1552
1552 729
1552 1411
1552 1412
1552 1552
