0 633
1 0
2 2
3 652
4 654
5 1
6 332
7 3
8 4
9 5
10 373
11 6
12 208
13 7
14 269
15 281
16 8
17 723
18 9
19 476
20 10
21 11
22 12
23 13
24 158
25 14
26 15
27 16
28 24
29 17
30 139
31 18
32 19
33 20
34 21
35 39
36 22
37 23
38 201
39 598
40 25
41 99
42 122
43 123
44 26
45 606
46 27
47 28
48 29
49 697
50 738
51 30
52 31
53 279
54 518
55 32
56 286
57 588
58 698
59 33
60 34
61 35
62 36
63 60
64 37
65 429
66 38
67 507
68 40
69 175
70 596
71 644
72 41
73 87
74 42
75 152
76 43
77 44
78 733
79 45
80 46
81 163
82 47
83 714
84 48
85 49
86 50
87 457
88 710
89 51
90 52
91 53
92 401
93 767
94 54
95 210
96 323
97 651
98 771
99 787
100 55
101 412
102 447
103 56
104 57
105 58
106 105
107 580
108 609
109 615
110 59
111 61
112 485
113 62
114 63
115 64
116 239
117 543
118 619
119 65
120 66
121 282
122 540
123 67
124 391
125 68
126 604
127 69
128 441
129 70
130 206
131 71
132 72
133 449
134 558
135 797
136 73
137 544
138 586
139 74
140 84
141 583
142 75
143 88
144 76
145 659
146 77
147 78
148 603
149 79
150 257
151 80
152 347
153 423
154 527
155 81
156 82
157 83
158 284
159 85
160 86
161 130
162 162
163 300
164 415
165 498
166 696
167 737
168 743
169 258
170 89
171 155
172 156
173 90
174 330
175 91
176 92
177 550
178 93
179 195
180 675
181 94
182 334
183 456
184 693
185 734
186 736
187 95
188 96
189 661
190 97
191 98
192 100
193 101
194 109
195 102
196 306
197 484
198 608
199 103
200 104
201 106
202 541
203 107
204 108
205 124
206 133
207 153
208 176
209 236
210 289
211 318
212 426
213 459
214 519
215 563
216 610
217 567
218 110
219 758
220 111
221 487
222 112
223 747
224 113
225 114
226 115
227 116
228 259
229 117
230 255
231 388
232 446
233 454
234 554
235 581
236 118
237 379
238 646
239 119
240 483
241 514
242 120
243 589
244 802
245 121
246 458
247 125
248 126
249 127
250 233
251 370
252 392
253 128
254 701
255 129
256 131
257 479
258 132
259 399
260 452
261 406
262 134
263 137
264 135
265 136
266 138
267 660
268 582
269 623
270 140
271 740
272 141
273 525
274 142
275 316
276 143
277 145
278 213
279 144
280 537
281 146
282 147
283 378
284 381
285 602
286 148
287 149
288 310
289 150
290 151
291 326
292 364
293 154
294 157
295 180
296 159
297 277
298 553
299 745
300 160
301 161
302 211
303 164
304 165
305 271
306 166
307 168
308 167
309 169
310 170
311 775
312 790
313 171
314 240
315 512
316 756
317 172
318 687
319 173
320 629
321 174
322 231
323 726
324 177
325 178
326 197
327 179
328 791
329 181
330 183
331 182
332 520
333 184
334 297
335 185
336 186
337 187
338 188
339 564
340 189
341 491
342 190
343 382
344 191
345 192
346 193
347 473
348 194
349 442
350 196
351 198
352 420
353 199
354 200
355 570
356 353
357 202
358 203
359 204
360 205
361 207
362 209
363 356
364 212
365 214
366 215
367 216
368 243
369 217
370 482
371 781
372 792
373 218
374 219
375 376
376 220
377 221
378 222
379 744
380 223
381 224
382 225
383 226
384 534
385 227
386 322
387 228
388 229
389 549
390 577
391 230
392 232
393 387
394 551
395 234
396 235
397 237
398 238
399 241
400 242
401 565
402 244
403 782
404 245
405 246
406 247
407 248
408 621
409 249
410 250
411 253
412 251
413 711
414 252
415 254
416 256
417 365
418 260
419 261
420 262
421 732
422 263
423 472
424 264
425 265
426 578
427 809
428 266
429 670
430 267
431 268
432 321
433 418
434 270
435 638
436 272
437 374
438 273
439 748
440 749
441 274
442 805
443 275
444 276
445 278
446 304
447 502
448 666
449 280
450 746
451 283
452 285
453 287
454 618
455 288
456 328
457 290
458 291
459 292
460 293
461 294
462 295
463 296
464 607
465 298
466 299
467 634
468 301
469 350
470 719
471 302
472 303
473 305
474 308
475 329
476 417
477 542
478 573
479 655
480 656
481 307
482 383
483 309
484 352
485 343
486 690
487 311
488 312
489 313
490 314
491 408
492 315
493 766
494 317
495 319
496 348
497 320
498 324
499 325
500 327
501 331
502 665
503 333
504 335
505 336
506 337
507 338
508 339
509 584
510 340
511 613
512 341
513 342
514 389
515 344
516 345
517 346
518 419
519 465
520 349
521 351
522 354
523 355
524 657
525 357
526 358
527 359
528 360
529 361
530 362
531 363
532 366
533 367
534 428
535 368
536 385
537 369
538 720
539 371
540 626
541 372
542 413
543 375
544 672
545 678
546 377
547 477
548 380
549 384
550 386
551 704
552 390
553 493
554 739
555 393
556 394
557 640
558 395
559 396
560 397
561 730
562 398
563 400
564 776
565 402
566 464
567 806
568 403
569 404
570 405
571 505
572 409
573 695
574 407
575 676
576 410
577 411
578 414
579 593
580 416
581 421
582 545
583 422
584 436
585 424
586 425
587 427
588 523
589 705
590 794
591 430
592 431
593 432
594 433
595 434
596 486
597 435
598 668
599 718
600 437
601 438
602 439
603 725
604 440
605 671
606 627
607 443
608 488
609 515
610 444
611 445
612 448
613 450
614 451
615 453
616 455
617 667
618 460
619 461
620 462
621 463
622 466
623 467
624 647
625 468
626 620
627 469
628 470
629 471
630 559
631 474
632 475
633 478
634 480
635 481
636 489
637 490
638 688
639 492
640 494
641 495
642 496
643 497
644 499
645 500
646 501
647 576
648 503
649 504
650 506
651 508
652 509
653 510
654 511
655 513
656 516
657 517
658 521
659 522
660 552
661 524
662 526
663 803
664 528
665 529
666 530
667 531
668 532
669 533
670 535
671 536
672 538
673 539
674 546
675 547
676 548
677 685
678 555
679 556
680 557
681 774
682 560
683 561
684 562
685 566
686 631
687 760
688 568
689 569
690 571
691 572
692 643
693 574
694 575
695 579
696 585
697 587
698 590
699 642
700 591
701 592
702 663
703 594
704 595
705 597
706 637
707 599
708 600
709 601
710 716
711 795
712 605
713 611
714 612
715 614
716 616
717 617
718 622
719 624
720 625
721 628
722 630
723 632
724 635
725 636
726 783
727 808
728 639
729 765
730 641
731 728
732 645
733 648
734 649
735 650
736 653
737 658
738 807
739 662
740 664
741 729
742 669
743 673
744 674
745 677
746 679
747 680
748 681
749 682
750 683
751 684
752 686
753 689
754 691
755 692
756 763
757 694
758 699
759 700
760 735
761 777
762 779
763 702
764 801
765 703
766 706
767 707
768 708
769 709
770 712
771 713
772 715
773 717
774 721
775 722
776 724
777 727
778 731
779 759
780 751
781 741
782 742
783 750
784 752
785 753
786 754
787 755
788 757
789 761
790 762
791 796
792 764
793 768
794 769
795 770
796 772
797 773
798 778
799 780
800 784
801 785
802 786
803 788
804 789
805 793
806 800
807 798
808 799
809 804
810 810
811 811
812 812
813 813
814 814
815 815
816 816
817 817
818 818
819 819
820 820
821 821
822 822
823 823
824 824
825 825
826 826
827 827
828 828
829 829
830 830
831 831
832 832
833 833
834 834
835 835
836 836
837 837
838 868
839 838
840 839
841 840
842 841
843 842
844 843
845 844
846 845
847 846
848 847
849 848
850 849
851 850
852 851
853 852
854 853
855 857
856 854
857 855
858 856
859 858
860 859
861 860
862 861
863 862
864 863
865 864
866 865
867 866
868 871
869 867
870 869
871 870
872 872
873 873
874 874
875 876
876 877
877 885
878 878
879 879
880 880
881 881
882 882
883 933
884 883
885 884
886 886
887 910
888 887
889 888
890 889
891 890
892 891
893 892
894 911
895 893
896 894
897 895
898 896
899 897
900 898
901 899
902 900
903 901
904 902
905 903
906 904
907 905
908 906
909 907
910 908
911 909
912 912
913 913
914 914
915 915
916 916
917 917
918 918
919 919
920 920
921 921
922 922
923 923
924 924
925 925
926 926
927 927
928 928
929 929
930 930
931 931
932 932
933 934
934 935
935 936
936 937
937 938
938 939
939 940
940 941
941 942
942 944
943 945
944 946
945 947
946 948
947 949
948 950
949 951
950 952
951 953
952 954
953 955
954 956
955 957
956 958
957 959
958 960
959 961
960 962
961 963
962 965
963 964
964 966
965 967
966 968
967 969
968 970
969 971
970 1000
971 972
972 973
973 974
974 975
975 998
976 976
977 977
978 978
979 979
980 980
981 981
982 982
983 983
984 984
985 985
986 986
987 987
988 988
989 989
990 990
991 991
992 992
993 993
994 994
995 995
996 996
997 997
998 999
999 1001
1000 1002
1001 1003
1002 1004
1003 1005
1004 1006
1005 1007
1006 1008
1007 1009
1008 1010
1009 1011
1010 1012
1011 1013
1012 1014
1013 1015
1014 1016
1015 1018
1016 1019
1017 1020
1018 1021
1019 1022
1020 1023
1021 1024
1022 1042
1023 1025
1024 1026
1025 1027
1026 1028
1027 1029
1028 1030
1029 1031
1030 1032
1031 1033
1032 1034
1033 1035
1034 1036
1035 1037
1036 1038
1037 1039
1038 1040
1039 1041
1040 1047
1041 1043
1042 1044
1043 1045
1044 1046
1045 1048
1046 1049
1047 1081
1048 1050
1049 1051
1050 1052
1051 1053
1052 1054
1053 1055
1054 1056
1055 1057
1056 1058
1057 1059
1058 1060
1059 1061
1060 1062
1061 1063
1062 1064
1063 1096
1064 1065
1065 1066
1066 1067
1067 1068
1068 1069
1069 1072
1070 1070
1071 1071
1072 1073
1073 1074
1074 1075
1075 1076
1076 1077
1077 1078
1078 1079
1079 1080
1080 1082
1081 1083
1082 1084
1083 1085
1084 1086
1085 1087
1086 1089
1087 1088
1088 1093
1089 1090
1090 1091
1091 1092
1092 1094
1093 1095
1094 1098
1095 1099
1096 1100
1097 1101
1098 1102
1099 1123
1100 1103
1101 1104
1102 1105
1103 1106
1104 1107
1105 1108
1106 1109
1107 1120
1108 1110
1109 1119
1110 1111
1111 1112
1112 1113
1113 1114
1114 1115
1115 1116
1116 1117
1117 1118
1118 1131
1119 1121
1120 1122
1121 1124
1122 1125
1123 1126
1124 1127
1125 1128
1126 1129
1127 1130
1128 1133
1129 1132
1130 1134
1131 1135
1132 1136
1133 1137
1134 1138
1135 1139
1136 1140
1137 1141
1138 1142
1139 1143
1140 1144
1141 1169
1142 1145
1143 1146
1144 1147
1145 1148
1146 1149
1147 1150
1148 1151
1149 1152
1150 1153
1151 1154
1152 1155
1153 1156
1154 1157
1155 1158
1156 1159
1157 1160
1158 1161
1159 1162
1160 1163
1161 1164
1162 1165
1163 1166
1164 1167
1165 1168
1166 1170
1167 1171
1168 1172
1169 1173
1170 1174
1171 1175
1172 1176
1173 1177
1174 1178
1175 1179
1176 1180
1177 1181
1178 1182
1179 1190
1180 1184
1181 1185
1182 1186
1183 1188
1184 1187
1185 1189
1186 1191
1187 1192
1188 1193
1189 1194
1190 1195
1191 1196
1192 1197
1193 1198
1194 1214
1195 1199
1196 1200
1197 1201
1198 1202
1199 1215
1200 1203
1201 1204
1202 1205
1203 1257
1204 1206
1205 1207
1206 1208
1207 1209
1208 1210
1209 1211
1210 1212
1211 1213
1212 1216
1213 1217
1214 1218
1215 1219
1216 1220
1217 1221
1218 1224
1219 1222
1220 1223
1221 1225
1222 1226
1223 1269
1224 1227
1225 1228
1226 1254
1227 1229
1228 1230
1229 1231
1230 1232
1231 1233
1232 1234
1233 1235
1234 1236
1235 1237
1236 1238
1237 1239
1238 1240
1239 1241
1240 1242
1241 1243
1242 1244
1243 1245
1244 1246
1245 1247
1246 1248
1247 1249
1248 1250
1249 1251
1250 1252
1251 1253
1252 1255
1253 1256
1254 1258
1255 1259
1256 1260
1257 1261
1258 1262
1259 1263
1260 1264
1261 1265
1262 1266
1263 1267
1264 1268
1265 1270
1266 1271
1267 1272
1268 1273
1269 1274
1270 1276
1271 1277
1272 1278
1273 1279
1274 1280
1275 1358
1276 1281
1277 1283
1278 1282
1279 1284
1280 1285
1281 1286
1282 1287
1283 1309
1284 1288
1285 1289
1286 1290
1287 1291
1288 1317
1289 1292
1290 1293
1291 1294
1292 1295
1293 1296
1294 1297
1295 1298
1296 1299
1297 1300
1298 1315
1299 1316
1300 1301
1301 1302
1302 1303
1303 1304
1304 1305
1305 1306
1306 1307
1307 1308
1308 1338
1309 1310
1310 1312
1311 1313
1312 1311
1313 1314
1314 1318
1315 1319
1316 1349
1317 1320
1318 1321
1319 1322
1320 1323
1321 1324
1322 1325
1323 1326
1324 1328
1325 1327
1326 1329
1327 1330
1328 1331
1329 1332
1330 1333
1331 1334
1332 1335
1333 1336
1334 1337
1335 1339
1336 1340
1337 1341
1338 1342
1339 1343
1340 1344
1341 1345
1342 1346
1343 1347
1344 1348
1345 1350
1346 1362
1347 1351
1348 1352
1349 1353
1350 1354
1351 1355
1352 1356
1353 1357
1354 1359
1355 1360
1356 1361
1357 1372
1358 1363
1359 1364
1360 1365
1361 1366
1362 1367
1363 1368
1364 1369
1365 1370
1366 1371
1367 1373
1368 1374
