136 875
134 875
834 875
875 875
875 875
875 136
875 134
875 834
875 875
875 875
876 876
876 876
876 876
876 876
584 878
877 878
878 878
878 878
878 584
878 877
878 878
878 878
560 879
879 879
879 879
879 560
879 879
879 879
880 880
880 880
880 880
880 880
881 881
881 881
881 881
881 881
882 882
882 882
882 882
882 882
385 884
108 884
320 884
883 884
884 884
884 884
884 385
884 108
884 320
884 883
884 884
884 884
170 885
75 885
885 885
885 885
885 170
885 75
885 885
885 885
584 877
97 877
316 877
878 877
877 877
877 877
877 584
877 97
877 316
877 878
877 877
877 877
718 886
886 886
886 886
886 718
886 886
886 886
116 888
196 888
887 888
888 888
888 888
888 116
888 196
888 887
888 888
888 888
715 889
889 889
889 889
889 715
889 889
889 889
806 890
820 890
890 890
890 890
890 806
890 820
890 890
890 890
891 891
891 891
891 891
891 891
732 892
892 892
892 892
892 732
892 892
892 892
288 893
893 893
893 893
893 288
893 893
893 893
435 895
726 895
814 895
894 895
895 895
895 895
895 435
895 726
895 814
895 894
895 895
895 895
557 896
896 896
896 896
896 557
896 896
896 896
61 897
604 897
897 897
897 897
897 61
897 604
897 897
897 897
519 898
898 898
898 898
898 519
898 898
898 898
281 899
899 899
899 899
899 281
899 899
899 899
176 900
900 900
900 900
900 176
900 900
900 900
334 901
901 901
901 901
901 334
901 901
901 901
728 902
811 902
902 902
902 902
902 728
902 811
902 902
902 902
778 903
903 903
903 903
903 778
903 903
903 903
904 904
904 904
904 904
904 904
232 905
905 905
905 905
905 232
905 905
905 905
258 906
237 906
202 906
624 906
906 906
906 906
906 258
906 237
906 202
906 624
906 906
906 906
514 907
907 907
907 907
907 514
907 907
907 907
390 908
908 908
908 908
908 390
908 908
908 908
909 909
909 909
909 909
909 909
796 910
910 910
910 910
910 796
910 910
910 910
611 911
911 911
911 911
911 611
911 911
911 911
30 887
116 887
196 887
888 887
887 887
887 887
887 30
887 116
887 196
887 888
887 887
887 887
59 894
895 894
894 894
894 894
894 59
894 895
894 894
894 894
912 912
912 912
912 912
912 912
376 913
913 913
913 913
913 376
913 913
913 913
289 914
914 914
914 914
914 289
914 914
914 914
915 915
915 915
915 915
915 915
916 916
916 916
916 916
916 916
917 917
917 917
917 917
917 917
918 918
918 918
918 918
918 918
919 919
919 919
919 919
919 919
275 920
920 920
920 920
920 275
920 920
920 920
921 921
921 921
921 921
921 921
922 922
922 922
922 922
922 922
626 923
923 923
923 923
923 626
923 923
923 923
435 924
727 924
924 924
924 924
924 435
924 727
924 924
924 924
925 925
925 925
925 925
925 925
926 926
926 926
926 926
926 926
29 927
927 927
927 927
927 29
927 927
927 927
500 928
928 928
928 928
928 500
928 928
928 928
929 929
929 929
929 929
929 929
548 930
547 930
930 930
930 930
930 548
930 547
930 930
930 930
931 931
931 931
931 931
931 931
739 932
932 932
932 932
932 739
932 932
932 932
384 883
884 883
883 883
883 883
883 384
883 884
883 883
883 883
181 933
933 933
933 933
933 181
933 933
933 933
614 934
189 934
856 934
934 934
934 934
934 614
934 189
934 856
934 934
934 934
405 935
935 935
935 935
935 405
935 935
935 935
936 936
936 936
936 936
936 936
454 937
937 937
937 937
937 454
937 937
937 937
938 938
938 938
938 938
938 938
939 939
939 939
939 939
939 939
940 940
940 940
940 940
940 940
941 941
941 941
941 941
941 941
