218 1590
1195 1590
1275 1590
1590 1590
1590 1590
1590 218
1590 1195
1590 1275
1590 1590
1590 1590
1057 1591
1591 1591
1591 1591
1591 1057
1591 1591
1591 1591
1592 1592
1592 1592
1592 1592
1592 1592
11 1593
187 1593
192 1593
492 1593
1201 1593
1411 1593
1593 1593
1593 1593
1593 11
1593 187
1593 192
1593 492
1593 1201
1593 1411
1593 1593
1593 1593
966 1594
1594 1594
1594 1594
1594 966
1594 1594
1594 1594
80 1595
904 1595
1279 1595
1275 1595
1595 1595
1595 1595
1595 80
1595 904
1595 1279
1595 1275
1595 1595
1595 1595
1052 1596
1596 1596
1596 1596
1596 1052
1596 1596
1596 1596
292 1597
792 1597
819 1597
1597 1597
1597 1597
1597 292
1597 792
1597 819
1597 1597
1597 1597
1095 1598
1217 1598
1536 1598
1598 1598
1598 1598
1598 1095
1598 1217
1598 1536
1598 1598
1598 1598
674 1599
1599 1599
1599 1599
1599 674
1599 1599
1599 1599
1600 1600
1600 1600
1600 1600
1600 1600
402 1601
488 1601
401 1601
318 1601
1601 1601
1601 1601
1601 402
1601 488
1601 401
1601 318
1601 1601
1601 1601
1456 1602
1602 1602
1602 1602
1602 1456
1602 1602
1602 1602
792 1603
1603 1603
1603 1603
1603 792
1603 1603
1603 1603
1352 1604
1604 1604
1604 1604
1604 1352
1604 1604
1604 1604
95 1606
1605 1606
1606 1606
1606 1606
1606 95
1606 1605
1606 1606
1606 1606
1607 1608
1608 1608
1608 1608
1608 1607
1608 1608
1608 1608
103 1609
236 1609
101 1609
102 1609
673 1609
235 1609
1396 1609
1609 1609
1609 1609
1609 103
1609 236
1609 101
1609 102
1609 673
1609 235
1609 1396
1609 1609
1609 1609
439 1610
1610 1610
1610 1610
1610 439
1610 1610
1610 1610
65 1611
1013 1611
1139 1611
1420 1611
1611 1611
1611 1611
1611 65
1611 1013
1611 1139
1611 1420
1611 1611
1611 1611
252 1612
1436 1612
1612 1612
1612 1612
1612 252
1612 1436
1612 1612
1612 1612
527 1613
782 1613
907 1613
1275 1613
1475 1613
1613 1613
1613 1613
1613 527
1613 782
1613 907
1613 1275
1613 1475
1613 1613
1613 1613
1187 1614
1419 1614
1614 1614
1614 1614
1614 1187
1614 1419
1614 1614
1614 1614
205 1615
1265 1615
1285 1615
1615 1615
1615 1615
1615 205
1615 1265
1615 1285
1615 1615
1615 1615
195 1616
222 1616
248 1616
206 1616
30 1616
207 1616
490 1616
469 1616
549 1616
260 1616
213 1616
477 1616
679 1616
235 1616
198 1616
267 1616
470 1616
888 1616
887 1616
980 1616
1140 1616
1249 1616
1553 1616
1554 1616
1616 1616
1616 1616
1616 195
1616 222
1616 248
1616 206
1616 30
1616 207
1616 490
1616 469
1616 549
1616 260
1616 213
1616 477
1616 679
1616 235
1616 198
1616 267
1616 470
1616 888
1616 887
1616 980
1616 1140
1616 1249
1616 1553
1616 1554
1616 1616
1616 1616
194 1618
494 1618
549 1618
572 1618
243 1618
888 1618
1191 1618
1499 1618
1617 1618
1618 1618
1618 1618
1618 194
1618 494
1618 549
1618 572
1618 243
1618 888
1618 1191
1618 1499
1618 1617
1618 1618
1618 1618
1011 1619
1283 1619
1619 1619
1619 1619
1619 1011
1619 1283
1619 1619
1619 1619
95 1620
1620 1620
1620 1620
1620 95
1620 1620
1620 1620
110 1621
1227 1621
1307 1621
1621 1621
1621 1621
1621 110
1621 1227
1621 1307
1621 1621
1621 1621
119 1623
187 1623
274 1623
273 1623
705 1623
1022 1623
1116 1623
1135 1623
1533 1623
1622 1623
1623 1623
1623 1623
1623 119
1623 187
1623 274
1623 273
1623 705
1623 1022
1623 1116
1623 1135
1623 1533
1623 1622
1623 1623
1623 1623
9 1626
1624 1626
1625 1626
1626 1626
1626 1626
1626 9
1626 1625
1626 1624
1626 1626
1626 1626
167 1627
1223 1627
1627 1627
1627 1627
1627 167
1627 1223
1627 1627
1627 1627
186 1628
1628 1628
1628 1628
1628 186
1628 1628
1628 1628
27 1629
292 1629
1629 1629
1629 1629
1629 27
1629 292
1629 1629
1629 1629
1063 1630
1630 1630
1630 1630
1630 1063
1630 1630
1630 1630
35 1631
156 1631
1048 1631
1316 1631
1455 1631
1631 1631
1631 1631
1631 35
1631 156
1631 1048
1631 1316
1631 1455
1631 1631
1631 1631
756 1622
1155 1622
1623 1622
1622 1622
1622 1622
1622 756
1622 1155
1622 1623
1622 1622
1622 1622
28 1633
39 1633
1632 1633
1633 1633
1633 1633
1633 28
1633 39
1633 1632
1633 1633
1633 1633
763 1634
1634 1634
1634 1634
1634 763
1634 1634
1634 1634
831 1635
1635 1635
1635 1635
1635 831
1635 1635
1635 1635
324 1637
1636 1637
1637 1637
1637 1637
1637 324
1637 1636
1637 1637
1637 1637
62 1638
196 1638
469 1638
1638 1638
1638 1638
1638 62
1638 196
1638 469
1638 1638
1638 1638
706 1639
833 1639
1639 1639
1639 1639
1639 706
1639 833
1639 1639
1639 1639
602 1640
1640 1640
1640 1640
1640 602
1640 1640
1640 1640
496 1641
1641 1641
1641 1641
1641 496
1641 1641
1641 1641
164 1642
1011 1642
1642 1642
1642 1642
1642 164
1642 1011
1642 1642
1642 1642
711 1643
989 1643
1339 1643
1501 1643
1643 1643
1643 1643
1643 711
1643 989
1643 1339
1643 1501
1643 1643
1643 1643
1275 1644
1464 1644
1644 1644
1644 1644
1644 1275
1644 1464
1644 1644
1644 1644
204 1645
1497 1645
1645 1645
1645 1645
1645 204
1645 1497
1645 1645
1645 1645
1208 1646
1646 1646
1646 1646
1646 1208
1646 1646
1646 1646
181 1647
1647 1647
1647 1647
1647 181
1647 1647
1647 1647
203 1648
969 1648
1112 1648
1355 1648
1648 1648
1648 1648
1648 203
1648 969
1648 1112
1648 1355
1648 1648
1648 1648
196 1649
1246 1649
1649 1649
1649 1649
1649 196
1649 1246
1649 1649
1649 1649
165 1650
126 1650
603 1650
1650 1650
1650 1650
1650 165
1650 126
1650 603
1650 1650
1650 1650
76 1651
170 1651
1092 1651
1364 1651
1577 1651
1651 1651
1651 1651
1651 76
1651 170
1651 1092
1651 1364
1651 1577
1651 1651
1651 1651
835 1652
1560 1652
1652 1652
1652 1652
1652 835
1652 1560
1652 1652
1652 1652
21 1653
287 1653
1119 1653
1118 1653
1404 1653
1653 1653
1653 1653
1653 21
1653 287
1653 1119
1653 1118
1653 1404
1653 1653
1653 1653
196 1654
1362 1654
1654 1654
1654 1654
1654 196
1654 1362
1654 1654
1654 1654
1547 1655
1655 1655
1655 1655
1655 1547
1655 1655
1655 1655
143 1656
1656 1656
1656 1656
1656 143
1656 1656
1656 1656
9 1624
1626 1624
1624 1624
1624 1624
1624 9
1624 1626
1624 1624
1624 1624
1218 1657
1287 1657
1657 1657
1657 1657
1657 1218
1657 1287
1657 1657
1657 1657
194 1658
233 1658
1011 1658
1658 1658
1658 1658
1658 194
1658 233
1658 1011
1658 1658
1658 1658
84 1660
1659 1660
1660 1660
1660 1660
1660 84
1660 1659
1660 1660
1660 1660
1109 1661
1456 1661
1661 1661
1661 1661
1661 1109
1661 1456
1661 1661
1661 1661
616 1662
464 1662
801 1662
1662 1662
1662 1662
1662 616
1662 464
1662 801
1662 1662
1662 1662
960 1607
1608 1607
1632 1607
1607 1607
1607 1607
1607 960
1607 1608
1607 1632
1607 1607
1607 1607
2 1659
84 1659
85 1659
45 1659
1660 1659
1659 1659
1659 1659
1659 2
1659 84
1659 85
1659 45
1659 1660
1659 1659
1659 1659
162 1663
601 1663
97 1663
1663 1663
1663 1663
1663 162
1663 601
1663 97
1663 1663
1663 1663
523 1664
1522 1664
1664 1664
1664 1664
1664 523
1664 1522
1664 1664
1664 1664
65 1665
1474 1665
1665 1665
1665 1665
1665 65
1665 1474
1665 1665
1665 1665
206 1666
472 1666
474 1666
214 1666
1342 1666
1666 1666
1666 1666
1666 206
1666 472
1666 474
1666 214
1666 1342
1666 1666
1666 1666
95 1605
1606 1605
1605 1605
1605 1605
1605 95
1605 1606
1605 1605
1605 1605
336 1667
1667 1667
1667 1667
1667 336
1667 1667
1667 1667
1668 1668
1668 1668
1668 1668
1668 1668
892 1669
1669 1669
1669 1669
1669 892
1669 1669
1669 1669
1011 1671
1073 1671
1670 1671
1671 1671
1671 1671
1671 1011
1671 1073
1671 1670
1671 1671
1671 1671
1073 1670
1479 1670
1671 1670
1670 1670
1670 1670
1670 1073
1670 1479
1670 1671
1670 1670
1670 1670
143 1672
344 1672
164 1672
1283 1672
1672 1672
1672 1672
1672 143
1672 344
1672 164
1672 1283
1672 1672
1672 1672
833 1673
1673 1673
1673 1673
1673 833
1673 1673
1673 1673
1245 1674
1299 1674
1674 1674
1674 1674
1674 1245
1674 1299
1674 1674
1674 1674
1675 1675
1675 1675
1675 1675
1675 1675
574 1676
572 1676
213 1676
573 1676
946 1676
1010 1676
1676 1676
1676 1676
1676 574
1676 572
1676 213
1676 573
1676 946
1676 1010
1676 1676
1676 1676
574 1677
573 1677
78 1677
946 1677
1010 1677
1677 1677
1677 1677
1677 574
1677 573
1677 78
1677 946
1677 1010
1677 1677
1677 1677
329 1678
1458 1678
1678 1678
1678 1678
1678 329
1678 1458
1678 1678
1678 1678
1679 1679
1679 1679
1679 1679
1679 1679
735 1680
955 1680
1680 1680
1680 1680
1680 735
1680 955
1680 1680
1680 1680
1681 1681
1681 1681
1681 1681
1681 1681
47 1683
405 1683
1001 1683
1682 1683
1683 1683
1683 1683
1683 47
1683 405
1683 1001
1683 1682
1683 1683
1683 1683
1432 1636
1637 1636
1636 1636
1636 1636
1636 1432
1636 1637
1636 1636
1636 1636
171 1684
172 1684
1684 1684
1684 1684
1684 171
1684 172
1684 1684
1684 1684
236 1685
1685 1685
1685 1685
1685 236
1685 1685
1685 1685
759 1686
1686 1686
1686 1686
1686 759
1686 1686
1686 1686
317 1687
314 1687
458 1687
648 1687
315 1687
693 1687
316 1687
1418 1687
1462 1687
1465 1687
1509 1687
1687 1687
1687 1687
1687 317
1687 314
1687 458
1687 648
1687 315
1687 693
1687 316
1687 1418
1687 1462
1687 1465
1687 1509
1687 1687
1687 1687
595 1688
962 1688
1384 1688
1519 1688
1688 1688
1688 1688
1688 595
1688 962
1688 1384
1688 1519
1688 1688
1688 1688
503 1689
1689 1689
1689 1689
1689 503
1689 1689
1689 1689
444 1690
1457 1690
1690 1690
1690 1690
1690 444
1690 1457
1690 1690
1690 1690
1691 1692
1692 1692
1692 1692
1692 1691
1692 1692
1692 1692
1109 1693
1517 1693
1693 1693
1693 1693
1693 1109
1693 1517
1693 1693
1693 1693
280 1694
1694 1694
1694 1694
1694 280
1694 1694
1694 1694
197 1695
1064 1695
1499 1695
1695 1695
1695 1695
1695 197
1695 1064
1695 1499
1695 1695
1695 1695
1436 1696
1696 1696
1696 1696
1696 1436
1696 1696
1696 1696
23 1632
28 1632
276 1632
294 1632
24 1632
38 1632
360 1632
366 1632
367 1632
383 1632
322 1632
392 1632
396 1632
419 1632
211 1632
504 1632
485 1632
580 1632
623 1632
668 1632
675 1632
215 1632
0 1632
740 1632
758 1632
741 1632
93 1632
800 1632
870 1632
874 1632
1020 1632
1050 1632
1074 1632
1096 1632
1210 1632
1239 1632
1296 1632
1320 1632
1331 1632
1334 1632
1435 1632
1447 1632
1472 1632
1633 1632
1607 1632
1632 1632
1632 1632
1632 23
1632 28
1632 276
1632 294
1632 24
1632 38
1632 360
1632 366
1632 367
1632 383
1632 322
1632 392
1632 396
1632 419
1632 211
1632 504
1632 485
1632 580
1632 623
1632 668
1632 675
1632 215
1632 0
1632 740
1632 758
1632 741
1632 93
1632 800
1632 870
1632 874
1632 1020
1632 1050
1632 1074
1632 1096
1632 1210
1632 1239
1632 1296
1632 1320
1632 1331
1632 1334
1632 1435
1632 1447
1632 1472
1632 1633
1632 1607
1632 1632
1632 1632
36 1698
621 1698
1232 1698
1238 1698
1360 1698
1697 1698
1698 1698
1698 1698
1698 36
1698 621
1698 1232
1698 1238
1698 1360
1698 1697
1698 1698
1698 1698
36 1697
621 1697
779 1697
804 1697
961 1697
1232 1697
1360 1697
1413 1697
1698 1697
1697 1697
1697 1697
1697 36
1697 621
1697 779
1697 804
1697 961
1697 1232
1697 1360
1697 1413
1697 1698
1697 1697
1697 1697
482 1699
1699 1699
1699 1699
1699 482
1699 1699
1699 1699
196 1617
221 1617
1188 1617
1285 1617
1618 1617
1617 1617
1617 1617
1617 196
1617 221
1617 1188
1617 1285
1617 1618
1617 1617
1617 1617
134 1700
1700 1700
1700 1700
1700 134
1700 1700
1700 1700
1436 1701
1701 1701
1701 1701
1701 1436
1701 1701
1701 1701
623 1702
873 1702
1275 1702
1702 1702
1702 1702
1702 623
1702 873
1702 1275
1702 1702
1702 1702
1275 1703
1703 1703
1703 1703
1703 1275
1703 1703
1703 1703
541 1704
634 1704
318 1704
1275 1704
1704 1704
1704 1704
1704 541
1704 634
1704 318
1704 1275
1704 1704
1704 1704
1275 1625
1626 1625
1625 1625
1625 1625
1625 1275
1625 1626
1625 1625
1625 1625
1275 1705
1705 1705
1705 1705
1705 1275
1705 1705
1705 1705
143 1691
1275 1691
1692 1691
1691 1691
1691 1691
1691 143
1691 1275
1691 1692
1691 1691
1691 1691
1151 1706
1141 1706
1275 1706
1706 1706
1706 1706
1706 1151
1706 1141
1706 1275
1706 1706
1706 1706
105 1707
1151 1707
1275 1707
1707 1707
1707 1707
1707 105
1707 1151
1707 1275
1707 1707
1707 1707
1195 1708
1194 1708
1275 1708
1708 1708
1708 1708
1708 1195
1708 1194
1708 1275
1708 1708
1708 1708
1113 1709
1275 1709
1709 1709
1709 1709
1709 1113
1709 1275
1709 1709
1709 1709
1100 1710
1275 1710
1425 1710
1710 1710
1710 1710
1710 1100
1710 1275
1710 1425
1710 1710
1710 1710
1141 1711
1288 1711
1275 1711
1711 1711
1711 1711
1711 1141
1711 1288
1711 1275
1711 1711
1711 1711
1141 1712
1288 1712
1275 1712
1712 1712
1712 1712
1712 1141
1712 1288
1712 1275
1712 1712
1712 1712
106 1682
387 1682
318 1682
753 1682
1275 1682
1683 1682
1682 1682
1682 1682
1682 106
1682 387
1682 318
1682 753
1682 1275
1682 1683
1682 1682
1682 1682
210 1713
488 1713
1275 1713
1713 1713
1713 1713
1713 210
1713 488
1713 1275
1713 1713
1713 1713
