412 812
67 812
812 812
812 812
812 412
812 67
812 812
812 812
508 813
813 813
813 813
813 508
813 813
813 813
814 814
814 814
814 814
814 814
100 815
143 815
815 815
815 815
815 100
815 143
815 815
815 815
242 816
584 816
240 816
816 816
816 816
816 242
816 584
816 240
816 816
816 816
173 817
171 817
172 817
376 817
377 817
817 817
817 817
817 173
817 171
817 172
817 376
817 377
817 817
817 817
164 818
818 818
818 818
818 164
818 818
818 818
293 819
292 819
735 819
819 819
819 819
819 293
819 292
819 735
819 819
819 819
806 820
820 820
820 820
820 806
820 820
820 820
378 821
821 821
821 821
821 378
821 821
821 821
763 822
822 822
822 822
822 763
822 822
822 822
635 823
823 823
823 823
823 635
823 823
823 823
824 824
824 824
824 824
824 824
825 825
825 825
825 825
825 825
637 826
216 826
826 826
826 826
826 637
826 216
826 826
826 826
498 827
827 827
827 827
827 498
827 827
827 827
610 828
828 828
828 828
828 610
828 828
828 828
829 829
829 829
829 829
829 829
189 830
830 830
830 830
830 189
830 830
830 830
265 831
781 831
831 831
831 831
831 265
831 781
831 831
831 831
832 832
832 832
832 832
832 832
325 833
361 833
516 833
833 833
833 833
833 325
833 361
833 516
833 833
833 833
256 834
750 834
834 834
834 834
834 256
834 750
834 834
834 834
835 835
835 835
835 835
835 835
214 836
768 836
836 836
836 836
836 214
836 768
836 836
836 836
837 837
837 837
837 837
837 837
400 839
434 839
53 839
838 839
839 839
839 839
839 400
839 434
839 53
839 838
839 839
839 839
112 840
840 840
840 840
840 112
840 840
840 840
841 841
841 841
841 841
841 841
143 842
842 842
842 842
842 143
842 842
842 842
73 843
236 843
301 843
843 843
843 843
843 73
843 236
843 301
843 843
843 843
571 844
676 844
844 844
844 844
844 571
844 676
844 844
844 844
424 845
423 845
845 845
845 845
845 424
845 423
845 845
845 845
275 846
39 846
493 846
846 846
846 846
846 275
846 39
846 493
846 846
846 846
438 847
437 847
847 847
847 847
847 438
847 437
847 847
847 847
848 848
848 848
848 848
848 848
387 849
849 849
849 849
849 387
849 849
849 849
556 850
390 850
850 850
850 850
850 556
850 390
850 850
850 850
770 851
851 851
851 851
851 770
851 851
851 851
143 852
164 852
852 852
852 852
852 143
852 164
852 852
852 852
853 853
853 853
853 853
853 853
854 854
854 854
854 854
854 854
358 856
515 856
628 856
855 856
856 856
856 856
856 358
856 515
856 628
856 855
856 856
856 856
811 857
857 857
857 857
857 811
857 857
857 857
858 858
858 858
858 858
858 858
358 855
628 855
856 855
855 855
855 855
855 358
855 628
855 856
855 855
855 855
859 859
859 859
859 859
859 859
221 860
790 860
860 860
860 860
860 221
860 790
860 860
860 860
861 861
861 861
861 861
861 861
187 862
862 862
862 862
862 187
862 862
862 862
66 863
78 863
863 863
863 863
863 66
863 78
863 863
863 863
66 864
65 864
590 864
864 864
864 864
864 66
864 65
864 590
864 864
864 864
200 865
865 865
865 865
865 200
865 865
865 865
866 866
866 866
866 866
866 866
68 867
867 867
867 867
867 68
867 867
867 867
524 869
868 869
869 869
869 869
869 524
869 868
869 869
869 869
839 838
838 838
838 838
838 839
838 838
838 838
392 870
39 870
870 870
870 870
870 392
870 39
870 870
870 870
390 871
871 871
871 871
871 390
871 871
871 871
524 868
869 868
868 868
868 868
868 524
868 869
868 868
868 868
872 872
872 872
872 872
872 872
419 873
93 873
873 873
873 873
873 419
873 93
873 873
873 873
874 874
874 874
874 874
874 874
