1179 1180
1180 1180
1180 1180
1180 1179
1180 1180
1180 1180
445 1181
1181 1181
1181 1181
1181 445
1181 1181
1181 1181
1182 1182
1182 1182
1182 1182
1182 1182
897 1184
1183 1184
1184 1184
1184 1184
1184 897
1184 1183
1184 1184
1184 1184
1184 1183
1183 1183
1183 1183
1183 1184
1183 1183
1183 1183
136 1185
134 1185
1132 1185
1185 1185
1185 1185
1185 136
1185 134
1185 1132
1185 1185
1185 1185
64 1179
1180 1179
1179 1179
1179 1179
1179 64
1179 1180
1179 1179
1179 1179
1186 1186
1186 1186
1186 1186
1186 1186
78 1187
1060 1187
1187 1187
1187 1187
1187 78
1187 1060
1187 1187
1187 1187
196 1188
1188 1188
1188 1188
1188 196
1188 1188
1188 1188
535 1189
1189 1189
1189 1189
1189 535
1189 1189
1189 1189
434 1190
53 1190
838 1190
1056 1190
1190 1190
1190 1190
1190 434
1190 53
1190 838
1190 1056
1190 1190
1190 1190
1059 1191
1191 1191
1191 1191
1191 1059
1191 1191
1191 1191
1192 1192
1192 1192
1192 1192
1192 1192
1022 1193
1193 1193
1193 1193
1193 1022
1193 1193
1193 1193
860 1195
881 1195
1194 1195
1195 1195
1195 1195
1195 860
1195 881
1195 1194
1195 1195
1195 1195
1196 1196
1196 1196
1196 1196
1196 1196
87 1197
1197 1197
1197 1197
1197 87
1197 1197
1197 1197
1198 1198
1198 1198
1198 1198
1198 1198
343 1200
585 1200
619 1200
1199 1200
1200 1200
1200 1200
1200 343
1200 585
1200 619
1200 1199
1200 1200
1200 1200
780 1201
1201 1201
1201 1201
1201 780
1201 1201
1201 1201
495 1202
1202 1202
1202 1202
1202 495
1202 1202
1202 1202
1203 1204
1204 1204
1204 1204
1204 1203
1204 1204
1204 1204
1098 1205
1205 1205
1205 1205
1205 1098
1205 1205
1205 1205
337 1206
1206 1206
1206 1206
1206 337
1206 1206
1206 1206
115 1207
1207 1207
1207 1207
1207 115
1207 1207
1207 1207
1208 1208
1208 1208
1208 1208
1208 1208
415 1209
67 1209
1209 1209
1209 1209
1209 415
1209 67
1209 1209
1209 1209
1210 1210
1210 1210
1210 1210
1210 1210
464 1211
1082 1211
1211 1211
1211 1211
1211 464
1211 1082
1211 1211
1211 1211
136 1194
506 1194
1195 1194
1194 1194
1194 1194
1194 136
1194 506
1194 1195
1194 1194
1194 1194
434 1199
1118 1199
1200 1199
1199 1199
1199 1199
1199 434
1199 1118
1199 1200
1199 1199
1199 1199
662 1212
1066 1212
1212 1212
1212 1212
1212 662
1212 1066
1212 1212
1212 1212
391 1213
559 1213
1213 1213
1213 1213
1213 391
1213 559
1213 1213
1213 1213
138 1214
1078 1214
1214 1214
1214 1214
1214 138
1214 1078
1214 1214
1214 1214
79 1215
147 1215
994 1215
1215 1215
1215 1215
1215 79
1215 147
1215 994
1215 1215
1215 1215
116 1216
1216 1216
1216 1216
1216 116
1216 1216
1216 1216
741 1217
981 1217
1217 1217
1217 1217
1217 741
1217 981
1217 1217
1217 1217
925 1219
1218 1219
1219 1219
1219 1219
1219 925
1219 1218
1219 1219
1219 1219
688 1220
1115 1220
1220 1220
1220 1220
1220 688
1220 1115
1220 1220
1220 1220
138 1218
749 1218
798 1218
762 1218
1108 1218
1118 1218
1219 1218
1218 1218
1218 1218
1218 138
1218 749
1218 798
1218 762
1218 1108
1218 1118
1218 1219
1218 1218
1218 1218
1221 1221
1221 1221
1221 1221
1221 1221
738 1222
1222 1222
1222 1222
1222 738
1222 1222
1222 1222
1223 1224
1224 1224
1224 1224
1224 1223
1224 1224
1224 1224
336 1225
1225 1225
1225 1225
1225 336
1225 1225
1225 1225
524 1227
869 1227
868 1227
1152 1227
1226 1227
1227 1227
1227 1227
1227 524
1227 869
1227 868
1227 1152
1227 1226
1227 1227
1227 1227
1048 1228
1228 1228
1228 1228
1228 1048
1228 1228
1228 1228
736 1229
1229 1229
1229 1229
1229 736
1229 1229
1229 1229
719 1230
1081 1230
1230 1230
1230 1230
1230 719
1230 1081
1230 1230
1230 1230
1231 1231
1231 1231
1231 1231
1231 1231
36 1232
1232 1232
1232 1232
1232 36
1232 1232
1232 1232
1109 1233
1233 1233
1233 1233
1233 1109
1233 1233
1233 1233
1234 1234
1234 1234
1234 1234
1234 1234
760 1235
554 1235
1235 1235
1235 1235
1235 760
1235 554
1235 1235
1235 1235
293 1236
1236 1236
1236 1236
1236 293
1236 1236
1236 1236
168 1237
1237 1237
1237 1237
1237 168
1237 1237
1237 1237
169 1238
766 1238
804 1238
1238 1238
1238 1238
1238 169
1238 766
1238 804
1238 1238
1238 1238
288 1239
1239 1239
1239 1239
1239 288
1239 1239
1239 1239
1097 1240
1240 1240
1240 1240
1240 1097
1240 1240
1240 1240
1039 1241
1147 1241
1241 1241
1241 1241
1241 1039
1241 1147
1241 1241
1241 1241
553 1242
1242 1242
1242 1242
1242 553
1242 1242
1242 1242
196 1243
477 1243
1140 1243
1243 1243
1243 1243
1243 196
1243 477
1243 1140
1243 1243
1243 1243
855 1244
1244 1244
1244 1244
1244 855
1244 1244
1244 1244
1245 1245
1245 1245
1245 1245
1245 1245
148 1246
1246 1246
1246 1246
1246 148
1246 1246
1246 1246
1247 1247
1247 1247
1247 1247
1247 1247
357 1248
456 1248
735 1248
1169 1248
1248 1248
1248 1248
1248 357
1248 456
1248 735
1248 1169
1248 1248
1248 1248
195 1249
196 1249
571 1249
1249 1249
1249 1249
1249 195
1249 196
1249 571
1249 1249
1249 1249
869 1250
1250 1250
1250 1250
1250 869
1250 1250
1250 1250
471 1251
474 1251
1251 1251
1251 1251
1251 471
1251 474
1251 1251
1251 1251
524 1226
1227 1226
1226 1226
1226 1226
1226 524
1226 1227
1226 1226
1226 1226
351 1252
1252 1252
1252 1252
1252 351
1252 1252
1252 1252
8 1253
704 1253
982 1253
1014 1253
1090 1253
1253 1253
1253 1253
1253 8
1253 704
1253 982
1253 1014
1253 1090
1253 1253
1253 1253
534 1203
639 1203
638 1203
996 1203
1071 1203
1131 1203
1204 1203
1203 1203
1203 1203
1203 534
1203 639
1203 638
1203 996
1203 1071
1203 1131
1203 1204
1203 1203
1203 1203
260 1254
571 1254
71 1254
1254 1254
1254 1254
1254 260
1254 571
1254 71
1254 1254
1254 1254
363 1255
1255 1255
1255 1255
1255 363
1255 1255
1255 1255
1256 1256
1256 1256
1256 1256
1256 1256
1257 1257
1257 1257
1257 1257
1257 1257
218 1258
340 1258
339 1258
217 1258
1069 1258
1258 1258
1258 1258
1258 218
1258 340
1258 339
1258 217
1258 1069
1258 1258
1258 1258
1259 1259
1259 1259
1259 1259
1259 1259
407 1260
607 1260
1260 1260
1260 1260
1260 407
1260 607
1260 1260
1260 1260
546 1261
78 1261
1261 1261
1261 1261
1261 546
1261 78
1261 1261
1261 1261
230 1262
1262 1262
1262 1262
1262 230
1262 1262
1262 1262
732 1263
624 1263
1263 1263
1263 1263
1263 732
1263 624
1263 1263
1263 1263
162 1264
1264 1264
1264 1264
1264 162
1264 1264
1264 1264
167 1223
785 1223
891 1223
1224 1223
1223 1223
1223 1223
1223 167
1223 785
1223 891
1223 1224
1223 1223
1223 1223
1265 1265
1265 1265
1265 1265
1265 1265
26 1266
707 1266
1089 1266
1088 1266
1266 1266
1266 1266
1266 26
1266 707
1266 1089
1266 1088
1266 1266
1266 1266
288 1267
1267 1267
1267 1267
1267 288
1267 1267
1267 1267
775 1268
1110 1268
1109 1268
1268 1268
1268 1268
1268 775
1268 1110
1268 1109
1268 1268
1268 1268
116 1269
1269 1269
1269 1269
1269 116
1269 1269
1269 1269
