793 1714
1275 1714
1714 1714
1714 1714
1714 793
1714 1275
1714 1714
1714 1714
110 1718
680 1718
721 1718
318 1718
1070 1718
1069 1718
1275 1718
1422 1718
1705 1718
1715 1718
1716 1718
1717 1718
1718 1718
1718 1718
1718 110
1718 680
1718 721
1718 318
1718 1070
1718 1069
1718 1275
1718 1422
1718 1705
1718 1715
1718 1716
1718 1717
1718 1718
1718 1718
1275 1719
1475 1719
1719 1719
1719 1719
1719 1275
1719 1475
1719 1719
1719 1719
338 1720
1275 1720
1706 1720
1720 1720
1720 1720
1720 338
1720 1275
1720 1706
1720 1720
1720 1720
959 1721
1275 1721
1721 1721
1721 1721
1721 959
1721 1275
1721 1721
1721 1721
524 1722
1011 1722
1275 1722
1561 1722
1619 1722
1722 1722
1722 1722
1722 524
1722 1011
1722 1275
1722 1561
1722 1619
1722 1722
1722 1722
1275 1723
1625 1723
1723 1723
1723 1723
1723 1275
1723 1625
1723 1723
1723 1723
1141 1725
1275 1725
1625 1725
1709 1725
1724 1725
1725 1725
1725 1725
1725 1141
1725 1275
1725 1625
1725 1709
1725 1724
1725 1725
1725 1725
143 1726
439 1726
1218 1726
1275 1726
1559 1726
1726 1726
1726 1726
1726 143
1726 439
1726 1218
1726 1275
1726 1559
1726 1726
1726 1726
831 1727
1069 1727
1275 1727
1727 1727
1727 1727
1727 831
1727 1069
1727 1275
1727 1727
1727 1727
1141 1715
1275 1715
1718 1715
1715 1715
1715 1715
1715 1141
1715 1275
1715 1718
1715 1715
1715 1715
684 1729
967 1729
1278 1729
1275 1729
1406 1729
1475 1729
1728 1729
1729 1729
1729 1729
1729 684
1729 967
1729 1278
1729 1275
1729 1406
1729 1475
1729 1728
1729 1729
1729 1729
171 1731
817 1731
1275 1731
1730 1731
1731 1731
1731 1731
1731 171
1731 817
1731 1275
1731 1730
1731 1731
1731 1731
115 1732
1141 1732
1207 1732
1275 1732
1732 1732
1732 1732
1732 115
1732 1141
1732 1207
1732 1275
1732 1732
1732 1732
622 1733
1275 1733
1703 1733
1733 1733
1733 1733
1733 622
1733 1275
1733 1703
1733 1733
1733 1733
91 1736
716 1736
1288 1736
1275 1736
1703 1736
1734 1736
1735 1736
1736 1736
1736 1736
1736 91
1736 716
1736 1288
1736 1275
1736 1703
1736 1734
1736 1735
1736 1736
1736 1736
431 1716
488 1716
524 1716
915 1716
1033 1716
1069 1716
1275 1716
1621 1716
1718 1716
1737 1716
1716 1716
1716 1716
1716 431
1716 488
1716 524
1716 915
1716 1033
1716 1069
1716 1275
1716 1621
1716 1718
1716 1737
1716 1716
1716 1716
143 1738
1283 1738
1275 1738
1738 1738
1738 1738
1738 143
1738 1283
1738 1275
1738 1738
1738 1738
321 1741
568 1741
662 1741
669 1741
107 1741
1005 1741
1151 1741
1275 1741
1422 1741
1739 1741
1740 1741
1741 1741
1741 1741
1741 321
1741 568
1741 662
1741 669
1741 107
1741 1005
1741 1151
1741 1275
1741 1422
1741 1739
1741 1740
1741 1741
1741 1741
514 1742
551 1742
782 1742
967 1742
1275 1742
1406 1742
1475 1742
1742 1742
1742 1742
1742 514
1742 551
1742 782
1742 967
1742 1275
1742 1406
1742 1475
1742 1742
1742 1742
1275 1744
1743 1744
1744 1744
1744 1744
1744 1275
1744 1743
1744 1744
1744 1744
136 1717
1194 1717
1275 1717
1478 1717
1581 1717
1718 1717
1717 1717
1717 1717
1717 136
1717 1194
1717 1275
1717 1478
1717 1581
1717 1718
1717 1717
1717 1717
1276 1745
1275 1745
1673 1745
1745 1745
1745 1745
1745 1276
1745 1275
1745 1673
1745 1745
1745 1745
1145 1746
1275 1746
1746 1746
1746 1746
1746 1145
1746 1275
1746 1746
1746 1746
1100 1747
1276 1747
1275 1747
1747 1747
1747 1747
1747 1100
1747 1276
1747 1275
1747 1747
1747 1747
1227 1739
1275 1739
1741 1739
1739 1739
1739 1739
1739 1227
1739 1275
1739 1741
1739 1739
1739 1739
1275 1734
1515 1734
1592 1734
1736 1734
1743 1734
1735 1734
1734 1734
1734 1734
1734 1275
1734 1515
1734 1592
1734 1736
1734 1743
1734 1735
1734 1734
1734 1734
136 1748
1275 1748
1421 1748
1748 1748
1748 1748
1748 136
1748 1275
1748 1421
1748 1748
1748 1748
293 1750
1275 1750
1749 1750
1750 1750
1750 1750
1750 293
1750 1275
1750 1749
1750 1750
1750 1750
293 1751
1335 1751
1275 1751
1751 1751
1751 1751
1751 293
1751 1335
1751 1275
1751 1751
1751 1751
293 1749
291 1749
1275 1749
1750 1749
1749 1749
1749 1749
1749 293
1749 291
1749 1275
1749 1750
1749 1749
1749 1749
1275 1724
1725 1724
1743 1724
1724 1724
1724 1724
1724 1275
1724 1725
1724 1743
1724 1724
1724 1724
292 1752
735 1752
421 1752
1275 1752
1629 1752
1752 1752
1752 1752
1752 292
1752 735
1752 421
1752 1275
1752 1629
1752 1752
1752 1752
955 1753
1275 1753
1753 1753
1753 1753
1753 955
1753 1275
1753 1753
1753 1753
566 1740
107 1740
861 1740
1275 1740
1741 1740
1740 1740
1740 1740
1740 566
1740 107
1740 861
1740 1275
1740 1741
1740 1740
1740 1740
116 1754
553 1754
689 1754
1275 1754
1754 1754
1754 1754
1754 116
1754 553
1754 689
1754 1275
1754 1754
1754 1754
1100 1755
1275 1755
1755 1755
1755 1755
1755 1100
1755 1275
1755 1755
1755 1755
8 1756
380 1756
1202 1756
1253 1756
1275 1756
1682 1756
1756 1756
1756 1756
1756 8
1756 380
1756 1202
1756 1253
1756 1275
1756 1682
1756 1756
1756 1756
220 1757
219 1757
854 1757
1275 1757
1757 1757
1757 1757
1757 220
1757 219
1757 854
1757 1275
1757 1757
1757 1757
171 1730
172 1730
817 1730
1275 1730
1731 1730
1730 1730
1730 1730
1730 171
1730 172
1730 817
1730 1275
1730 1731
1730 1730
1730 1730
721 1758
1275 1758
1758 1758
1758 1758
1758 721
1758 1275
1758 1758
1758 1758
457 1743
646 1743
107 1743
823 1743
825 1743
1038 1743
1275 1743
1485 1743
1515 1743
1555 1743
1625 1743
1711 1743
1712 1743
1744 1743
1734 1743
1724 1743
1743 1743
1743 1743
1743 457
1743 646
1743 107
1743 823
1743 825
1743 1038
1743 1275
1743 1485
1743 1515
1743 1555
1743 1625
1743 1711
1743 1712
1743 1744
1743 1734
1743 1724
1743 1743
1743 1743
1275 1735
1736 1735
1734 1735
1735 1735
1735 1735
1735 1275
1735 1736
1735 1734
1735 1735
1735 1735
1616 1760
1759 1760
1760 1760
1760 1760
1760 1616
1760 1759
1760 1760
1760 1760
1616 1762
1761 1762
1762 1762
1762 1762
1762 1616
1762 1761
1762 1762
1762 1762
194 1763
259 1763
137 1763
1616 1763
1763 1763
1763 1763
1763 194
1763 259
1763 137
1763 1616
1763 1763
1763 1763
196 1764
1243 1764
1616 1764
1764 1764
1764 1764
1764 196
1764 1243
1764 1616
1764 1764
1764 1764
196 1766
1616 1766
1765 1766
1766 1766
1766 1766
1766 196
1766 1616
1766 1765
1766 1766
1766 1766
194 1768
196 1768
212 1768
221 1768
1557 1768
1616 1768
1767 1768
1768 1768
1768 1768
1768 194
1768 196
1768 212
1768 221
1768 1557
1768 1616
1768 1767
1768 1768
1768 1768
221 1771
435 1771
1043 1771
1616 1771
1769 1771
1770 1771
1771 1771
1771 1771
1771 221
1771 435
1771 1043
1771 1616
1771 1770
1771 1769
1771 1771
1771 1771
1616 1772
1772 1772
1772 1772
1772 1616
1772 1772
1772 1772
199 1773
196 1773
469 1773
197 1773
1616 1773
1773 1773
1773 1773
1773 199
1773 196
1773 469
1773 197
1773 1616
1773 1773
1773 1773
266 1728
506 1728
958 1728
1278 1728
1277 1728
1492 1728
1565 1728
1616 1728
1729 1728
1728 1728
1728 1728
1728 266
1728 506
1728 958
1728 1278
1728 1277
1728 1492
1728 1565
1728 1616
1728 1729
1728 1728
1728 1728
206 1774
212 1774
1616 1774
1618 1774
1774 1774
1774 1774
1774 206
1774 212
1774 1616
1774 1618
1774 1774
1774 1774
469 1765
1362 1765
1498 1765
1616 1765
1618 1765
1766 1765
1765 1765
1765 1765
1765 469
1765 1362
1765 1498
1765 1616
1765 1618
1765 1766
1765 1765
1765 1765
194 1775
196 1775
571 1775
1616 1775
1618 1775
1775 1775
1775 1775
1775 194
1775 196
1775 571
1775 1616
1775 1618
1775 1775
1775 1775
30 1769
1616 1769
1618 1769
1771 1769
1769 1769
1769 1769
1769 30
1769 1616
1769 1618
1769 1771
1769 1769
1769 1769
62 1776
196 1776
1616 1776
1776 1776
1776 1776
1776 62
1776 196
1776 1616
1776 1776
1776 1776
196 1767
469 1767
212 1767
221 1767
1616 1767
1768 1767
1777 1767
1767 1767
1767 1767
1767 196
1767 469
1767 212
1767 221
1767 1616
1767 1768
1767 1777
1767 1767
1767 1767
1616 1759
1760 1759
1759 1759
1759 1759
1759 1616
1759 1760
1759 1759
1759 1759
206 1778
1069 1778
1616 1778
1778 1778
1778 1778
1778 206
1778 1069
1778 1616
1778 1778
1778 1778
194 1779
494 1779
727 1779
961 1779
1618 1779
1779 1779
1779 1779
1779 194
1779 494
1779 727
1779 961
1779 1618
1779 1779
1779 1779
31 1780
1557 1780
1618 1780
1780 1780
1780 1780
1780 31
1780 1557
1780 1618
1780 1780
1780 1780
194 1782
196 1782
1618 1782
1781 1782
1782 1782
1782 1782
1782 194
1782 196
1782 1618
1782 1781
1782 1782
1782 1782
1013 1783
1499 1783
1618 1783
1783 1783
1783 1783
1783 1013
1783 1499
1783 1618
1783 1783
1783 1783
194 1770
212 1770
1013 1770
1611 1770
1771 1770
1770 1770
1770 1770
1770 194
1770 212
1770 1013
1770 1611
1770 1771
1770 1770
1770 1770
199 1784
573 1784
1600 1784
1784 1784
1784 1784
1784 199
1784 573
1784 1600
1784 1784
1784 1784
344 1785
1192 1785
1600 1785
1785 1785
1785 1785
1785 344
1785 1192
1785 1600
1785 1785
1785 1785
235 1786
1786 1786
1786 1786
1786 235
1786 1786
1786 1786
807 1787
1787 1787
1787 1787
1787 807
1787 1787
1787 1787
807 1790
1374 1790
1788 1790
1789 1790
1790 1790
1790 1790
1790 807
1790 1374
1790 1789
1790 1788
1790 1790
1790 1790
807 1788
828 1788
1790 1788
1789 1788
1788 1788
1788 1788
1788 807
1788 828
1788 1790
1788 1789
1788 1788
1788 1788
1790 1789
1788 1789
1789 1789
1789 1789
1789 1790
1789 1788
1789 1789
1789 1789
196 1791
1010 1791
1069 1791
1333 1791
1791 1791
1791 1791
1791 196
1791 1010
1791 1069
1791 1333
1791 1791
1791 1791
196 1777
475 1777
221 1777
956 1777
1069 1777
1576 1777
1654 1777
1767 1777
1777 1777
1777 1777
1777 196
1777 475
1777 221
1777 956
1777 1069
1777 1576
1777 1654
1777 1767
1777 1777
1777 1777
196 1792
1069 1792
1459 1792
1632 1792
1792 1792
1792 1792
1792 196
1792 1069
1792 1459
1792 1632
1792 1792
1792 1792
19 1793
853 1793
1069 1793
1793 1793
1793 1793
1793 19
1793 853
1793 1069
1793 1793
1793 1793
1033 1794
1069 1794
1499 1794
1794 1794
1794 1794
1794 1033
1794 1069
1794 1499
1794 1794
1794 1794
196 1795
1069 1795
1795 1795
1795 1795
1795 196
1795 1069
1795 1795
1795 1795
146 1796
522 1796
145 1796
1069 1796
1796 1796
1796 1796
1796 146
1796 522
1796 145
1796 1069
1796 1796
1796 1796
196 1737
1069 1737
1540 1737
1716 1737
1737 1737
1737 1737
1737 196
1737 1069
1737 1540
1737 1716
1737 1737
1737 1737
194 1797
196 1797
212 1797
679 1797
1069 1797
1797 1797
1797 1797
1797 194
1797 196
1797 212
1797 679
1797 1069
1797 1797
1797 1797
615 1799
960 1799
1798 1799
1799 1799
1799 1799
1799 615
1799 960
1799 1798
1799 1799
1799 1799
295 1800
65 1800
370 1800
960 1800
1800 1800
1800 1800
1800 295
1800 65
1800 370
1800 960
1800 1800
1800 1800
695 1801
960 1801
1781 1801
1801 1801
1801 1801
1801 695
1801 960
1801 1781
1801 1801
1801 1801
960 1798
1799 1798
1781 1798
1798 1798
1798 1798
1798 960
1798 1799
1798 1781
1798 1798
1798 1798
23 1781
46 1781
381 1781
391 1781
521 1781
635 1781
370 1781
654 1781
389 1781
688 1781
647 1781
710 1781
470 1781
312 1781
711 1781
835 1781
960 1781
1002 1781
1060 1781
1093 1781
1104 1781
1119 1781
1296 1781
1328 1781
1344 1781
1569 1781
1573 1781
1782 1781
1801 1781
1798 1781
1802 1781
1803 1781
1804 1781
1805 1781
1806 1781
1807 1781
1808 1781
1809 1781
1810 1781
1811 1781
1812 1781
1813 1781
1814 1781
1781 1781
1781 1781
1781 23
1781 46
1781 381
1781 391
1781 521
1781 635
1781 370
1781 654
1781 389
1781 688
1781 647
1781 710
1781 470
1781 312
1781 711
1781 835
1781 960
1781 1002
1781 1060
1781 1093
1781 1104
1781 1119
1781 1296
1781 1328
1781 1344
1781 1569
1781 1573
1781 1782
1781 1801
1781 1798
1781 1802
1781 1803
1781 1804
1781 1805
1781 1806
1781 1807
1781 1808
1781 1809
1781 1810
1781 1811
1781 1812
1781 1813
1781 1814
1781 1781
1781 1781
1781 1802
1813 1802
1802 1802
1802 1802
1802 1781
1802 1813
1802 1802
1802 1802
370 1803
1781 1803
1803 1803
1803 1803
1803 370
1803 1781
1803 1803
1803 1803
1419 1804
1781 1804
1804 1804
1804 1804
1804 1419
1804 1781
1804 1804
1804 1804
370 1805
1781 1805
1805 1805
1805 1805
1805 370
1805 1781
1805 1805
1805 1805
288 1806
1781 1806
1806 1806
1806 1806
1806 288
1806 1781
1806 1806
1806 1806
829 1807
1781 1807
1807 1807
1807 1807
1807 829
1807 1781
1807 1807
1807 1807
78 1808
1781 1808
1808 1808
1808 1808
1808 78
1808 1781
1808 1808
1808 1808
78 1809
1781 1809
1809 1809
1809 1809
1809 78
1809 1781
1809 1809
1809 1809
1573 1810
1781 1810
1810 1810
1810 1810
1810 1573
1810 1781
1810 1810
1810 1810
1632 1811
1781 1811
1811 1811
1811 1811
1811 1632
1811 1781
1811 1811
1811 1811
275 1812
39 1812
148 1812
710 1812
1781 1812
1812 1812
1812 1812
1812 275
1812 39
1812 148
1812 710
1812 1781
1812 1812
1812 1812
1781 1813
1802 1813
1813 1813
1813 1813
1813 1781
1813 1802
1813 1813
1813 1813
39 1814
1123 1814
1781 1814
1814 1814
1814 1814
1814 39
1814 1123
1814 1781
1814 1814
1814 1814
528 1817
612 1817
732 1817
1263 1817
1463 1817
1815 1817
1816 1817
1817 1817
1817 1817
1817 528
1817 612
1817 732
1817 1263
1817 1463
1817 1815
1817 1816
1817 1817
1817 1817
252 1815
423 1815
1817 1815
1815 1815
1815 1815
1815 252
1815 423
1815 1817
1815 1815
1815 1815
424 1816
612 1816
732 1816
1402 1816
1403 1816
1817 1816
1818 1816
1819 1816
1816 1816
1816 1816
1816 424
1816 612
1816 732
1816 1402
1816 1403
1816 1817
1816 1818
1816 1819
1816 1816
1816 1816
1403 1818
1546 1818
1816 1818
1820 1818
1818 1818
1818 1818
1818 1403
1818 1546
1818 1816
1818 1820
1818 1818
1818 1818
398 1820
1402 1820
1403 1820
1818 1820
1820 1820
1820 1820
1820 398
1820 1402
1820 1403
1820 1818
1820 1820
1820 1820
939 1819
1070 1819
1402 1819
1816 1819
1819 1819
1819 1819
1819 939
1819 1070
1819 1402
1819 1816
1819 1819
1819 1819
890 1821
1066 1821
1508 1821
1821 1821
1821 1821
1821 890
1821 1066
1821 1508
1821 1821
1821 1821
824 1822
890 1822
1822 1822
1822 1822
1822 824
1822 890
1822 1822
1822 1822
890 1823
1823 1823
1823 1823
1823 890
1823 1823
1823 1823
135 1825
1033 1825
1824 1825
1825 1825
1825 1825
1825 135
1825 1033
1825 1824
1825 1825
1825 1825
541 1824
133 1824
806 1824
1825 1824
1824 1824
1824 1824
1824 541
1824 133
1824 806
1824 1825
1824 1824
1824 1824
900 1826
1826 1826
1826 1826
1826 900
1826 1826
1826 1826
176 1827
900 1827
1827 1827
1827 1827
1827 176
1827 900
1827 1827
1827 1827
330 1761
997 1761
1327 1761
1762 1761
1761 1761
1761 1761
1761 330
1761 997
1761 1327
1761 1762
1761 1761
1761 1761
187 1828
1201 1828
1828 1828
1828 1828
1828 187
1828 1201
1828 1828
1828 1828
21 1829
979 1829
1201 1829
1653 1829
1829 1829
1829 1829
1829 21
1829 979
1829 1201
1829 1653
1829 1829
1829 1829
1011 1830
1370 1830
1830 1830
1830 1830
1830 1011
1830 1370
1830 1830
1830 1830
491 1831
185 1831
186 1831
1011 1831
1831 1831
1831 1831
1831 491
1831 185
1831 186
1831 1011
1831 1831
1831 1831
242 1832
816 1832
1011 1832
1200 1832
1493 1832
1653 1832
1832 1832
1832 1832
1832 242
1832 816
1832 1011
1832 1200
1832 1493
1832 1653
1832 1832
1832 1832
164 1833
1011 1833
1833 1833
1833 1833
1833 164
1833 1011
1833 1833
1833 1833
838 1834
1011 1834
1834 1834
1834 1834
1834 838
1834 1011
1834 1834
1834 1834
896 1835
1011 1835
1835 1835
1835 1835
1835 896
1835 1011
1835 1835
1835 1835
1011 1836
1632 1836
1836 1836
1836 1836
1836 1011
1836 1632
1836 1836
1836 1836
143 1837
164 1837
1011 1837
1837 1837
1837 1837
1837 143
1837 164
1837 1011
1837 1837
1837 1837
499 1838
1011 1838
1218 1838
1369 1838
1650 1838
1838 1838
1838 1838
1838 499
1838 1011
1838 1218
1838 1369
1838 1650
1838 1838
1838 1838
103 1839
101 1839
102 1839
1011 1839
1480 1839
1609 1839
1839 1839
1839 1839
1839 103
1839 101
1839 102
1839 1011
1839 1480
1839 1609
1839 1839
1839 1839
55 1840
164 1840
448 1840
1011 1840
1840 1840
1840 1840
1840 55
1840 164
1840 448
1840 1011
1840 1840
1840 1840
236 1841
184 1841
1011 1841
1218 1841
1658 1841
1841 1841
1841 1841
1841 236
1841 184
1841 1011
1841 1218
1841 1658
1841 1841
1841 1841
1632 1842
1842 1842
1842 1842
1842 1632
1842 1842
1842 1842
1632 1843
1843 1843
1843 1843
1843 1632
1843 1843
1843 1843
1632 1844
1844 1844
1844 1844
1844 1632
1844 1844
1844 1844
1167 1845
1632 1845
1845 1845
1845 1845
1845 1167
1845 1632
1845 1845
1845 1845
196 1846
1332 1846
1632 1846
1846 1846
1846 1846
1846 196
1846 1332
1846 1632
1846 1846
1846 1846
446 1847
1632 1847
1702 1847
1847 1847
1847 1847
1847 446
1847 1632
1847 1702
1847 1847
1847 1847
