729 1354
768 1354
864 1354
1354 1354
1354 729
1354 768
1354 864
1354 1354
902 1355
1355 1355
1355 902
1355 1355
1356 1356
1356 1356
1357 1357
1357 1357
69 1361
80 1361
124 1361
148 1361
168 1361
177 1361
186 1361
239 1361
266 1361
303 1361
395 1361
236 1361
237 1361
414 1361
424 1361
426 1361
514 1361
539 1361
544 1361
287 1361
390 1361
685 1361
688 1361
695 1361
701 1361
711 1361
391 1361
851 1361
875 1361
891 1361
917 1361
915 1361
143 1361
144 1361
694 1361
1001 1361
730 1361
1029 1361
1060 1361
1061 1361
422 1361
1064 1361
1085 1361
503 1361
591 1361
1126 1361
1130 1361
301 1361
1135 1361
1134 1361
180 1361
392 1361
871 1361
358 1361
1181 1361
566 1361
181 1361
1201 1361
1206 1361
1216 1361
1223 1361
682 1361
1123 1361
35 1361
1249 1361
1131 1361
700 1361
947 1361
1275 1361
996 1361
1101 1361
45 1361
123 1361
1301 1361
1119 1361
1254 1361
504 1361
302 1361
184 1361
672 1361
156 1361
1037 1361
393 1361
1276 1361
1247 1361
1129 1361
147 1361
1062 1361
850 1361
394 1361
1358 1361
1359 1361
1360 1361
1361 1361
1361 69
1361 80
1361 124
1361 148
1361 168
1361 177
1361 186
1361 239
1361 266
1361 303
1361 395
1361 236
1361 237
1361 414
1361 424
1361 426
1361 514
1361 539
1361 544
1361 287
1361 390
1361 685
1361 688
1361 695
1361 701
1361 711
1361 391
1361 851
1361 875
1361 891
1361 917
1361 915
1361 143
1361 144
1361 694
1361 1001
1361 730
1361 1029
1361 1060
1361 1061
1361 422
1361 1064
1361 1085
1361 503
1361 591
1361 1126
1361 1130
1361 301
1361 1135
1361 1134
1361 180
1361 392
1361 871
1361 358
1361 1181
1361 566
1361 181
1361 1201
1361 1206
1361 1216
1361 1223
1361 682
1361 1123
1361 35
1361 1249
1361 1131
1361 700
1361 947
1361 1275
1361 996
1361 1101
1361 45
1361 123
1361 1301
1361 1119
1361 1254
1361 504
1361 302
1361 184
1361 672
1361 156
1361 1037
1361 393
1361 1276
1361 1247
1361 1129
1361 147
1361 1062
1361 850
1361 394
1361 1360
1361 1359
1361 1358
1361 1361
437 1362
1362 1362
1362 437
1362 1362
277 1363
853 1363
349 1363
1363 1363
1363 277
1363 853
1363 349
1363 1363
538 1364
1364 1364
1364 538
1364 1364
171 1366
1365 1366
1366 1366
1366 171
1366 1365
1366 1366
95 1368
1367 1368
1368 1368
1368 95
1368 1367
1368 1368
97 1369
1369 1369
1369 97
1369 1369
1370 1370
1370 1370
725 1371
724 1371
1371 1371
1371 725
1371 724
1371 1371
282 1372
270 1372
271 1372
333 1372
1230 1372
1372 1372
1372 282
1372 270
1372 271
1372 333
1372 1230
1372 1372
1079 1373
1373 1373
1373 1079
1373 1373
233 1374
1374 1374
1374 233
1374 1374
1142 1375
1076 1375
969 1375
1375 1375
1375 1142
1375 1076
1375 969
1375 1375
1376 1377
1377 1377
1377 1376
1377 1377
103 1365
1366 1365
1365 1365
1365 103
1365 1366
1365 1365
72 1378
513 1378
717 1378
1378 1378
1378 72
1378 513
1378 717
1378 1378
591 1379
1379 1379
1379 591
1379 1379
1380 1380
1380 1380
158 1381
1381 1381
1381 158
1381 1381
1382 1382
1382 1382
1383 1383
1383 1383
1384 1385
1385 1385
1385 1384
1385 1385
460 1384
1385 1384
1384 1384
1384 460
1384 1385
1384 1384
1155 1386
1386 1386
1386 1155
1386 1386
495 1387
18 1387
1387 1387
1387 495
1387 18
1387 1387
774 1388
772 1388
1388 1388
1388 774
1388 772
1388 1388
1037 1358
1361 1358
1358 1358
1358 1037
1358 1361
1358 1358
113 1389
1071 1389
1389 1389
1389 113
1389 1071
1389 1389
1100 1390
1390 1390
1390 1100
1390 1390
87 1391
1391 1391
1391 87
1391 1391
202 1392
255 1392
256 1392
561 1392
1392 1392
1392 202
1392 255
1392 256
1392 561
1392 1392
695 1359
1361 1359
1359 1359
1359 695
1359 1361
1359 1359
1182 1393
1393 1393
1393 1182
1393 1393
1394 1394
1394 1394
120 1395
119 1395
1395 1395
1395 120
1395 119
1395 1395
1377 1376
1376 1376
1376 1377
1376 1376
194 1396
405 1396
1396 1396
1396 194
1396 405
1396 1396
1054 1397
1069 1397
1397 1397
1397 1054
1397 1069
1397 1397
1398 1400
1399 1400
1400 1400
1400 1398
1400 1399
1400 1400
257 1401
1401 1401
1401 257
1401 1401
538 1402
1402 1402
1402 538
1402 1402
1400 1398
1398 1398
1398 1400
1398 1398
1005 1403
1403 1403
1403 1005
1403 1403
235 1404
230 1404
1132 1404
562 1404
1404 1404
1404 235
1404 230
1404 1132
1404 562
1404 1404
1314 1405
1405 1405
1405 1314
1405 1405
703 1406
170 1406
1406 1406
1406 703
1406 170
1406 1406
1407 1407
1407 1407
516 1408
515 1408
1408 1408
1408 516
1408 515
1408 1408
1218 1409
1409 1409
1409 1218
1409 1409
1340 1410
1410 1410
1410 1340
1410 1410
341 1411
1411 1411
1411 341
1411 1411
714 1412
1412 1412
1412 714
1412 1412
378 1413
1173 1413
743 1413
1413 1413
1413 378
1413 1173
1413 743
1413 1413
1414 1414
1414 1414
746 1415
1415 1415
1415 746
1415 1415
496 1367
554 1367
551 1367
689 1367
770 1367
95 1367
769 1367
552 1367
1195 1367
1197 1367
1194 1367
1368 1367
1367 1367
1367 496
1367 554
1367 551
1367 689
1367 770
1367 95
1367 769
1367 552
1367 1195
1367 1197
1367 1194
1367 1368
1367 1367
341 1417
729 1417
1416 1417
1417 1417
1417 341
1417 729
1417 1416
1417 1417
341 1416
729 1416
342 1416
1417 1416
1416 1416
1416 341
1416 729
1416 342
1416 1417
1416 1416
14 1418
69 1418
151 1418
190 1418
385 1418
634 1418
956 1418
815 1418
1265 1418
189 1418
1418 1418
1418 14
1418 69
1418 151
1418 190
1418 385
1418 634
1418 956
1418 815
1418 1265
1418 189
1418 1418
923 1419
65 1419
1419 1419
1419 923
1419 65
1419 1419
199 1420
1420 1420
1420 199
1420 1420
923 1421
1421 1421
1421 923
1421 1421
1399 1422
1422 1422
1422 1399
1422 1422
1296 1399
1400 1399
1422 1399
1399 1399
1399 1296
1399 1400
1399 1422
1399 1399
1175 1423
1423 1423
1423 1175
1423 1423
976 1424
1424 1424
1424 976
1424 1424
1425 1425
1425 1425
1071 1426
1426 1426
1426 1071
1426 1426
870 1427
950 1427
1427 1427
1427 870
1427 950
1427 1427
1187 1428
1428 1428
1428 1187
1428 1428
1325 1430
1429 1430
1430 1430
1430 1325
1430 1429
1430 1430
1430 1429
1429 1429
1429 1430
1429 1429
1013 1431
1431 1431
1431 1013
1431 1431
1246 1432
1245 1432
1432 1432
1432 1246
1432 1245
1432 1432
1189 1433
1259 1433
1433 1433
1433 1189
1433 1259
1433 1433
1224 1434
182 1434
1434 1434
1434 1224
1434 182
1434 1434
830 1435
1435 1435
1435 830
1435 1435
1436 1436
1436 1436
1437 1437
1437 1437
1438 1438
1438 1438
1439 1439
1439 1439
468 1440
1440 1440
1440 468
1440 1440
525 1441
1441 1441
1441 525
1441 1441
117 1442
534 1442
574 1442
729 1442
318 1442
165 1442
972 1442
1030 1442
728 1442
1121 1442
1289 1442
1308 1442
1442 1442
1442 117
1442 534
1442 574
1442 729
1442 318
1442 165
1442 972
1442 1030
1442 728
1442 1121
1442 1289
1442 1308
1442 1442
805 1443
1443 1443
1443 805
1443 1443
1132 1444
65 1444
233 1444
563 1444
1353 1444
1444 1444
1444 1132
1444 65
1444 233
1444 563
1444 1353
1444 1444
395 1360
1160 1360
1361 1360
1360 1360
1360 395
1360 1160
1360 1361
1360 1360
1056 1446
1445 1446
1446 1446
1446 1056
1446 1445
1446 1446
1056 1445
1446 1445
1445 1445
1445 1056
1445 1446
1445 1445
1447 1447
1447 1447
269 1448
779 1448
268 1448
1448 1448
1448 269
1448 779
1448 268
1448 1448
1449 1449
1449 1449
