1015 1015
1015 1015
1015 1015
1015 1015
1016 1016
1016 1016
1016 1016
1016 1016
295 1017
373 1017
1017 1017
1017 1017
1017 295
1017 373
1017 1017
1017 1017
1018 1018
1018 1018
1018 1018
1018 1018
258 1019
237 1019
202 1019
1019 1019
1019 1019
1019 258
1019 237
1019 202
1019 1019
1019 1019
1020 1020
1020 1020
1020 1020
1020 1020
720 1021
1021 1021
1021 1021
1021 720
1021 1021
1021 1021
10 1023
1022 1023
1023 1023
1023 1023
1023 10
1023 1022
1023 1023
1023 1023
916 1024
1024 1024
1024 1024
1024 916
1024 1024
1024 1024
1025 1025
1025 1025
1025 1025
1025 1025
189 1026
1026 1026
1026 1026
1026 189
1026 1026
1026 1026
236 1027
1027 1027
1027 1027
1027 236
1027 1027
1027 1027
860 1028
1028 1028
1028 1028
1028 860
1028 1028
1028 1028
84 1029
803 1029
1029 1029
1029 1029
1029 84
1029 803
1029 1029
1029 1029
697 1030
1030 1030
1030 1030
1030 697
1030 1030
1030 1030
319 1031
318 1031
1031 1031
1031 1031
1031 319
1031 318
1031 1031
1031 1031
774 1032
1032 1032
1032 1032
1032 774
1032 1032
1032 1032
136 1033
915 1033
1033 1033
1033 1033
1033 136
1033 915
1033 1033
1033 1033
1034 1034
1034 1034
1034 1034
1034 1034
568 1035
1035 1035
1035 1035
1035 568
1035 1035
1035 1035
401 1036
883 1036
1036 1036
1036 1036
1036 401
1036 883
1036 1036
1036 1036
584 1037
827 1037
877 1037
1037 1037
1037 1037
1037 584
1037 827
1037 877
1037 1037
1037 1037
1038 1038
1038 1038
1038 1038
1038 1038
108 1039
1039 1039
1039 1039
1039 108
1039 1039
1039 1039
11 1022
139 1022
10 1022
112 1022
719 1022
903 1022
1023 1022
1040 1022
1022 1022
1022 1022
1022 11
1022 139
1022 10
1022 112
1022 719
1022 903
1022 1023
1022 1040
1022 1022
1022 1022
34 1041
1041 1041
1041 1041
1041 34
1041 1041
1041 1041
771 1042
1042 1042
1042 1042
1042 771
1042 1042
1042 1042
194 1043
196 1043
189 1043
1043 1043
1043 1043
1043 194
1043 196
1043 189
1043 1043
1043 1043
175 1044
1044 1044
1044 1044
1044 175
1044 1044
1044 1044
1022 1040
1040 1040
1040 1040
1040 1022
1040 1040
1040 1040
620 1045
1045 1045
1045 1045
1045 620
1045 1045
1045 1045
867 1046
1046 1046
1046 1046
1046 867
1046 1046
1046 1046
348 1048
1047 1048
1048 1048
1048 1048
1048 348
1048 1047
1048 1048
1048 1048
59 1049
349 1049
895 1049
894 1049
1049 1049
1049 1049
1049 59
1049 349
1049 895
1049 894
1049 1049
1049 1049
1050 1050
1050 1050
1050 1050
1050 1050
388 1051
1051 1051
1051 1051
1051 388
1051 1051
1051 1051
990 1052
1052 1052
1052 1052
1052 990
1052 1052
1052 1052
901 1053
1053 1053
1053 1053
1053 901
1053 1053
1053 1053
308 1054
1054 1054
1054 1054
1054 308
1054 1054
1054 1054
1055 1055
1055 1055
1055 1055
1055 1055
1056 1056
1056 1056
1056 1056
1056 1056
1057 1057
1057 1057
1057 1057
1057 1057
1058 1058
1058 1058
1058 1058
1058 1058
726 1059
1059 1059
1059 1059
1059 726
1059 1059
1059 1059
78 1060
960 1060
1060 1060
1060 1060
1060 78
1060 960
1060 1060
1060 1060
556 1061
390 1061
1061 1061
1061 1061
1061 556
1061 390
1061 1061
1061 1061
556 1062
1062 1062
1062 1062
1062 556
1062 1062
1062 1062
159 1064
200 1064
92 1064
865 1064
1063 1064
1064 1064
1064 1064
1064 159
1064 200
1064 92
1064 865
1064 1063
1064 1064
1064 1064
1065 1065
1065 1065
1065 1065
1065 1065
110 1066
310 1066
935 1066
1066 1066
1066 1066
1066 110
1066 310
1066 935
1066 1066
1066 1066
810 1067
984 1067
1013 1067
1067 1067
1067 1067
1067 810
1067 984
1067 1013
1067 1067
1067 1067
116 1068
1068 1068
1068 1068
1068 116
1068 1068
1068 1068
731 1070
1069 1070
1070 1070
1070 1070
1070 731
1070 1069
1070 1070
1070 1070
1071 1071
1071 1071
1071 1071
1071 1071
33 1069
340 1069
209 1069
402 1069
196 1069
513 1069
476 1069
797 1069
943 1069
956 1069
972 1069
1070 1069
1069 1069
1069 1069
1069 33
1069 340
1069 209
1069 402
1069 196
1069 513
1069 476
1069 797
1069 943
1069 956
1069 972
1069 1070
1069 1069
1069 1069
275 1072
985 1072
1072 1072
1072 1072
1072 275
1072 985
1072 1072
1072 1072
1073 1073
1073 1073
1073 1073
1073 1073
1074 1074
1074 1074
1074 1074
1074 1074
227 1075
1075 1075
1075 1075
1075 227
1075 1075
1075 1075
514 1076
1076 1076
1076 1076
1076 514
1076 1076
1076 1076
700 1077
1077 1077
1077 1077
1077 700
1077 1077
1077 1077
100 1078
95 1078
1078 1078
1078 1078
1078 100
1078 95
1078 1078
1078 1078
111 1079
287 1079
49 1079
50 1079
98 1079
1079 1079
1079 1079
1079 111
1079 287
1079 49
1079 50
1079 98
1079 1079
1079 1079
1048 1047
1047 1047
1047 1047
1047 1048
1047 1047
1047 1047
1080 1080
1080 1080
1080 1080
1080 1080
432 1081
1081 1081
1081 1081
1081 432
1081 1081
1081 1081
1082 1082
1082 1082
1082 1082
1082 1082
1083 1083
1083 1083
1083 1083
1083 1083
742 1084
1084 1084
1084 1084
1084 742
1084 1084
1084 1084
170 1085
1085 1085
1085 1085
1085 170
1085 1085
1085 1085
781 1087
1086 1087
1087 1087
1087 1087
1087 781
1087 1086
1087 1087
1087 1087
259 1086
1087 1086
1086 1086
1086 1086
1086 259
1086 1087
1086 1086
1086 1086
26 1089
557 1089
1088 1089
1089 1089
1089 1089
1089 26
1089 557
1089 1088
1089 1089
1089 1089
982 1090
1090 1090
1090 1090
1090 982
1090 1090
1090 1090
1091 1091
1091 1091
1091 1091
1091 1091
26 1088
707 1088
1089 1088
1088 1088
1088 1088
1088 26
1088 707
1088 1089
1088 1088
1088 1088
170 1092
169 1092
961 1092
1092 1092
1092 1092
1092 170
1092 169
1092 961
1092 1092
1092 1092
391 1093
465 1093
1093 1093
1093 1093
1093 391
1093 465
1093 1093
1093 1093
560 1063
92 1063
577 1063
1064 1063
1063 1063
1063 1063
1063 560
1063 92
1063 577
1063 1064
1063 1063
1063 1063
