196 1475
527 1475
514 1475
684 1475
551 1475
782 1475
786 1475
907 1475
967 1475
1069 1475
1076 1475
1247 1475
1278 1475
1275 1475
1406 1475
1475 1475
1475 1475
1475 196
1475 527
1475 514
1475 684
1475 551
1475 782
1475 786
1475 907
1475 967
1475 1069
1475 1076
1475 1247
1475 1278
1475 1275
1475 1406
1475 1475
1475 1475
466 1476
1476 1476
1476 1476
1476 466
1476 1476
1476 1476
1477 1477
1477 1477
1477 1477
1477 1477
735 1478
1033 1478
1478 1478
1478 1478
1478 735
1478 1033
1478 1478
1478 1478
1479 1480
1480 1480
1480 1480
1480 1479
1480 1480
1480 1480
577 1481
372 1481
1459 1481
1481 1481
1481 1481
1481 577
1481 372
1481 1459
1481 1481
1481 1481
1002 1482
1482 1482
1482 1482
1482 1002
1482 1482
1482 1482
196 1483
1483 1483
1483 1483
1483 196
1483 1483
1483 1483
1317 1484
1484 1484
1484 1484
1484 1317
1484 1484
1484 1484
1275 1485
1485 1485
1485 1485
1485 1275
1485 1485
1485 1485
65 1486
1486 1486
1486 1486
1486 65
1486 1486
1486 1486
143 1487
584 1487
899 1487
1487 1487
1487 1487
1487 143
1487 584
1487 899
1487 1487
1487 1487
178 1488
600 1488
732 1488
1488 1488
1488 1488
1488 178
1488 600
1488 732
1488 1488
1488 1488
973 1489
1489 1489
1489 1489
1489 973
1489 1489
1489 1489
389 1490
1490 1490
1490 1490
1490 389
1490 1490
1490 1490
1462 1491
1491 1491
1491 1491
1491 1462
1491 1491
1491 1491
506 1492
1194 1492
1275 1492
1492 1492
1492 1492
1492 506
1492 1194
1492 1275
1492 1492
1492 1492
1118 1494
1128 1494
1493 1494
1494 1494
1494 1494
1494 1118
1494 1128
1494 1493
1494 1494
1494 1494
227 1479
1073 1479
1389 1479
1480 1479
1479 1479
1479 1479
1479 227
1479 1073
1479 1389
1479 1480
1479 1479
1479 1479
1196 1496
1375 1496
1495 1496
1496 1496
1496 1496
1496 1196
1496 1375
1496 1495
1496 1496
1496 1496
979 1495
1496 1495
1495 1495
1495 1495
1495 979
1495 1496
1495 1495
1495 1495
1497 1497
1497 1497
1497 1497
1497 1497
62 1499
174 1499
666 1499
797 1499
1069 1499
1143 1499
1498 1499
1499 1499
1499 1499
1499 62
1499 174
1499 666
1499 797
1499 1069
1499 1143
1499 1498
1499 1499
1499 1499
1143 1500
1227 1500
1500 1500
1500 1500
1500 1143
1500 1227
1500 1500
1500 1500
236 1501
232 1501
989 1501
1339 1501
1501 1501
1501 1501
1501 236
1501 232
1501 989
1501 1339
1501 1501
1501 1501
1399 1502
1502 1502
1502 1502
1502 1399
1502 1502
1502 1502
340 1503
1258 1503
1503 1503
1503 1503
1503 340
1503 1258
1503 1503
1503 1503
1044 1504
1159 1504
1198 1504
1504 1504
1504 1504
1504 1044
1504 1159
1504 1198
1504 1504
1504 1504
1505 1506
1506 1506
1506 1506
1506 1505
1506 1506
1506 1506
513 1507
943 1507
1507 1507
1507 1507
1507 513
1507 943
1507 1507
1507 1507
217 1508
687 1508
1508 1508
1508 1508
1508 217
1508 687
1508 1508
1508 1508
1509 1509
1509 1509
1509 1509
1509 1509
1510 1510
1510 1510
1510 1510
1510 1510
1275 1511
1511 1511
1511 1511
1511 1275
1511 1511
1511 1511
139 1512
1022 1512
1512 1512
1512 1512
1512 139
1512 1022
1512 1512
1512 1512
390 1513
1061 1513
1126 1513
1513 1513
1513 1513
1513 390
1513 1061
1513 1126
1513 1513
1513 1513
282 1505
1013 1505
1506 1505
1514 1505
1505 1505
1505 1505
1505 282
1505 1013
1505 1506
1505 1514
1505 1505
1505 1505
157 1515
1100 1515
1515 1515
1515 1515
1515 157
1515 1100
1515 1515
1515 1515
191 1516
1011 1516
1516 1516
1516 1516
1516 191
1516 1011
1516 1516
1516 1516
35 1517
1517 1517
1517 1517
1517 35
1517 1517
1517 1517
676 1518
1518 1518
1518 1518
1518 676
1518 1518
1518 1518
595 1519
1519 1519
1519 1519
1519 595
1519 1519
1519 1519
1218 1520
1365 1520
1520 1520
1520 1520
1520 1218
1520 1365
1520 1520
1520 1520
838 1521
1218 1521
1521 1521
1521 1521
1521 838
1521 1218
1521 1521
1521 1521
63 1522
143 1522
501 1522
164 1522
861 1522
1522 1522
1522 1522
1522 63
1522 143
1522 501
1522 164
1522 861
1522 1522
1522 1522
587 1523
655 1523
401 1523
1356 1523
1393 1523
1523 1523
1523 1523
1523 587
1523 655
1523 401
1523 1356
1523 1393
1523 1523
1523 1523
1114 1524
1174 1524
1262 1524
1413 1524
1524 1524
1524 1524
1524 1114
1524 1174
1524 1262
1524 1413
1524 1524
1524 1524
76 1525
170 1525
1364 1525
1525 1525
1525 1525
1525 76
1525 170
1525 1364
1525 1525
1525 1525
407 1526
607 1526
1260 1526
1526 1526
1526 1526
1526 407
1526 607
1526 1260
1526 1526
1526 1526
35 1527
1527 1527
1527 1527
1527 35
1527 1527
1527 1527
639 1528
323 1528
1106 1528
1528 1528
1528 1528
1528 639
1528 323
1528 1106
1528 1528
1528 1528
894 1514
1080 1514
1424 1514
1423 1514
1505 1514
1514 1514
1514 1514
1514 894
1514 1080
1514 1424
1514 1423
1514 1505
1514 1514
1514 1514
187 1529
449 1529
1347 1529
1529 1529
1529 1529
1529 187
1529 449
1529 1347
1529 1529
1529 1529
336 1530
1225 1530
1530 1530
1530 1530
1530 336
1530 1225
1530 1530
1530 1530
239 1531
128 1531
1449 1531
1531 1531
1531 1531
1531 239
1531 128
1531 1449
1531 1531
1531 1531
236 1493
692 1493
223 1493
1118 1493
1128 1493
1494 1493
1493 1493
1493 1493
1493 236
1493 692
1493 223
1493 1118
1493 1128
1493 1494
1493 1493
1493 1493
1532 1532
1532 1532
1532 1532
1532 1532
273 1533
1533 1533
1533 1533
1533 273
1533 1533
1533 1533
1003 1534
1534 1534
1534 1534
1534 1003
1534 1534
1534 1534
367 1536
374 1536
412 1536
334 1536
507 1536
565 1536
564 1536
812 1536
872 1536
876 1536
918 1536
990 1536
1172 1536
1173 1536
1297 1536
1300 1536
1331 1536
1336 1536
1407 1536
1470 1536
1535 1536
1536 1536
1536 1536
1536 367
1536 374
1536 412
1536 334
1536 507
1536 565
1536 564
1536 812
1536 872
1536 876
1536 918
1536 990
1536 1172
1536 1173
1536 1297
1536 1300
1536 1331
1536 1336
1536 1407
1536 1470
1536 1535
1536 1536
1536 1536
760 1537
554 1537
1537 1537
1537 1537
1537 760
1537 554
1537 1537
1537 1537
1371 1538
1538 1538
1538 1538
1538 1371
1538 1538
1538 1538
535 1539
1539 1539
1539 1539
1539 535
1539 1539
1539 1539
512 1540
318 1540
1275 1540
1540 1540
1540 1540
1540 512
1540 318
1540 1275
1540 1540
1540 1540
1541 1541
1541 1541
1541 1541
1541 1541
313 1542
312 1542
1542 1542
1542 1542
1542 313
1542 312
1542 1542
1542 1542
239 1543
1543 1543
1543 1543
1543 239
1543 1543
1543 1543
439 1544
1275 1544
1544 1544
1544 1544
1544 439
1544 1275
1544 1544
1544 1544
248 1545
196 1545
1545 1545
1545 1545
1545 248
1545 196
1545 1545
1545 1545
62 1498
1086 1498
1499 1498
1498 1498
1498 1498
1498 62
1498 1086
1498 1499
1498 1498
1498 1498
539 1546
1402 1546
1403 1546
1546 1546
1546 1546
1546 539
1546 1402
1546 1403
1546 1546
1546 1546
1547 1547
1547 1547
1547 1547
1547 1547
246 1548
1463 1548
1548 1548
1548 1548
1548 246
1548 1463
1548 1548
1548 1548
889 1549
1549 1549
1549 1549
1549 889
1549 1549
1549 1549
735 1550
955 1550
1550 1550
1550 1550
1550 735
1550 955
1550 1550
1550 1550
372 1551
879 1551
1012 1551
1186 1551
1551 1551
1551 1551
1551 372
1551 879
1551 1012
1551 1186
1551 1551
1551 1551
451 1552
1256 1552
1552 1552
1552 1552
1552 451
1552 1256
1552 1552
1552 1552
31 1553
571 1553
1553 1553
1553 1553
1553 31
1553 571
1553 1553
1553 1553
195 1554
1554 1554
1554 1554
1554 195
1554 1554
1554 1554
1275 1555
1555 1555
1555 1555
1555 1275
1555 1555
1555 1555
1556 1556
1556 1556
1556 1556
1556 1556
1557 1557
1557 1557
1557 1557
1557 1557
1275 1558
1558 1558
1558 1558
1558 1275
1558 1558
1558 1558
793 1559
1195 1559
1559 1559
1559 1559
1559 793
1559 1195
1559 1559
1559 1559
775 1560
1560 1560
1560 1560
1560 775
1560 1560
1560 1560
293 1561
439 1561
1275 1561
1561 1561
1561 1561
1561 293
1561 439
1561 1275
1561 1561
1561 1561
613 1562
1048 1562
1562 1562
1562 1562
1562 613
1562 1048
1562 1562
1562 1562
690 1563
166 1563
168 1563
1563 1563
1563 1563
1563 690
1563 166
1563 168
1563 1563
1563 1563
1043 1564
1564 1564
1564 1564
1564 1043
1564 1564
1564 1564
209 1565
196 1565
836 1565
1565 1565
1565 1565
1565 209
1565 196
1565 836
1565 1565
1565 1565
39 1566
1566 1566
1566 1566
1566 39
1566 1566
1566 1566
214 1567
1065 1567
1567 1567
1567 1567
1567 214
1567 1065
1567 1567
1567 1567
347 1568
1568 1568
1568 1568
1568 347
1568 1568
1568 1568
1328 1569
1569 1569
1569 1569
1569 1328
1569 1569
1569 1569
577 1535
1052 1535
1053 1535
1095 1535
1217 1535
1331 1535
1536 1535
1535 1535
1535 1535
1535 577
1535 1052
1535 1053
1535 1095
1535 1217
1535 1331
1535 1536
1535 1535
1535 1535
1570 1570
1570 1570
1570 1570
1570 1570
82 1571
630 1571
1178 1571
1571 1571
1571 1571
1571 82
1571 630
1571 1178
1571 1571
1571 1571
187 1572
183 1572
137 1572
1572 1572
1572 1572
1572 187
1572 183
1572 137
1572 1572
1572 1572
288 1573
1573 1573
1573 1573
1573 288
1573 1573
1573 1573
77 1574
1574 1574
1574 1574
1574 77
1574 1574
1574 1574
532 1575
375 1575
298 1575
972 1575
1011 1575
1107 1575
1124 1575
1218 1575
1575 1575
1575 1575
1575 532
1575 375
1575 298
1575 972
1575 1011
1575 1107
1575 1124
1575 1218
1575 1575
1575 1575
196 1576
1362 1576
1576 1576
1576 1576
1576 196
1576 1362
1576 1576
1576 1576
170 1577
1395 1577
1577 1577
1577 1577
1577 170
1577 1395
1577 1577
1577 1577
319 1578
318 1578
1578 1578
1578 1578
1578 319
1578 318
1578 1578
1578 1578
1218 1579
1579 1579
1579 1579
1579 1218
1579 1579
1579 1579
1040 1580
1580 1580
1580 1580
1580 1040
1580 1580
1580 1580
193 1581
1581 1581
1581 1581
1581 193
1581 1581
1581 1581
590 1582
864 1582
1582 1582
1582 1582
1582 590
1582 864
1582 1582
1582 1582
1583 1583
1583 1583
1583 1583
1583 1583
762 1584
1347 1584
1584 1584
1584 1584
1584 762
1584 1347
1584 1584
1584 1584
279 1585
277 1585
278 1585
280 1585
1162 1585
1585 1585
1585 1585
1585 279
1585 277
1585 278
1585 280
1585 1162
1585 1585
1585 1585
52 1586
1586 1586
1586 1586
1586 52
1586 1586
1586 1586
1587 1587
1587 1587
1587 1587
1587 1587
1588 1588
1588 1588
1588 1588
1588 1588
497 1589
593 1589
1589 1589
1589 1589
1589 497
1589 593
1589 1589
1589 1589
