295 1992
275 1992
1848 1992
1976 1992
1992 1992
1992 1992
1992 295
1992 275
1992 1848
1992 1976
1992 1992
1992 1992
1848 1993
1993 1993
1993 1993
1993 1848
1993 1993
1993 1993
450 1994
1848 1994
1994 1994
1994 1994
1994 450
1994 1848
1994 1994
1994 1994
1848 1995
1995 1995
1995 1995
1995 1848
1995 1995
1995 1995
78 1996
1848 1996
1996 1996
1996 1996
1996 78
1996 1848
1996 1996
1996 1996
300 1998
298 1998
299 1998
1848 1998
1997 1998
1998 1998
1998 1998
1998 300
1998 298
1998 299
1998 1848
1998 1997
1998 1998
1998 1998
143 2000
236 2000
301 2000
1999 2000
2000 2000
2000 2000
2000 143
2000 236
2000 301
2000 1999
2000 2000
2000 2000
40 2001
143 2001
78 2001
2001 2001
2001 2001
2001 40
2001 143
2001 78
2001 2001
2001 2001
143 2002
436 2002
2002 2002
2002 2002
2002 143
2002 436
2002 2002
2002 2002
143 2003
629 2003
2003 2003
2003 2003
2003 143
2003 629
2003 2003
2003 2003
143 2004
164 2004
2004 2004
2004 2004
2004 143
2004 164
2004 2004
2004 2004
143 2006
1283 2006
2005 2006
2006 2006
2006 2006
2006 143
2006 1283
2006 2005
2006 2006
2006 2006
143 1999
843 1999
972 1999
2000 1999
2005 1999
1999 1999
1999 1999
1999 143
1999 843
1999 972
1999 2000
1999 2005
1999 1999
1999 1999
143 2007
161 2007
815 2007
1480 2007
2007 2007
2007 2007
2007 143
2007 161
2007 815
2007 1480
2007 2007
2007 2007
144 2009
363 2009
408 2009
815 2009
852 2009
1656 2009
2008 2009
2009 2009
2009 2009
2009 144
2009 363
2009 408
2009 815
2009 852
2009 1656
2009 2008
2009 2009
2009 2009
972 2008
2009 2008
2008 2008
2008 2008
2008 972
2008 2009
2008 2008
2008 2008
100 2010
96 2010
2010 2010
2010 2010
2010 100
2010 96
2010 2010
2010 2010
100 2011
119 2011
116 2011
1623 2011
2011 2011
2011 2011
2011 100
2011 119
2011 116
2011 1623
2011 2011
2011 2011
96 2012
233 2012
2012 2012
2012 2012
2012 96
2012 233
2012 2012
2012 2012
97 2013
1507 2013
2013 2013
2013 2013
2013 97
2013 1507
2013 2013
2013 2013
633 2015
97 2015
877 2015
1329 2015
2014 2015
2015 2015
2015 2015
2015 633
2015 97
2015 877
2015 1329
2015 2014
2015 2015
2015 2015
287 1997
691 1997
605 1997
1108 1997
1107 1997
1353 1997
1491 1997
1575 1997
1998 1997
2016 1997
2017 1997
2018 1997
1997 1997
1997 1997
1997 287
1997 691
1997 605
1997 1108
1997 1107
1997 1353
1997 1491
1997 1575
1997 1998
1997 2016
1997 2017
1997 2018
1997 1997
1997 1997
221 2016
1997 2016
2019 2016
2020 2016
2016 2016
2016 2016
2016 221
2016 1997
2016 2019
2016 2020
2016 2016
2016 2016
937 2017
1237 2017
1997 2017
2017 2017
2017 2017
2017 937
2017 1237
2017 1997
2017 2017
2017 2017
1997 2018
2018 2018
2018 2018
2018 1997
2018 2018
2018 2018
423 2021
1537 2021
1571 2021
2021 2021
2021 2021
2021 423
2021 1537
2021 1571
2021 2021
2021 2021
236 2023
905 2023
2022 2023
2023 2023
2023 2023
2023 236
2023 905
2023 2022
2023 2023
2023 2023
905 2024
2024 2024
2024 2024
2024 905
2024 2024
2024 2024
1333 2025
2025 2025
2025 2025
2025 1333
2025 2025
2025 2025
271 2026
803 2026
1000 2026
1333 2026
2026 2026
2026 2026
2026 271
2026 803
2026 1000
2026 1333
2026 2026
2026 2026
25 2036
85 2036
160 2036
272 2036
24 2036
381 2036
343 2036
476 2036
717 2036
754 2036
328 2036
842 2036
1000 2036
1024 2036
1265 2036
1268 2036
1315 2036
1333 2036
1443 2036
1490 2036
1606 2036
1652 2036
1607 2036
1800 2036
1803 2036
1884 2036
1881 2036
1885 2036
1923 2036
1959 2036
1973 2036
2027 2036
2028 2036
2029 2036
2030 2036
2031 2036
2032 2036
2033 2036
2034 2036
2035 2036
2036 2036
2036 2036
2036 25
2036 85
2036 160
2036 272
2036 24
2036 381
2036 343
2036 476
2036 717
2036 754
2036 328
2036 842
2036 1000
2036 1024
2036 1265
2036 1268
2036 1315
2036 1333
2036 1443
2036 1490
2036 1606
2036 1652
2036 1607
2036 1800
2036 1803
2036 1884
2036 1881
2036 1885
2036 1923
2036 1959
2036 1973
2036 2027
2036 2028
2036 2029
2036 2030
2036 2031
2036 2032
2036 2033
2036 2034
2036 2035
2036 2036
2036 2036
78 2027
1321 2027
2036 2027
2027 2027
2027 2027
2027 78
2027 1321
2027 2036
2027 2027
2027 2027
833 2028
2036 2028
2028 2028
2028 2028
2028 833
2028 2036
2028 2028
2028 2028
295 2029
2036 2029
2029 2029
2029 2029
2029 295
2029 2036
2029 2029
2029 2029
460 2030
2036 2030
2030 2030
2030 2030
2030 460
2030 2036
2030 2030
2030 2030
1884 2031
2036 2031
2034 2031
2031 2031
2031 2031
2031 1884
2031 2036
2031 2034
2031 2031
2031 2031
59 2032
2036 2032
2037 2032
2038 2032
2032 2032
2032 2032
2032 59
2032 2036
2032 2038
2032 2037
2032 2032
2032 2032
84 2033
65 2033
803 2033
2036 2033
2033 2033
2033 2033
2033 84
2033 65
2033 803
2033 2036
2033 2033
2033 2033
2036 2034
2031 2034
2034 2034
2034 2034
2034 2036
2034 2031
2034 2034
2034 2034
65 2039
2039 2039
2039 2039
2039 65
2039 2039
2039 2039
65 2040
1990 2040
2040 2040
2040 2040
2040 65
2040 1990
2040 2040
2040 2040
194 2019
248 2019
206 2019
30 2019
207 2019
366 2019
209 2019
196 2019
474 2019
211 2019
512 2019
214 2019
215 2019
148 2019
758 2019
1011 2019
1246 2019
1334 2019
1443 2019
1649 2019
1768 2019
1728 2019
1778 2019
1782 2019
1785 2019
1821 2019
1842 2019
1846 2019
2016 2019
2041 2019
2042 2019
2043 2019
2019 2019
2019 2019
2019 194
2019 248
2019 206
2019 30
2019 207
2019 366
2019 209
2019 196
2019 474
2019 211
2019 512
2019 214
2019 215
2019 148
2019 758
2019 1011
2019 1246
2019 1334
2019 1443
2019 1649
2019 1768
2019 1728
2019 1778
2019 1782
2019 1785
2019 1821
2019 1842
2019 1846
2019 2016
2019 2041
2019 2042
2019 2043
2019 2019
2019 2019
209 2041
196 2041
197 2041
2019 2041
2043 2041
2041 2041
2041 2041
2041 209
2041 196
2041 197
2041 2019
2041 2043
2041 2041
2041 2041
461 2042
2019 2042
2042 2042
2042 2042
2042 461
2042 2019
2042 2042
2042 2042
196 2043
2019 2043
2041 2043
2043 2043
2043 2043
2043 196
2043 2019
2043 2041
2043 2043
2043 2043
151 2044
274 2044
2044 2044
2044 2044
2044 151
2044 274
2044 2044
2044 2044
1609 2045
2045 2045
2045 2045
2045 1609
2045 2045
2045 2045
1022 2046
1915 2046
2046 2046
2046 2046
2046 1022
2046 1915
2046 2046
2046 2046
139 2047
137 2047
1022 2047
1915 2047
2047 2047
2047 2047
2047 139
2047 137
2047 1022
2047 1915
2047 2047
2047 2047
90 2048
1623 2048
2048 2048
2048 2048
2048 90
2048 1623
2048 2048
2048 2048
187 2050
183 2050
273 2050
1022 2050
1135 2050
1533 2050
1593 2050
1623 2050
2049 2050
2050 2050
2050 2050
2050 187
2050 183
2050 273
2050 1022
2050 1135
2050 1533
2050 1593
2050 1623
2050 2049
2050 2050
2050 2050
1022 2051
1580 2051
1623 2051
2051 2051
2051 2051
2051 1022
2051 1580
2051 1623
2051 2051
2051 2051
192 2052
491 2052
185 2052
1623 2052
1675 2052
1831 2052
2052 2052
2052 2052
2052 192
2052 491
2052 185
2052 1623
2052 1675
2052 1831
2052 2052
2052 2052
273 2053
1623 2053
2053 2053
2053 2053
2053 273
2053 1623
2053 2053
2053 2053
724 2055
1371 2055
2054 2055
2055 2055
2055 2055
2055 724
2055 1371
2055 2054
2055 2055
2055 2055
281 2056
570 2056
599 2056
1006 2056
1430 2056
1902 2056
2056 2056
2056 2056
2056 281
2056 570
2056 599
2056 1006
2056 1430
2056 1902
2056 2056
2056 2056
760 2057
2057 2057
2057 2057
2057 760
2057 2057
2057 2057
760 2058
2058 2058
2058 2058
2058 760
2058 2058
2058 2058
254 2059
760 2059
2059 2059
2059 2059
2059 254
2059 760
2059 2059
2059 2059
500 2060
928 2060
1322 2060
1323 2060
1985 2060
2060 2060
2060 2060
2060 500
2060 928
2060 1322
2060 1323
2060 1985
2060 2060
2060 2060
500 2061
1985 2061
2061 2061
2061 2061
2061 500
2061 1985
2061 2061
2061 2061
918 2064
2062 2064
2063 2064
2064 2064
2064 2064
2064 918
2064 2062
2064 2063
2064 2064
2064 2064
1094 2062
1470 2062
2064 2062
2038 2062
2062 2062
2062 2062
2062 1094
2062 1470
2062 2064
2062 2038
2062 2062
2062 2062
1094 2063
1470 2063
2064 2063
2063 2063
2063 2063
2063 1094
2063 1470
2063 2064
2063 2063
2063 2063
862 2065
1327 2065
1370 2065
2065 2065
2065 2065
2065 862
2065 1327
2065 1370
2065 2065
2065 2065
763 2067
1370 2067
2066 2067
2067 2067
2067 2067
2067 763
2067 1370
2067 2066
2067 2067
2067 2067
763 2066
1370 2066
2067 2066
2066 2066
2066 2066
2066 763
2066 1370
2066 2067
2066 2066
2066 2066
603 2005
787 2005
1430 2005
1559 2005
1584 2005
1830 2005
2006 2005
1999 2005
2005 2005
2005 2005
2005 603
2005 787
2005 1430
2005 1559
2005 1584
2005 1830
2005 2006
2005 1999
2005 2005
2005 2005
1388 2068
1593 2068
2068 2068
2068 2068
2068 1388
2068 1593
2068 2068
2068 2068
903 2069
1022 2069
1593 2069
2069 2069
2069 2069
2069 903
2069 1022
2069 1593
2069 2069
2069 2069
187 2070
1593 2070
2070 2070
2070 2070
2070 187
2070 1593
2070 2070
2070 2070
25 2074
311 2074
1017 2074
2071 2074
2072 2074
2073 2074
2074 2074
2074 2074
2074 25
2074 311
2074 1017
2074 2071
2074 2072
2074 2073
2074 2074
2074 2074
295 2071
373 2071
2074 2071
2072 2071
2071 2071
2071 2071
2071 295
2071 373
2071 2074
2071 2072
2071 2071
2071 2071
25 2072
596 2072
1017 2072
1699 2072
2074 2072
2071 2072
2072 2072
2072 2072
2072 25
2072 596
2072 1017
2072 1699
2072 2074
2072 2071
2072 2072
2072 2072
209 2075
196 2075
836 2075
1728 2075
2075 2075
2075 2075
2075 209
2075 196
2075 836
2075 1728
2075 2075
2075 2075
248 2076
209 2076
1795 2076
2076 2076
2076 2076
2076 248
2076 209
2076 1795
2076 2076
2076 2076
222 2077
196 2077
221 2077
198 2077
479 2077
1243 2077
1312 2077
1362 2077
1453 2077
1764 2077
2077 2077
2077 2077
2077 222
2077 196
2077 221
2077 198
2077 479
2077 1243
2077 1312
2077 1362
2077 1453
2077 1764
2077 2077
2077 2077
197 2078
1617 2078
2078 2078
2078 2078
2078 197
2078 1617
2078 2078
2078 2078
31 2079
206 2079
2079 2079
2079 2079
2079 31
2079 206
2079 2079
2079 2079
533 2080
571 2080
735 2080
784 2080
955 2080
1475 2080
1544 2080
1550 2080
1680 2080
2080 2080
2080 2080
2080 533
2080 571
2080 735
2080 784
2080 955
2080 1475
2080 1544
2080 1550
2080 1680
2080 2080
2080 2080
196 2081
469 2081
572 2081
2081 2081
2081 2081
2081 196
2081 469
2081 572
2081 2081
2081 2081
196 2083
469 2083
887 2083
1483 2083
2082 2083
2083 2083
2083 2083
2083 196
2083 469
2083 887
2083 1483
2083 2082
2083 2083
2083 2083
196 2085
1086 2085
1499 2085
2084 2085
2085 2085
2085 2085
2085 196
2085 1086
2085 1499
2085 2084
2085 2085
2085 2085
196 2086
1332 2086
2086 2086
2086 2086
2086 196
2086 1332
2086 2086
2086 2086
196 2087
1791 2087
2087 2087
2087 2087
2087 196
2087 1791
2087 2087
2087 2087
196 2082
469 2082
2083 2082
2082 2082
2082 2082
2082 196
2082 469
2082 2083
2082 2082
2082 2082
196 2088
469 2088
480 2088
1332 2088
2088 2088
2088 2088
2088 196
2088 469
2088 480
2088 1332
2088 2088
2088 2088
373 2073
196 2073
2074 2073
2073 2073
2073 2073
2073 373
2073 196
2073 2074
2073 2073
2073 2073
194 2089
2089 2089
2089 2089
2089 194
2089 2089
2089 2089
194 2090
781 2090
831 2090
2090 2090
2090 2090
2090 194
2090 781
2090 831
2090 2090
2090 2090
62 2084
194 2084
128 2084
666 2084
2085 2084
2091 2084
2084 2084
2084 2084
2084 62
2084 194
2084 128
2084 666
2084 2085
2084 2091
2084 2084
2084 2084
194 2093
264 2093
2092 2093
2093 2093
2093 2093
2093 194
2093 264
2093 2092
2093 2093
2093 2093
860 2020
936 2020
1007 2020
1778 2020
1846 2020
2016 2020
2020 2020
2020 2020
2020 860
2020 936
2020 1007
2020 1778
2020 1846
2020 2016
2020 2020
2020 2020
149 2095
659 2095
974 2095
2094 2095
2095 2095
2095 2095
2095 149
2095 659
2095 974
2095 2094
2095 2095
2095 2095
2095 2094
2094 2094
2094 2094
2094 2095
2094 2094
2094 2094
637 2096
838 2096
1521 2096
2096 2096
2096 2096
2096 637
2096 838
2096 1521
2096 2096
2096 2096
663 2098
830 2098
1180 2098
2097 2098
2098 2098
2098 2098
2098 663
2098 830
2098 1180
2098 2097
2098 2098
2098 2098
763 2097
2098 2097
2097 2097
2097 2097
2097 763
2097 2098
2097 2097
2097 2097
1283 2099
1907 2099
2099 2099
2099 2099
2099 1283
2099 1907
2099 2099
2099 2099
1283 2100
1907 2100
2100 2100
2100 2100
2100 1283
2100 1907
2100 2100
2100 2100
656 2101
2101 2101
2101 2101
2101 656
2101 2101
2101 2101
637 2102
657 2102
2102 2102
2102 2102
2102 637
2102 657
2102 2102
2102 2102
62 2091
2084 2091
2091 2091
2091 2091
2091 62
2091 2084
2091 2091
2091 2091
62 2103
259 2103
1499 2103
1776 2103
2103 2103
2103 2103
2103 62
2103 259
2103 1499
2103 1776
2103 2103
2103 2103
184 2104
1505 2104
2104 2104
2104 2104
2104 184
2104 1505
2104 2104
2104 2104
126 2106
1083 2106
1391 2106
1390 2106
1964 2106
2105 2106
2106 2106
2106 2106
2106 126
2106 1083
2106 1391
2106 1390
2106 1964
2106 2105
2106 2106
2106 2106
1083 2105
1390 2105
1964 2105
2106 2105
2105 2105
2105 2105
2105 1083
2105 1390
2105 1964
2105 2106
2105 2105
2105 2105
413 2107
2107 2107
2107 2107
2107 413
2107 2107
2107 2107
236 2022
230 2022
413 2022
1685 2022
2023 2022
2022 2022
2022 2022
2022 236
2022 230
2022 413
2022 1685
2022 2023
2022 2022
2022 2022
551 2108
413 2108
1076 2108
1475 2108
1742 2108
2108 2108
2108 2108
2108 551
2108 413
2108 1076
2108 1475
2108 1742
2108 2108
2108 2108
550 2109
1081 2109
2109 2109
2109 2109
2109 550
2109 1081
2109 2109
2109 2109
550 2111
2110 2111
2111 2111
2111 2111
2111 550
2111 2110
2111 2111
2111 2111
363 2112
1214 2112
2112 2112
2112 2112
2112 363
2112 1214
2112 2112
2112 2112
550 2110
795 2110
1502 2110
1836 2110
1857 2110
1885 2110
2111 2110
2113 2110
2110 2110
2110 2110
2110 550
2110 795
2110 1502
2110 1836
2110 1857
2110 1885
2110 2111
2110 2113
2110 2110
2110 2110
388 2113
1885 2113
2110 2113
2113 2113
2113 2113
2113 388
2113 1885
2113 2110
2113 2113
2113 2113
59 2114
373 2114
2114 2114
2114 2114
2114 59
2114 373
2114 2114
2114 2114
59 2037
349 2037
502 2037
2032 2037
2037 2037
2037 2037
2037 59
2037 349
2037 502
2037 2032
2037 2037
2037 2037
59 2115
1990 2115
2038 2115
2115 2115
2115 2115
2115 59
2115 1990
2115 2038
2115 2115
2115 2115
175 2038
350 2038
6 2038
606 2038
502 2038
1049 2038
2032 2038
2062 2038
2115 2038
2116 2038
2038 2038
2038 2038
2038 175
2038 350
2038 6
2038 606
2038 502
2038 1049
2038 2032
2038 2062
2038 2115
2038 2116
2038 2038
2038 2038
175 2116
174 2116
1990 2116
2038 2116
2116 2116
2116 2116
2116 175
2116 174
2116 1990
2116 2038
2116 2116
2116 2116
1109 2120
1268 2120
1599 2120
1602 2120
2117 2120
2118 2120
2119 2120
2120 2120
2120 2120
2120 1109
2120 1268
2120 1599
2120 1602
2120 2117
2120 2118
2120 2119
2120 2120
2120 2120
1110 2117
1109 2117
1268 2117
2120 2117
2118 2117
2117 2117
2117 2117
2117 1110
2117 1109
2117 1268
2117 2120
2117 2118
2117 2117
2117 2117
871 2118
1110 2118
1109 2118
1233 2118
1268 2118
1599 2118
2120 2118
2117 2118
2118 2118
2118 2118
2118 871
2118 1110
2118 1109
2118 1233
2118 1268
2118 1599
2118 2120
2118 2117
2118 2118
2118 2118
674 2119
1109 2119
2120 2119
2035 2119
2119 2119
2119 2119
2119 674
2119 1109
2119 2120
2119 2035
2119 2119
2119 2119
1109 2122
2121 2122
2122 2122
2122 2122
2122 1109
2122 2121
2122 2122
2122 2122
1110 2121
1109 2121
1268 2121
2122 2121
2121 2121
2121 2121
2121 1110
2121 1109
2121 1268
2121 2122
2121 2121
2121 2121
591 2035
754 2035
328 2035
912 2035
983 2035
1257 2035
1884 2035
1880 2035
1881 2035
2036 2035
2119 2035
2035 2035
2035 2035
2035 591
2035 754
2035 328
2035 912
2035 983
2035 1257
2035 1884
2035 1880
2035 1881
2035 2036
2035 2119
2035 2035
2035 2035
1457 2123
2049 2123
2123 2123
2123 2123
2123 1457
2123 2049
2123 2123
2123 2123
1160 2124
1457 2124
1678 2124
2124 2124
2124 2124
2124 1160
2124 1457
2124 1678
2124 2124
2124 2124
444 2049
595 2049
1457 2049
1690 2049
2050 2049
2123 2049
2049 2049
2049 2049
2049 444
2049 595
2049 1457
2049 1690
2049 2050
2049 2123
2049 2049
2049 2049
921 2125
1347 2125
2125 2125
2125 2125
2125 921
2125 1347
2125 2125
2125 2125
69 2126
342 2126
2126 2126
2126 2126
2126 69
2126 342
2126 2126
2126 2126
167 2127
1119 2127
1653 2127
1605 2127
2127 2127
2127 2127
2127 167
2127 1119
2127 1653
2127 1605
2127 2127
2127 2127
1387 2128
1480 2128
1605 2128
2128 2128
2128 2128
2128 1387
2128 1480
2128 1605
2128 2128
2128 2128
676 2129
39 2129
942 2129
2129 2129
2129 2129
2129 676
2129 39
2129 942
2129 2129
2129 2129
28 2132
1633 2132
2130 2132
2131 2132
2132 2132
2132 2132
2132 28
2132 1633
2132 2130
2132 2131
2132 2132
2132 2132
29 2130
927 2130
1300 2130
1674 2130
2132 2130
2130 2130
2130 2130
2130 29
2130 927
2130 1300
2130 1674
2130 2132
2130 2130
2130 2130
28 2131
1633 2131
2132 2131
2133 2131
2131 2131
2131 2131
2131 28
2131 1633
2131 2132
2131 2133
2131 2131
2131 2131
2131 2133
2133 2133
2133 2133
2133 2131
2133 2133
2133 2133
472 2134
1362 2134
1774 2134
1782 2134
2134 2134
2134 2134
2134 472
2134 1362
2134 1774
2134 1782
2134 2134
2134 2134
264 2135
263 2135
2092 2135
2135 2135
2135 2135
2135 264
2135 263
2135 2092
2135 2135
2135 2135
31 2092
1507 2092
2093 2092
2135 2092
2092 2092
2092 2092
2092 31
2092 1507
2092 2093
2092 2135
2092 2092
2092 2092
437 2138
652 2138
847 2138
1097 2138
1240 2138
2136 2138
2137 2138
2138 2138
2138 2138
2138 437
2138 652
2138 847
2138 1097
2138 1240
2138 2136
2138 2137
2138 2138
2138 2138
437 2136
616 2136
737 2136
1662 2136
2138 2136
2136 2136
2136 2136
2136 437
2136 616
2136 737
2136 1662
2136 2138
2136 2136
2136 2136
652 2137
1097 2137
1240 2137
2138 2137
2137 2137
2137 2137
2137 652
2137 1097
2137 1240
2137 2138
2137 2137
2137 2137
437 2139
2139 2139
2139 2139
2139 437
2139 2139
2139 2139
1371 2054
2055 2054
2054 2054
2054 2054
2054 1371
2054 2055
2054 2054
2054 2054
178 2140
1218 2140
2140 2140
2140 2140
2140 178
2140 1218
2140 2140
2140 2140
1218 2141
2141 2141
2141 2141
2141 1218
2141 2141
2141 2141
972 2143
1218 2143
2142 2143
2143 2143
2143 2143
2143 972
2143 1218
2143 2142
2143 2143
2143 2143
1218 2144
1287 2144
1579 2144
1657 2144
2144 2144
2144 2144
2144 1218
2144 1287
2144 1579
2144 1657
2144 2144
2144 2144
139 2142
449 2142
673 2142
138 2142
440 2142
993 2142
1117 2142
1118 2142
1139 2142
1149 2142
1200 2142
1218 2142
1529 2142
2143 2142
2142 2142
2142 2142
2142 139
2142 449
2142 673
2142 138
2142 440
2142 993
2142 1117
2142 1118
2142 1139
2142 1149
2142 1200
2142 1218
2142 1529
2142 2143
2142 2142
2142 2142
498 2014
97 2014
1218 2014
2015 2014
2014 2014
2014 2014
2014 498
2014 97
2014 1218
2014 2015
2014 2014
2014 2014
204 2147
1826 2147
2145 2147
2146 2147
2147 2147
2147 2147
2147 204
2147 1826
2147 2145
2147 2146
2147 2147
2147 2147
2147 2145
2145 2145
2145 2145
2145 2147
2145 2145
2145 2145
37 2146
2147 2146
2146 2146
2146 2146
2146 37
2146 2147
2146 2146
2146 2146
