267 1784
270 1784
1625 1784
1783 1784
1784 1784
1784 267
1784 270
1784 1625
1784 1783
1784 1784
1071 1785
1508 1785
1625 1785
1785 1785
1785 1071
1785 1508
1785 1625
1785 1785
267 1786
289 1786
1071 1786
1620 1786
1775 1786
1786 1786
1786 267
1786 289
1786 1071
1786 1620
1786 1775
1786 1786
273 1787
781 1787
1610 1787
1787 1787
1787 273
1787 781
1787 1610
1787 1787
456 1788
1323 1788
1610 1788
1788 1788
1788 456
1788 1323
1788 1610
1788 1788
320 1789
1789 1789
1789 320
1789 1789
1155 1790
1790 1790
1790 1155
1790 1790
1155 1793
1386 1793
1791 1793
1792 1793
1793 1793
1793 1155
1793 1386
1793 1792
1793 1791
1793 1793
1155 1791
827 1791
1793 1791
1792 1791
1791 1791
1791 1155
1791 827
1791 1793
1791 1792
1791 1791
1793 1792
1791 1792
1792 1792
1792 1793
1792 1791
1792 1792
270 1794
1070 1794
45 1794
215 1794
1794 1794
1794 270
1794 1070
1794 45
1794 215
1794 1794
270 1795
636 1795
304 1795
642 1795
45 1795
1584 1795
1656 1795
1772 1795
1795 1795
1795 270
1795 636
1795 304
1795 642
1795 45
1795 1584
1795 1656
1795 1772
1795 1795
270 1796
45 1796
1467 1796
1701 1796
1796 1796
1796 270
1796 45
1796 1467
1796 1701
1796 1796
22 1797
1180 1797
45 1797
1797 1797
1797 22
1797 1180
1797 45
1797 1797
182 1798
45 1798
1508 1798
1798 1798
1798 182
1798 45
1798 1508
1798 1798
270 1799
45 1799
1799 1799
1799 270
1799 45
1799 1799
197 1800
707 1800
196 1800
45 1800
1800 1800
1800 197
1800 707
1800 196
1800 45
1800 1800
270 1801
45 1801
1546 1801
1732 1801
1801 1801
1801 270
1801 45
1801 1546
1801 1732
1801 1801
267 1802
270 1802
289 1802
941 1802
45 1802
1802 1802
1802 267
1802 270
1802 289
1802 941
1802 45
1802 1802
838 1804
1238 1804
1803 1804
1804 1804
1804 838
1804 1238
1804 1803
1804 1804
397 1805
89 1805
491 1805
1238 1805
1805 1805
1805 397
1805 89
1805 491
1805 1238
1805 1805
966 1806
1238 1806
1783 1806
1806 1806
1806 966
1806 1238
1806 1783
1806 1806
1238 1803
1804 1803
1783 1803
1803 1803
1803 1238
1803 1804
1803 1783
1803 1803
28 1783
63 1783
506 1783
521 1783
705 1783
872 1783
491 1783
904 1783
517 1783
953 1783
892 1783
991 1783
629 1783
416 1783
992 1783
1174 1783
1238 1783
1262 1783
1108 1783
519 1783
986 1783
1173 1783
987 1783
656 1783
494 1783
1576 1783
1581 1783
1784 1783
1806 1783
1803 1783
1807 1783
1808 1783
1809 1783
1810 1783
1811 1783
1812 1783
1813 1783
1814 1783
1815 1783
1816 1783
1817 1783
1818 1783
1819 1783
1820 1783
1783 1783
1783 28
1783 63
1783 506
1783 521
1783 705
1783 872
1783 491
1783 904
1783 517
1783 953
1783 892
1783 991
1783 629
1783 416
1783 992
1783 1174
1783 1238
1783 1262
1783 1108
1783 519
1783 986
1783 1173
1783 987
1783 656
1783 494
1783 1576
1783 1581
1783 1784
1783 1806
1783 1803
1783 1807
1783 1808
1783 1809
1783 1810
1783 1811
1783 1812
1783 1813
1783 1814
1783 1815
1783 1816
1783 1817
1783 1818
1783 1819
1783 1820
1783 1783
1783 1807
1818 1807
1807 1807
1807 1783
1807 1818
1807 1807
491 1808
1783 1808
1808 1808
1808 491
1808 1783
1808 1808
1425 1809
1783 1809
1809 1809
1809 1425
1809 1783
1809 1809
491 1810
1783 1810
1810 1810
1810 491
1810 1783
1810 1810
386 1811
1783 1811
1811 1811
1811 386
1811 1783
1811 1811
1170 1812
1783 1812
1812 1812
1812 1170
1812 1783
1812 1812
107 1813
1783 1813
1813 1813
1813 107
1813 1783
1813 1813
107 1814
1783 1814
1814 1814
1814 107
1814 1783
1814 1814
1581 1815
1783 1815
1815 1815
1815 1581
1815 1783
1815 1815
1701 1816
1783 1816
1821 1816
1816 1816
1816 1701
1816 1783
1816 1821
1816 1816
371 1817
54 1817
200 1817
991 1817
1783 1817
1817 1817
1817 371
1817 54
1817 200
1817 991
1817 1783
1817 1817
1783 1818
1807 1818
1818 1818
1818 1783
1818 1807
1818 1818
54 1819
1307 1819
1783 1819
1819 1819
1819 54
1819 1307
1819 1783
1819 1819
714 1824
832 1824
1029 1824
864 1824
1028 1824
1473 1824
1822 1824
1823 1824
1824 1824
1824 714
1824 832
1824 1029
1824 864
1824 1028
1824 1473
1824 1822
1824 1823
1824 1824
342 1822
571 1822
864 1822
1824 1822
1822 1822
1822 342
1822 571
1822 864
1822 1824
1822 1822
573 1823
832 1823
1029 1823
1411 1823
1412 1823
1824 1823
1825 1823
1826 1823
1823 1823
1823 573
1823 832
1823 1029
1823 1411
1823 1412
1823 1824
1823 1825
1823 1826
1823 1823
1412 1825
1552 1825
1823 1825
1827 1825
1825 1825
1825 1412
1825 1552
1825 1823
1825 1827
1825 1825
529 1827
1411 1827
1412 1827
1825 1827
1827 1827
1827 529
1827 1411
1827 1412
1827 1825
1827 1827
1227 1826
1101 1826
1411 1826
1823 1826
1828 1826
1826 1826
1826 1227
1826 1101
1826 1411
1826 1823
1826 1828
1826 1826
1159 1829
146 1829
1517 1829
1829 1829
1829 1159
1829 146
1829 1517
1829 1829
1168 1830
1159 1830
1830 1830
1830 1168
1830 1159
1830 1830
1159 1831
1831 1831
1831 1159
1831 1831
180 1833
182 1833
1832 1833
1833 1833
1833 180
1833 182
1833 1832
1833 1833
731 1832
178 1832
1154 1832
1833 1832
1832 1832
1832 731
1832 178
1832 1154
1832 1833
1832 1832
243 1834
1834 1834
1834 243
1834 1834
244 1835
243 1835
1835 1835
1835 244
1835 243
1835 1835
438 1836
439 1836
1326 1836
1767 1836
1836 1836
1836 438
1836 439
1836 1326
1836 1767
1836 1836
259 1837
1122 1837
1837 1837
1837 259
1837 1122
1837 1837
24 1838
916 1838
1122 1838
1655 1838
1838 1838
1838 24
1838 916
1838 1122
1838 1655
1838 1838
170 1839
1382 1839
1839 1839
1839 170
1839 1382
1839 1839
664 1840
255 1840
256 1840
170 1840
1840 1840
1840 664
1840 255
1840 256
1840 170
1840 1840
330 1841
329 1841
170 1841
743 1841
1502 1841
1655 1841
1841 1841
1841 330
1841 329
1841 170
1841 743
1841 1502
1841 1655
1841 1841
221 1842
170 1842
1842 1842
1842 221
1842 170
1842 1842
1176 1843
170 1843
1843 1843
1843 1176
1843 170
1843 1843
1023 1844
170 1844
1844 1844
1844 1023
1844 170
1844 1844
170 1846
1701 1846
1845 1846
1846 1846
1846 170
1846 1701
1846 1845
1846 1846
194 1847
221 1847
170 1847
1847 1847
1847 194
1847 221
1847 170
1847 1847
679 1849
170 1849
969 1849
1381 1849
1654 1849
1848 1849
1849 1849
1849 679
1849 170
1849 969
1849 1381
1849 1654
1849 1848
1849 1849
139 1850
137 1850
138 1850
170 1850
1491 1850
1618 1850
1850 1850
1850 139
1850 137
1850 138
1850 170
1850 1491
1850 1618
1850 1850
73 1851
221 1851
601 1851
170 1851
1851 1851
1851 73
1851 221
1851 601
1851 170
1851 1851
323 1852
254 1852
170 1852
969 1852
1660 1852
1852 1852
1852 323
1852 254
1852 170
1852 969
1852 1660
1852 1852
1701 1853
1853 1853
1853 1701
1853 1853
1701 1854
1854 1854
1854 1701
1854 1854
1701 1855
1855 1855
1855 1701
1855 1855
902 1856
1701 1856
1856 1856
1856 902
1856 1701
1856 1856
270 1857
1352 1857
1701 1857
1857 1857
1857 270
1857 1352
1857 1701
1857 1857
599 1858
1701 1858
1708 1858
1858 1858
1858 599
1858 1701
1858 1708
1858 1858
621 1859
1701 1859
1859 1859
1859 621
1859 1701
1859 1859
1701 1860
1860 1860
1860 1701
1860 1860
1701 1861
1861 1861
1861 1701
1861 1861
1701 1862
1862 1862
1862 1701
1862 1862
1 1863
1221 1863
1701 1863
1863 1863
1863 1
1863 1221
1863 1701
1863 1863
926 1864
1701 1864
1864 1864
1864 926
1864 1701
1864 1864
522 1865
54 1865
525 1865
1701 1865
1865 1865
1865 522
1865 54
1865 525
1865 1701
1865 1865
660 1866
759 1866
1701 1866
1866 1866
1866 660
1866 759
1866 1701
1866 1866
0 1867
1701 1867
1867 1867
1867 0
1867 1701
1867 1867
1701 1845
1846 1845
1845 1845
1845 1701
1845 1846
1845 1845
428 1868
371 1868
666 1868
1701 1868
1868 1868
1868 428
1868 371
1868 666
1868 1701
1868 1868
467 1820
478 1820
480 1820
399 1820
466 1820
703 1820
859 1820
1701 1820
1783 1820
1820 1820
1820 467
1820 478
1820 480
1820 399
1820 466
1820 703
1820 859
1820 1701
1820 1783
1820 1820
396 1869
54 1869
1701 1869
1869 1869
1869 396
1869 54
1869 1701
1869 1869
269 1870
514 1870
637 1870
1701 1870
1870 1870
1870 269
1870 514
1870 637
1870 1701
1870 1870
1701 1871
1871 1871
1871 1701
1871 1871
200 1821
835 1821
1701 1821
1816 1821
1821 1821
1821 200
1821 835
1821 1701
1821 1816
1821 1821
1097 1872
1297 1872
1567 1872
1701 1872
1872 1872
1872 1097
1872 1297
1872 1567
1872 1701
1872 1872
54 1873
1701 1873
1873 1873
1873 54
1873 1701
1873 1873
1701 1874
1874 1874
1874 1701
1874 1874
1701 1875
1875 1875
1875 1701
1875 1875
269 1876
261 1876
1876 1876
1876 269
1876 261
1876 1876
877 1877
575 1877
261 1877
1530 1877
1877 1877
1877 877
1877 575
1877 261
1877 1530
1877 1877
348 1878
261 1878
1125 1878
1113 1878
1878 1878
1878 348
1878 261
1878 1125
1878 1113
1878 1878
261 1879
1074 1879
752 1879
1543 1879
1879 1879
1879 261
1879 1074
1879 752
1879 1543
1879 1879
194 1880
328 1880
908 1880
261 1880
150 1880
1880 1880
1880 194
1880 328
1880 908
1880 261
1880 150
1880 1880
261 1881
1881 1881
1881 261
1881 1881
307 1883
549 1883
261 1883
475 1883
1882 1883
1883 1883
1883 307
1883 549
1883 261
1883 475
1883 1882
1883 1883
261 1882
1883 1882
1882 1882
1882 261
1882 1883
1882 1882
123 1884
1710 1884
1884 1884
1884 123
1884 1710
1884 1884
123 1886
1885 1886
1886 1886
1886 123
1886 1885
1886 1886
123 1885
1744 1885
1886 1885
1885 1885
1885 123
1885 1744
1885 1886
1885 1885
89 1891
1535 1891
1887 1891
1888 1891
1889 1891
1890 1891
1891 1891
1891 89
1891 1535
1891 1887
1891 1888
1891 1889
1891 1890
1891 1891
1891 1887
1887 1887
1887 1891
1887 1887
1891 1888
1888 1888
1888 1891
1888 1888
1580 1889
1666 1889
1891 1889
1889 1889
1889 1580
1889 1666
1889 1891
1889 1889
668 1890
1891 1890
1890 1890
1890 668
1890 1891
1890 1890
516 1892
567 1892
930 1892
1138 1892
1189 1892
1254 1892
584 1892
1408 1892
1483 1892
1511 1892
1655 1892
1892 1892
1892 516
1892 567
1892 930
1892 1138
1892 1189
1892 1254
1892 584
1892 1408
1892 1483
1892 1511
1892 1655
1892 1892
1029 1893
1565 1893
1893 1893
1893 1029
1893 1565
1893 1893
277 1895
1086 1895
1153 1895
1894 1895
1895 1895
1895 277
1895 1086
1895 1153
1895 1894
1895 1895
1895 1894
1896 1894
1894 1894
1894 1895
1894 1896
1894 1894
324 1897
1029 1897
1128 1897
1695 1897
1897 1897
1897 324
1897 1029
1897 1128
1897 1695
1897 1897
316 1898
1029 1898
1828 1898
1898 1898
1898 316
1898 1029
1898 1828
1898 1898
1029 1899
1899 1899
1899 1029
1899 1899
326 1900
1029 1900
1549 1900
1900 1900
1900 326
1900 1029
1900 1549
1900 1900
573 1828
832 1828
1153 1828
572 1828
1363 1828
1482 1828
1826 1828
1898 1828
1896 1828
1901 1828
1828 1828
1828 573
1828 832
1828 1153
1828 572
1828 1363
1828 1482
1828 1826
1828 1898
1828 1896
1828 1901
1828 1828
1086 1896
1153 1896
1178 1896
1894 1896
1828 1896
1896 1896
1896 1086
1896 1153
1896 1178
1896 1894
1896 1828
1896 1896
1363 1901
1828 1901
1901 1901
1901 1363
1901 1828
1901 1901
128 1902
1902 1902
1902 128
1902 1902
128 1904
1702 1904
1903 1904
1904 1904
1904 128
1904 1702
1904 1903
1904 1904
379 1903
128 1903
948 1903
1050 1903
1051 1903
1093 1903
378 1903
1904 1903
1903 1903
1903 379
1903 128
1903 948
1903 1050
1903 1051
1903 1093
1903 378
1903 1904
1903 1903
194 1905
405 1905
221 1905
1318 1905
1477 1905
1533 1905
1674 1905
1905 1905
1905 194
1905 405
1905 221
1905 1318
1905 1477
1905 1533
1905 1674
1905 1905
405 1848
158 1848
536 1848
902 1848
1849 1848
1848 1848
1848 405
1848 158
1848 536
1848 902
1848 1849
1848 1848
335 1906
82 1906
1906 1906
1906 335
1906 82
1906 1906
1233 1907
82 1907
1373 1907
1907 1907
1907 1233
1907 82
1907 1373
1907 1907
809 1908
1260 1908
228 1908
82 1908
1346 1908
1610 1908
1704 1908
1908 1908
1908 809
1908 1260
1908 228
1908 82
1908 1346
1908 1610
1908 1704
1908 1908
83 1909
820 1909
81 1909
82 1909
1909 1909
1909 83
1909 820
1909 81
1909 82
1909 1909
