1910 1910
1910 1910
1208 1911
1538 1911
1911 1911
1911 1208
1911 1538
1911 1911
318 1912
1912 1912
1912 318
1912 1912
899 1913
1913 1913
1913 899
1913 1913
1142 1914
1076 1914
969 1914
1375 1914
1405 1914
1914 1914
1914 1142
1914 1076
1914 969
1914 1375
1914 1405
1914 1914
172 1916
1915 1916
1916 1916
1916 172
1916 1915
1916 1916
665 1917
677 1917
1418 1917
1917 1917
1917 665
1917 677
1917 1418
1917 1917
1265 1918
1418 1918
1918 1918
1918 1265
1918 1418
1918 1918
1418 1920
1919 1920
1920 1920
1920 1418
1920 1919
1920 1920
1229 1921
1418 1921
1919 1921
1921 1921
1921 1229
1921 1418
1921 1919
1921 1921
13 1922
1418 1922
1922 1922
1922 13
1922 1418
1922 1922
172 1915
13 1915
1418 1915
1916 1915
1915 1915
1915 172
1915 13
1915 1418
1915 1916
1915 1915
379 1919
634 1919
778 1919
68 1919
1137 1919
1204 1919
968 1919
1436 1919
1920 1919
1921 1919
1923 1919
1924 1919
1925 1919
1919 1919
1919 379
1919 634
1919 778
1919 68
1919 1137
1919 1204
1919 968
1919 1436
1919 1920
1919 1921
1919 1923
1919 1924
1919 1925
1919 1919
56 1923
1447 1923
1919 1923
1923 1923
1923 56
1923 1447
1923 1919
1923 1923
404 1924
1668 1924
1919 1924
1926 1924
1924 1924
1924 404
1924 1668
1924 1919
1924 1926
1924 1924
536 1925
1919 1925
1925 1925
1925 536
1925 1919
1925 1925
95 1927
1367 1927
1480 1927
1927 1927
1927 95
1927 1367
1927 1480
1927 1927
770 1929
1367 1929
1928 1929
1929 1929
1929 770
1929 1367
1929 1928
1929 1929
554 1930
95 1930
553 1930
1367 1930
1930 1930
1930 554
1930 95
1930 553
1930 1367
1930 1930
689 1931
1367 1931
1931 1931
1931 689
1931 1367
1931 1931
1197 1932
617 1932
618 1932
1367 1932
1480 1932
1932 1932
1932 1197
1932 617
1932 618
1932 1367
1932 1480
1932 1932
770 1928
95 1928
1367 1928
1480 1928
1929 1928
1928 1928
1928 770
1928 95
1928 1367
1928 1480
1928 1929
1928 1928
937 1934
1933 1934
1934 1934
1934 937
1934 1933
1934 1934
1934 1933
1933 1933
1933 1934
1933 1933
44 1935
1480 1935
1935 1935
1935 44
1935 1480
1935 1935
770 1936
95 1936
553 1936
1480 1936
1936 1936
1936 770
1936 95
1936 553
1936 1480
1936 1936
95 1937
553 1937
1351 1937
1480 1937
1937 1937
1937 95
1937 553
1937 1351
1937 1480
1937 1937
388 1938
651 1938
1480 1938
1938 1938
1938 388
1938 651
1938 1480
1938 1938
1194 1939
1480 1939
1939 1939
1939 1194
1939 1480
1939 1939
386 1943
687 1943
650 1943
1940 1943
1941 1943
1942 1943
1943 1943
1943 386
1943 687
1943 650
1943 1940
1943 1941
1943 1942
1943 1943
386 1940
651 1940
655 1940
1943 1940
1941 1940
1944 1940
1940 1940
1940 386
1940 651
1940 655
1940 1943
1940 1944
1940 1941
1940 1940
386 1941
1943 1941
1940 1941
1942 1941
1941 1941
1941 386
1941 1943
1941 1940
1941 1942
1941 1941
386 1944
655 1944
1940 1944
1942 1944
1944 1944
1944 386
1944 655
1944 1940
1944 1942
1944 1944
386 1945
1815 1945
1942 1945
1945 1945
1945 386
1945 1815
1945 1942
1945 1945
386 1946
1103 1946
1946 1946
1946 386
1946 1103
1946 1946
386 1942
687 1942
651 1942
652 1942
1259 1942
654 1942
655 1942
1351 1942
1433 1942
1606 1942
1811 1942
1943 1942
1941 1942
1944 1942
1945 1942
1942 1942
1942 386
1942 687
1942 651
1942 652
1942 1259
1942 654
1942 655
1942 1351
1942 1433
1942 1606
1942 1811
1942 1943
1942 1941
1942 1944
1942 1945
1942 1942
1006 1948
1947 1948
1948 1948
1948 1006
1948 1947
1948 1948
1006 1947
1151 1947
1229 1947
367 1947
114 1947
1566 1947
1948 1947
1947 1947
1947 1006
1947 1151
1947 1229
1947 367
1947 114
1947 1566
1947 1948
1947 1947
336 1949
1473 1949
1553 1949
1949 1949
1949 336
1949 1473
1949 1553
1949 1949
972 1954
1308 1954
1442 1954
1900 1954
1950 1954
1951 1954
1952 1954
1953 1954
1954 1954
1954 972
1954 1308
1954 1442
1954 1900
1954 1950
1954 1951
1954 1952
1954 1953
1954 1954
783 1950
1040 1950
1271 1950
784 1950
1162 1950
1954 1950
1951 1950
1950 1950
1950 783
1950 1040
1950 1271
1950 784
1950 1162
1950 1954
1950 1951
1950 1950
1040 1951
1162 1951
1954 1951
1950 1951
1951 1951
1951 1040
1951 1162
1951 1954
1951 1950
1951 1951
916 1952
1355 1952
1442 1952
1954 1952
1952 1952
1952 916
1952 1355
1952 1442
1952 1954
1952 1952
1074 1953
752 1953
1112 1953
1442 1953
1879 1953
1883 1953
1954 1953
1953 1953
1953 1074
1953 752
1953 1112
1953 1442
1953 1879
1953 1883
1953 1954
1953 1953
326 1955
351 1955
324 1955
349 1955
1955 1955
1955 326
1955 351
1955 324
1955 349
1955 1955
1363 1956
1896 1956
1901 1956
1956 1956
1956 1363
1956 1896
1956 1901
1956 1956
1081 1957
1080 1957
350 1957
1957 1957
1957 1081
1957 1080
1957 350
1957 1957
350 1959
843 1959
1958 1959
1959 1959
1959 350
1959 843
1959 1958
1959 1959
350 1958
1959 1958
1958 1958
1958 350
1958 1959
1958 1958
547 1962
848 1962
1904 1962
1960 1962
1961 1962
1962 1962
1962 547
1962 848
1962 1904
1962 1960
1962 1961
1962 1962
49 1960
1962 1960
1960 1960
1960 49
1960 1962
1960 1960
251 1961
716 1961
824 1961
848 1961
1234 1961
823 1961
50 1961
1569 1961
1703 1961
1702 1961
1962 1961
1963 1961
1961 1961
1961 251
1961 716
1961 824
1961 848
1961 1234
1961 823
1961 50
1961 1569
1961 1703
1961 1702
1961 1962
1961 1963
1961 1961
595 1964
1702 1964
1964 1964
1964 595
1964 1702
1964 1964
1668 1965
1702 1965
1926 1965
1965 1965
1965 1668
1965 1702
1965 1926
1965 1965
1702 1966
1966 1966
1966 1702
1966 1966
408 1967
1703 1967
1702 1967
1967 1967
1967 408
1967 1703
1967 1702
1967 1967
1703 1963
1702 1963
1961 1963
1963 1963
1963 1703
1963 1702
1963 1961
1963 1963
171 1968
1405 1968
1654 1968
1968 1968
1968 171
1968 1405
1968 1654
1968 1968
73 1972
556 1972
877 1972
894 1972
601 1972
1076 1972
1077 1972
1120 1972
1464 1972
1529 1972
1639 1972
1681 1972
1969 1972
1970 1972
1971 1972
1972 1972
1972 73
1972 556
1972 877
1972 894
1972 601
1972 1076
1972 1077
1972 1120
1972 1464
1972 1529
1972 1639
1972 1681
1972 1969
1972 1970
1972 1971
1972 1972
575 1969
224 1969
1972 1969
1969 1969
1969 575
1969 224
1969 1972
1969 1969
969 1970
1375 1970
1399 1970
1672 1970
1972 1970
1970 1970
1970 969
1970 1375
1970 1399
1970 1672
1970 1972
1970 1970
380 1971
600 1971
1972 1971
1971 1971
1971 380
1971 600
1971 1972
1971 1971
795 1973
1530 1973
1973 1973
1973 795
1973 1530
1973 1973
549 1974
795 1974
869 1974
328 1974
548 1974
1974 1974
1974 549
1974 795
1974 869
1974 328
1974 548
1974 1974
795 1976
1841 1976
1975 1976
1976 1976
1976 795
1976 1841
1976 1975
1976 1976
795 1975
329 1975
1841 1975
1976 1975
1975 1975
1975 795
1975 329
1975 1841
1975 1976
1975 1975
795 1977
877 1977
1530 1977
1977 1977
1977 795
1977 877
1977 1530
1977 1977
218 1978
795 1978
1978 1978
1978 218
1978 795
1978 1978
136 1979
817 1979
378 1979
1926 1979
1979 1979
1979 136
1979 817
1979 378
1979 1926
1979 1979
817 1980
130 1980
1318 1980
559 1980
1533 1980
1980 1980
1980 817
1980 130
1980 1318
1980 559
1980 1533
1980 1980
816 1981
817 1981
1981 1981
1981 816
1981 817
1981 1981
2 2005
109 2005
168 2005
176 2005
389 2005
402 2005
434 2005
53 2005
487 2005
522 2005
686 2005
720 2005
167 2005
844 2005
22 2005
291 2005
948 2005
1050 2005
1056 2005
225 2005
401 2005
493 2005
621 2005
984 2005
1272 2005
519 2005
938 2005
1254 2005
1316 2005
1435 2005
1452 2005
1556 2005
1574 2005
1697 2005
1704 2005
1711 2005
1808 2005
1860 2005
1869 2005
1821 2005
1873 2005
1874 2005
1982 2005
1983 2005
1984 2005
1985 2005
1986 2005
1987 2005
1988 2005
1989 2005
1990 2005
1991 2005
1992 2005
1993 2005
1994 2005
1995 2005
1996 2005
1997 2005
1998 2005
1999 2005
2000 2005
2001 2005
2002 2005
2003 2005
2004 2005
2005 2005
2005 2
2005 109
2005 168
2005 176
2005 389
2005 402
2005 434
2005 53
2005 487
2005 522
2005 686
2005 720
2005 167
2005 844
2005 22
2005 291
2005 948
2005 1050
2005 1056
2005 225
2005 401
2005 493
2005 621
2005 984
2005 1272
2005 519
2005 938
2005 1254
2005 1316
2005 1435
2005 1452
2005 1556
2005 1574
2005 1697
2005 1704
2005 1711
2005 1808
2005 1860
2005 1869
2005 1821
2005 1873
2005 1874
2005 1982
2005 1983
2005 1984
2005 1985
2005 1986
2005 1987
2005 1988
2005 1989
2005 1990
2005 1991
2005 1992
2005 1993
2005 1994
2005 1995
2005 1996
2005 1997
2005 1998
2005 1999
2005 2000
2005 2001
2005 2002
2005 2003
2005 2004
2005 2005
1317 1982
2005 1982
1999 1982
1982 1982
1982 1317
1982 2005
1982 1999
1982 1982
761 1983
2005 1983
1983 1983
1983 761
1983 2005
1983 1983
844 1984
2005 1984
1984 1984
1984 844
1984 2005
1984 1984
2005 1985
1985 1985
1985 2005
1985 1985
2005 1986
1986 1986
1986 2005
1986 1986
597 1987
2005 1987
1987 1987
1987 597
1987 2005
1987 1987
754 1988
2005 1988
1988 1988
1988 754
1988 2005
1988 1988
413 1989
2005 1989
1989 1989
1989 413
1989 2005
1989 1989
400 1990
401 1990
1583 1990
2005 1990
1990 1990
1990 400
1990 401
1990 1583
1990 2005
1990 1990
19 1991
681 1991
2005 1991
1991 1991
1991 19
1991 681
1991 2005
1991 1991
605 1992
2005 1992
1992 1992
1992 605
1992 2005
1992 1992
267 1993
456 1993
291 1993
781 1993
1323 1993
1780 1993
2005 1993
1993 1993
1993 267
1993 456
1993 291
1993 781
1993 1323
1993 1780
1993 2005
1993 1993
607 1994
789 1994
677 1994
2005 1994
1994 1994
1994 607
1994 789
1994 677
1994 2005
1994 1994
402 1995
579 1995
663 1995
2005 1995
1995 1995
1995 402
1995 579
1995 663
1995 2005
1995 1995
242 1996
89 1996
893 1996
958 1996
2005 1996
1997 1996
1998 1996
2006 1996
1996 1996
1996 242
1996 89
1996 893
1996 958
1996 2005
1996 2006
1996 1997
1996 1998
1996 1996
2005 1997
1996 1997
1997 1997
1997 2005
1997 1996
1997 1997
444 1998
6 1998
2005 1998
1996 1998
1998 1998
1998 444
1998 6
1998 2005
1998 1996
1998 1998
397 1999
371 1999
2005 1999
1982 1999
1999 1999
1999 397
1999 371
1999 2005
1999 1982
1999 1999
2005 2000
2000 2000
2000 2005
2000 2000
603 2001
2005 2001
2001 2001
2001 603
2001 2005
2001 2001
2005 2002
2002 2002
2002 2005
2002 2002
107 2003
2005 2003
2003 2003
2003 107
2003 2005
2003 2003
402 2004
400 2004
401 2004
2005 2004
2007 2004
2004 2004
2004 402
2004 400
2004 401
2004 2005
2004 2007
2004 2004
194 2009
323 2009
403 2009
2008 2009
2009 2009
2009 194
2009 323
2009 403
2009 2008
2009 2009
57 2010
194 2010
107 2010
2010 2010
2010 57
2010 194
2010 107
2010 2010
194 2011
587 2011
2011 2011
2011 194
2011 587
2011 2011
194 2012
861 2012
2012 2012
2012 194
2012 861
2012 2012
194 2013
221 2013
2013 2013
2013 194
2013 221
2013 2013
194 2014
150 2014
2014 2014
2014 194
2014 150
2014 2014
194 2008
217 2008
309 2008
2009 2008
2008 2008
2008 194
2008 217
2008 309
2008 2009
2008 2008
194 2015
218 2015
133 2015
1491 2015
2015 2015
2015 194
2015 218
2015 133
2015 1491
2015 2015
195 2017
483 2017
548 2017
133 2017
227 2017
1658 2017
2016 2017
2017 2017
2017 195
2017 483
2017 548
2017 133
2017 227
2017 1658
2017 2016
2017 2017
309 2016
2017 2016
2016 2016
2016 309
2016 2017
2016 2016
136 2018
129 2018
2018 2018
2018 136
2018 129
2018 2018
136 2019
162 2019
158 2019
1630 2019
2019 2019
2019 136
2019 162
2019 158
2019 1630
2019 2019
129 2020
318 2020
2020 2020
2020 129
2020 318
2020 2020
130 2021
1516 2021
2021 2021
2021 130
2021 1516
2021 2021
869 2022
130 2022
812 2022
814 2022
2022 2022
2022 869
2022 130
2022 812
2022 814
2022 2022
385 2007
956 2007
821 2007
1303 2007
1266 2007
1357 2007
1471 2007
1583 2007
2004 2007
2023 2007
2024 2007
2025 2007
2007 2007
2007 385
2007 956
2007 821
2007 1303
2007 1266
2007 1357
2007 1471
2007 1583
2007 2004
2007 2023
2007 2024
2007 2025
2007 2007
304 2023
2007 2023
2026 2023
2023 2023
2023 304
2023 2007
2023 2026
2023 2023
1003 2024
1118 2024
2007 2024
2024 2024
2024 1003
2024 1118
2024 2007
2024 2024
2007 2025
2025 2025
2025 2007
2025 2025
571 2027
1543 2027
1579 2027
2027 2027
2027 571
2027 1543
2027 1579
2027 2027
323 2028
831 2028
2028 2028
2028 323
2028 831
2028 2028
831 2029
2029 2029
2029 831
2029 2029
215 2030
2030 2030
2030 215
2030 2030
366 2031
1151 2031
367 2031
215 2031
2031 2031
2031 366
2031 1151
2031 367
2031 215
2031 2031
30 1926
116 1926
216 1926
368 1926
29 1926
506 1926
455 1926
637 1926
1002 1926
1065 1926
435 1926
226 1926
367 1926
1211 1926
1341 1926
1096 1926
446 1926
215 1926
1448 1926
1500 1926
1615 1926
1566 1926
1616 1926
1805 1926
1808 1926
1891 1926
1888 1926
1892 1926
1924 1926
1965 1926
1979 1926
2032 1926
2033 1926
2034 1926
2035 1926
2036 1926
2037 1926
2038 1926
2039 1926
1926 1926
1926 30
1926 116
1926 216
1926 368
1926 29
1926 506
1926 455
1926 637
1926 1002
1926 1065
1926 435
1926 226
1926 367
1926 1211
1926 1341
1926 1096
1926 446
1926 215
1926 1448
1926 1500
1926 1615
1926 1566
1926 1616
1926 1805
1926 1808
1926 1891
1926 1888
1926 1892
1926 1924
1926 1965
1926 1979
1926 2032
1926 2033
1926 2034
1926 2035
1926 2036
1926 2037
1926 2038
1926 2039
1926 1926
107 2032
1350 2032
1926 2032
2032 2032
2032 107
2032 1350
2032 1926
2032 2032
431 2033
1926 2033
2033 2033
2033 431
2033 1926
2033 2033
397 2034
1926 2034
2034 2034
2034 397
2034 1926
2034 2034
615 2035
1926 2035
2035 2035
2035 615
2035 1926
2035 2035
1891 2036
1926 2036
2039 2036
2036 2036
2036 1891
2036 1926
2036 2039
2036 2036
79 2037
1926 2037
2037 2037
2037 79
2037 1926
2037 2037
115 2038
89 2038
1151 2038
1926 2038
2038 2038
2038 115
2038 89
2038 1151
2038 1926
2038 2038
1926 2039
2036 2039
2039 2039
2039 1926
2039 2036
2039 2039
89 2040
2040 2040
2040 89
2040 2040
89 2006
1996 2006
2006 2006
2006 89
2006 1996
2006 2006
267 2026
338 2026
283 2026
42 2026
284 2026
487 2026
286 2026
270 2026
635 2026
288 2026
695 2026
291 2026
292 2026
200 2026
1072 2026
170 2026
993 2026
295 2026
1448 2026
1653 2026
1773 2026
1740 2026
1781 2026
1784 2026
1788 2026
1829 2026
1853 2026
1857 2026
2023 2026
2041 2026
2042 2026
2043 2026
2026 2026
2026 267
2026 338
2026 283
2026 42
2026 284
2026 487
2026 286
2026 270
2026 635
2026 288
2026 695
2026 291
2026 292
2026 200
2026 1072
2026 170
2026 993
2026 295
2026 1448
2026 1653
2026 1773
2026 1740
2026 1781
2026 1784
2026 1788
2026 1829
2026 1853
2026 1857
2026 2023
2026 2041
2026 2042
2026 2043
2026 2026
286 2041
270 2041
271 2041
2026 2041
2043 2041
2041 2041
2041 286
2041 270
2041 271
2041 2026
2041 2043
2041 2041
616 2042
2026 2042
2042 2042
2042 616
2042 2026
2042 2042
270 2043
2026 2043
2041 2043
2043 2043
2043 270
2043 2026
2043 2041
2043 2043
204 2044
370 2044
2044 2044
2044 204
2044 370
2044 2044
1618 2045
2045 2045
2045 1618
2045 2045
