190 2046
187 2046
13 2046
1915 2046
2046 2046
2046 190
2046 187
2046 13
2046 1915
2046 2046
122 2047
1630 2047
2047 2047
2047 122
2047 1630
2047 2047
259 2049
253 2049
369 2049
13 2049
121 2049
1541 2049
1603 2049
1630 2049
2048 2049
2049 2049
2049 259
2049 253
2049 369
2049 13
2049 121
2049 1541
2049 1603
2049 1630
2049 2048
2049 2049
13 2051
1589 2051
1630 2051
2050 2051
2051 2051
2051 13
2051 1589
2051 1630
2051 2050
2051 2051
265 2052
664 2052
255 2052
1630 2052
1678 2052
1840 2052
2052 2052
2052 265
2052 664
2052 255
2052 1630
2052 1678
2052 1840
2052 2052
369 2053
1630 2053
2053 2053
2053 369
2053 1630
2053 2053
1014 2055
1383 2055
2054 2055
2055 2055
2055 1014
2055 1383
2055 2054
2055 2055
379 2056
778 2056
815 2056
1265 2056
1436 2056
1904 2056
2056 2056
2056 379
2056 778
2056 815
2056 1265
2056 1436
2056 1904
2056 2056
1074 2057
2057 2057
2057 1074
2057 2057
1074 2058
2058 2058
2058 1074
2058 2058
344 2059
1074 2059
2059 2059
2059 344
2059 1074
2059 2059
681 2060
680 2060
623 2060
1222 2060
1991 2060
2060 2060
2060 681
2060 680
2060 623
2060 1222
2060 1991
2060 2060
681 2061
1991 2061
2061 2061
2061 681
2061 1991
2061 2061
1215 2064
2062 2064
2063 2064
2064 2064
2064 1215
2064 2062
2064 2063
2064 2064
1214 2062
1481 2062
2064 2062
2065 2062
2062 2062
2062 1214
2062 1481
2062 2064
2062 2065
2062 2062
1214 2063
1481 2063
2064 2063
2063 2063
2063 1214
2063 1481
2063 2064
2063 2063
257 2066
1326 2066
1382 2066
2066 2066
2066 257
2066 1326
2066 1382
2066 2066
1079 2068
1382 2068
2067 2068
2068 2068
2068 1079
2068 1382
2068 2067
2068 2068
1079 2067
1382 2067
2068 2067
2067 2067
2067 1079
2067 1382
2067 2068
2067 2067
819 2069
1128 2069
1436 2069
1565 2069
1593 2069
1839 2069
2014 2069
2008 2069
2069 2069
2069 819
2069 1128
2069 1436
2069 1565
2069 1593
2069 1839
2069 2014
2069 2008
2069 2069
1397 2071
1603 2071
2070 2071
2071 2071
2071 1397
2071 1603
2071 2070
2071 2071
1104 2072
13 2072
1603 2072
2072 2072
2072 1104
2072 13
2072 1603
2072 2072
259 2074
1603 2074
2073 2074
2074 2074
2074 259
2074 1603
2074 2073
2074 2074
30 2078
415 2078
436 2078
2075 2078
2076 2078
2077 2078
2078 2078
2078 30
2078 415
2078 436
2078 2075
2078 2076
2078 2077
2078 2078
397 2075
495 2075
2078 2075
2076 2075
2075 2075
2075 397
2075 495
2075 2078
2075 2076
2075 2075
30 2076
808 2076
436 2076
1704 2076
2078 2076
2075 2076
2076 2076
2076 30
2076 808
2076 436
2076 1704
2076 2078
2076 2075
2076 2076
286 2079
270 2079
911 2079
1740 2079
2079 2079
2079 286
2079 270
2079 911
2079 1740
2079 2079
338 2080
286 2080
1799 2080
2080 2080
2080 338
2080 286
2080 1799
2080 2080
305 2081
270 2081
304 2081
272 2081
640 2081
645 2081
854 2081
1372 2081
1459 2081
1769 2081
2081 2081
2081 305
2081 270
2081 304
2081 272
2081 640
2081 645
2081 854
2081 1372
2081 1459
2081 1769
2081 2081
271 2082
1705 2082
2082 2082
2082 271
2082 1705
2082 2082
43 2083
283 2083
2083 2083
2083 43
2083 283
2083 2083
721 2085
779 2085
1032 2085
1124 2085
1123 2085
1486 2085
1550 2085
1555 2085
1683 2085
2084 2085
2085 2085
2085 721
2085 779
2085 1032
2085 1124
2085 1123
2085 1486
2085 1550
2085 1555
2085 1683
2085 2084
2085 2085
270 2086
628 2086
780 2086
2086 2086
2086 270
2086 628
2086 780
2086 2086
270 2088
628 2088
362 2088
1493 2088
2087 2088
2088 2088
2088 270
2088 628
2088 362
2088 1493
2088 2087
2088 2088
270 2090
767 2090
1508 2090
2089 2090
2090 2090
2090 270
2090 767
2090 1508
2090 2089
2090 2090
270 2091
1352 2091
2091 2091
2091 270
2091 1352
2091 2091
270 2092
1794 2092
2092 2092
2092 270
2092 1794
2092 2092
270 2087
628 2087
2088 2087
2087 2087
2087 270
2087 628
2087 2088
2087 2087
270 2093
628 2093
641 2093
1352 2093
2093 2093
2093 270
2093 628
2093 641
2093 1352
2093 2093
495 2077
270 2077
2078 2077
2077 2077
2077 495
2077 270
2077 2078
2077 2077
267 2094
2094 2094
2094 267
2094 2094
267 2095
1116 2095
358 2095
2095 2095
2095 267
2095 1116
2095 358
2095 2095
85 2089
267 2089
173 2089
924 2089
2090 2089
2096 2089
2089 2089
2089 85
2089 267
2089 173
2089 924
2089 2090
2089 2096
2089 2089
267 2098
357 2098
2097 2098
2098 2098
2098 267
2098 357
2098 2097
2098 2098
874 2099
1225 2099
643 2099
1781 2099
1857 2099
2023 2099
2099 2099
2099 874
2099 1225
2099 643
2099 1781
2099 1857
2099 2023
2099 2099
201 2101
913 2101
1244 2101
2100 2101
2101 2101
2101 201
2101 913
2101 1244
2101 2100
2101 2101
2101 2100
2100 2100
2100 2101
2100 2100
877 2102
1176 2102
1530 2102
2102 2102
2102 877
2102 1176
2102 1530
2102 2102
921 2104
1041 2104
1319 2104
2103 2104
2104 2104
2104 921
2104 1041
2104 1319
2104 2103
2104 2104
1079 2103
2104 2103
2103 2103
2103 1079
2103 2104
2103 2103
150 2105
1908 2105
2105 2105
2105 150
2105 1908
2105 2105
150 2106
1908 2106
2106 2106
2106 150
2106 1908
2106 2106
908 2107
2107 2107
2107 908
2107 2107
877 2108
910 2108
2108 2108
2108 877
2108 910
2108 2108
85 2096
2089 2096
2096 2096
2096 85
2096 2089
2096 2096
85 2109
352 2109
1508 2109
1780 2109
2109 2109
2109 85
2109 352
2109 1508
2109 1780
2109 2109
254 2110
1514 2110
2110 2110
2110 254
2110 1514
2110 2110
169 2112
1296 2112
1400 2112
1399 2112
1970 2112
2111 2112
2112 2112
2112 169
2112 1296
2112 1400
2112 1399
2112 1970
2112 2111
2112 2112
1296 2111
1399 2111
1970 2111
2112 2111
2111 2111
2111 1296
2111 1399
2111 1970
2111 2112
2111 2111
555 2113
2113 2113
2113 555
2113 2113
323 2114
315 2114
555 2114
1689 2114
2028 2114
2114 2114
2114 323
2114 315
2114 555
2114 1689
2114 2028
2114 2114
746 2115
555 2115
748 2115
1486 2115
1751 2115
2115 2115
2115 746
2115 555
2115 748
2115 1486
2115 1751
2115 2115
745 2116
676 2116
2116 2116
2116 745
2116 676
2116 2116
745 2118
2117 2118
2118 2118
2118 745
2118 2117
2118 2118
483 2119
968 2119
2119 2119
2119 483
2119 968
2119 2119
745 2117
1138 2117
1511 2117
1846 2117
1845 2117
1892 2117
2118 2117
2120 2117
2117 2117
2117 745
2117 1138
2117 1511
2117 1846
2117 1845
2117 1892
2117 2118
2117 2120
2117 2117
516 2120
1892 2120
2117 2120
2120 2120
2120 516
2120 1892
2120 2117
2120 2120
79 2121
495 2121
2121 2121
2121 79
2121 495
2121 2121
79 2122
462 2122
684 2122
2037 2122
2122 2122
2122 79
2122 462
2122 684
2122 2037
2122 2122
79 2123
1996 2123
2065 2123
2123 2123
2123 79
2123 1996
2123 2065
2123 2123
242 2065
463 2065
6 2065
822 2065
684 2065
78 2065
2037 2065
2062 2065
2123 2065
2124 2065
2065 2065
2065 242
2065 463
2065 6
2065 822
2065 684
2065 78
2065 2037
2065 2062
2065 2123
2065 2124
2065 2065
242 2124
240 2124
1996 2124
1998 2124
2065 2124
2124 2124
2124 242
2124 240
2124 1996
2124 1998
2124 2065
2124 2124
1193 2128
1096 2128
1609 2128
1612 2128
2125 2128
2126 2128
2127 2128
2128 2128
2128 1193
2128 1096
2128 1609
2128 1612
2128 2125
2128 2126
2128 2127
2128 2128
1304 2125
1193 2125
1096 2125
2128 2125
2126 2125
2125 2125
2125 1304
2125 1193
2125 1096
2125 2128
2125 2126
2125 2125
960 2126
1304 2126
1193 2126
1306 2126
1096 2126
1609 2126
2128 2126
2125 2126
2126 2126
2126 960
2126 1304
2126 1193
2126 1306
2126 1096
2126 1609
2126 2128
2126 2125
2126 2126
935 2127
1193 2127
2128 2127
2129 2127
2127 2127
2127 935
2127 1193
2127 2128
2127 2129
2127 2127
1193 2131
2130 2131
2131 2131
2131 1193
2131 2130
2131 2131
1304 2130
1193 2130
1096 2130
2131 2130
2130 2130
2130 1304
2130 1193
2130 1096
2130 2131
2130 2130
803 2129
1065 2129
435 2129
1209 2129
1253 2129
1339 2129
1891 2129
1887 2129
1888 2129
1926 2129
2127 2129
2129 2129
2129 803
2129 1065
2129 435
2129 1209
2129 1253
2129 1339
2129 1891
2129 1887
2129 1888
2129 1926
2129 2127
2129 2129
1463 2132
2048 2132
2070 2132
2132 2132
2132 1463
2132 2070
2132 2048
2132 2132
1314 2133
1463 2133
1464 2133
1681 2133
2133 2133
2133 1314
2133 1463
2133 1464
2133 1681
2133 2133
596 2048
807 2048
1463 2048
1694 2048
2049 2048
2132 2048
2070 2048
2048 2048
2048 596
2048 807
2048 1463
2048 1694
2048 2049
2048 2132
2048 2070
2048 2048
1217 2134
171 2134
2134 2134
2134 1217
2134 171
2134 2134
98 2135
454 2135
2135 2135
2135 98
2135 454
2135 2135
224 2136
1173 2136
1655 2136
1668 2136
2136 2136
2136 224
2136 1173
2136 1655
2136 1668
2136 2136
1396 2137
1491 2137
1668 2137
2137 2137
2137 1396
2137 1491
2137 1668
2137 2137
937 2138
54 2138
1232 2138
2138 2138
2138 937
2138 54
2138 1232
2138 2138
37 2141
1638 2141
2139 2141
2140 2141
2141 2141
2141 37
2141 1638
2141 2139
2141 2140
2141 2141
41 2139
38 2139
55 2139
1677 2139
2141 2139
2139 2139
2139 41
2139 38
2139 55
2139 1677
2139 2141
2139 2139
37 2140
1638 2140
2141 2140
2142 2140
2140 2140
2140 37
2140 1638
2140 2141
2140 2142
2140 2140
2140 2142
2142 2142
2142 2140
2142 2142
632 2143
1372 2143
1778 2143
1784 2143
2143 2143
2143 632
2143 1372
2143 1778
2143 1784
2143 2143
357 2144
356 2144
2097 2144
2144 2144
2144 357
2144 356
2144 2097
2144 2144
43 2097
1516 2097
2098 2097
2144 2097
2097 2097
2097 43
2097 1516
2097 2098
2097 2144
2097 2097
588 2147
901 2147
589 2147
734 2147
1299 2147
2145 2147
2146 2147
2147 2147
2147 588
2147 901
2147 589
2147 734
2147 1299
2147 2145
2147 2146
2147 2147
588 2145
839 2145
1039 2145
1663 2145
2147 2145
2145 2145
2145 588
2145 839
2145 1039
2145 1663
2145 2147
2145 2145
901 2146
734 2146
1299 2146
2147 2146
2146 2146
2146 901
2146 734
2146 1299
2146 2147
2146 2146
588 2148
2148 2148
2148 588
2148 2148
1383 2054
2055 2054
2054 2054
2054 1383
2054 2055
2054 2054
247 2149
969 2149
2149 2149
2149 247
2149 969
2149 2149
969 2150
2150 2150
2150 969
2150 2150
309 2152
969 2152
2151 2152
2152 2152
2152 309
2152 969
2152 2151
2152 2152
969 2153
1330 2153
1588 2153
1659 2153
2153 2153
2153 969
2153 1330
2153 1588
2153 1659
2153 2153
190 2151
602 2151
933 2151
188 2151
592 2151
1078 2151
189 2151
536 2151
1145 2151
1204 2151
743 2151
969 2151
1538 2151
2152 2151
2151 2151
2151 190
2151 602
2151 933
2151 188
2151 592
2151 1078
2151 189
2151 536
2151 1145
2151 1204
2151 743
2151 969
2151 1538
2151 2152
2151 2151
678 2154
130 2154
969 2154
2022 2154
2154 2154
2154 678
2154 130
2154 969
2154 2022
2154 2154
281 2158
1834 2158
2155 2158
2156 2158
2157 2158
2158 2158
2158 281
2158 1834
2158 2155
2158 2156
2158 2157
2158 2158
2158 2155
2155 2155
2155 2158
2155 2155
52 2156
2158 2156
2157 2156
2156 2156
2156 52
2156 2158
2156 2157
2156 2156
243 2157
884 2157
1649 2157
1698 2157
1834 2157
2158 2157
2156 2157
2159 2157
2157 2157
2157 243
2157 884
2157 1649
2157 1698
2157 1834
2157 2158
2157 2156
2157 2159
2157 2157
883 2159
2157 2159
2159 2159
2159 883
2159 2157
2159 2159
69 2161
151 2161
68 2161
149 2161
2160 2161
2161 2161
2161 69
2161 151
2161 68
2161 149
2161 2160
2161 2161
669 2160
258 2160
494 2160
1505 2160
2161 2160
2160 2160
2160 669
2160 258
2160 494
2160 1505
2160 2161
2160 2160
102 2162
2162 2162
2162 102
2162 2162
323 2163
71 2163
322 2163
2163 2163
2163 323
2163 71
2163 322
2163 2163
323 2164
321 2164
2164 2164
2164 323
2164 321
2164 2164
1123 2165
2165 2165
2165 1123
2165 2165
346 2084
181 2084
423 2084
1555 2084
1587 2084
1734 2084
2085 2084
2166 2084
2084 2084
2084 346
2084 181
2084 423
2084 1555
2084 1587
2084 1734
2084 2085
2084 2166
2084 2084
347 2166
1058 2166
1546 2166
1547 2166
2084 2166
2166 2166
2166 347
2166 1058
2166 1546
2166 1547
2166 2084
2166 2166
1357 2168
2167 2168
2168 2168
2168 1357
2168 2167
2168 2168
2168 2167
2167 2167
2167 2168
2167 2167
122 2169
369 2169
1469 2169
1630 2169
2070 2169
2169 2169
2169 122
2169 369
2169 1469
2169 1630
2169 2070
2169 2169
1226 2171
2170 2171
2171 2171
2171 1226
2171 2170
2171 2171
2171 2170
2170 2170
2170 2171
2170 2170
10 2173
1252 2173
9 2173
1727 2173
2172 2173
2173 2173
2173 10
2173 1252
2173 9
2173 1727
2173 2172
2173 2173
10 2172
980 2172
1252 2172
8 2172
1251 2172
9 2172
1387 2172
2173 2172
2172 2172
2172 10
2172 980
2172 1252
2172 8
2172 1251
2172 9
2172 1387
2172 2173
2172 2172
766 2174
100 2174
2174 2174
2174 766
2174 100
2174 2174
195 2175
194 2175
221 2175
224 2175
150 2175
1976 2175
2022 2175
2175 2175
2175 195
2175 194
2175 221
2175 224
2175 150
2175 1976
2175 2022
2175 2175
820 2176
2176 2176
2176 820
2176 2176
208 2178
202 2178
369 2178
2070 2178
2177 2178
2178 2178
2178 208
2178 202
2178 369
2178 2177
2178 2070
2178 2178
259 2073
370 2073
369 2073
1392 2073
2074 2073
2179 2073
2180 2073
2073 2073
2073 259
2073 370
2073 369
2073 1392
2073 2074
2073 2179
2073 2180
2073 2073
122 2070
259 2070
158 2070
221 2070
369 2070
1184 2070
121 2070
1087 2070
1519 2070
1837 2070
2071 2070
2132 2070
2048 2070
2169 2070
2178 2070
2050 2070
2070 2070
2070 122
2070 259
2070 158
2070 221
2070 369
2070 1184
2070 121
2070 1087
2070 1519
2070 1837
2070 2071
2070 2132
2070 2048
2070 2169
2070 2178
2070 2050
2070 2070
259 2177
369 2177
2178 2177
2177 2177
2177 259
2177 369
2177 2178
2177 2177
174 2181
173 2181
2181 2181
2181 174
2181 173
2181 2181
536 2182
1309 2182
1503 2182
1502 2182
2182 2182
2182 536
2182 1309
2182 1503
2182 1502
2182 2182
420 2183
1104 2183
1105 2183
1691 2183
2183 2183
2183 420
2183 1104
2183 1105
2183 1691
2183 2183
421 2184
420 2184
1475 2184
1691 2184
2184 2184
2184 421
2184 420
2184 1475
2184 1691
2184 2184
318 2185
2185 2185
2185 318
2185 2185
172 2186
318 2186
1179 2186
1397 2186
1680 2186
1915 2186
2186 2186
2186 172
2186 318
2186 1179
2186 1397
2186 1680
2186 1915
2186 2186
318 2187
2020 2187
2187 2187
2187 318
2187 2020
2187 2187
523 2188
2188 2188
2188 523
2188 2188
375 2189
374 2189
885 2189
376 2189
2189 2189
2189 375
2189 374
2189 885
2189 376
2189 2189
2190 2191
2191 2191
2191 2190
2191 2191
486 2190
678 2190
1266 2190
2191 2190
2192 2190
2190 2190
2190 486
2190 678
2190 1266
2190 2191
2190 2192
2190 2190
979 2192
978 2192
1120 2192
2190 2192
2192 2192
2192 979
2192 978
2192 1120
2192 2190
2192 2192
1634 2179
2073 2179
2179 2179
2179 1634
2179 2073
2179 2179
259 2180
255 2180
256 2180
1177 2180
1392 2180
2073 2180
2180 2180
2180 259
2180 255
2180 256
2180 1177
2180 1392
2180 2073
2180 2180
1110 2050
561 2050
13 2050
2051 2050
2070 2050
2050 2050
2050 1110
2050 561
2050 13
2050 2051
2050 2070
2050 2050
