1632 1849
1848 1849
1849 1849
1849 1849
1849 1632
1849 1848
1849 1849
1849 1849
1632 1850
1850 1850
1850 1850
1850 1632
1850 1850
1850 1850
1632 1851
1851 1851
1851 1851
1851 1632
1851 1851
1851 1851
1 1852
926 1852
1632 1852
1852 1852
1852 1852
1852 1
1852 926
1852 1632
1852 1852
1852 1852
668 1853
1632 1853
1853 1853
1853 1853
1853 668
1853 1632
1853 1853
1853 1853
392 1854
39 1854
870 1854
1632 1854
1854 1854
1854 1854
1854 392
1854 39
1854 870
1854 1632
1854 1854
1854 1854
487 1855
1144 1855
1632 1855
1855 1855
1855 1855
1855 487
1855 1144
1855 1632
1855 1855
1855 1855
0 1856
1632 1856
1856 1856
1856 1856
1856 0
1856 1632
1856 1856
1856 1856
1632 1857
1836 1857
1857 1857
1857 1857
1857 1632
1857 1836
1857 1857
1857 1857
322 1858
275 1858
493 1858
1632 1858
1858 1858
1858 1858
1858 322
1858 275
1858 493
1858 1632
1858 1858
1858 1858
353 1859
358 1859
360 1859
297 1859
352 1859
519 1859
1632 1859
1781 1859
1859 1859
1859 1859
1859 353
1859 358
1859 360
1859 297
1859 352
1859 519
1859 1632
1859 1781
1859 1859
1859 1859
294 1860
39 1860
1632 1860
1848 1860
1860 1860
1860 1860
1860 294
1860 39
1860 1632
1860 1848
1860 1860
1860 1860
195 1861
387 1861
476 1861
1632 1861
1861 1861
1861 1861
1861 195
1861 387
1861 476
1861 1632
1861 1861
1861 1861
1632 1862
1862 1862
1862 1862
1862 1632
1862 1862
1862 1862
148 1863
934 1863
1632 1863
1811 1863
1848 1863
1863 1863
1863 1863
1863 148
1863 934
1863 1632
1863 1811
1863 1848
1863 1863
1863 1863
775 1864
1103 1864
1560 1864
1632 1864
1864 1864
1864 1864
1864 775
1864 1103
1864 1560
1864 1632
1864 1864
1864 1864
39 1865
1632 1865
1848 1865
1865 1865
1865 1865
1865 39
1865 1632
1865 1848
1865 1865
1865 1865
1632 1866
1848 1866
1866 1866
1866 1866
1866 1632
1866 1848
1866 1866
1866 1866
1632 1867
1867 1867
1867 1867
1867 1632
1867 1867
1867 1867
195 1868
189 1868
1868 1868
1868 1868
1868 195
1868 189
1868 1868
1868 1868
637 1869
426 1869
189 1869
1521 1869
1869 1869
1869 1869
1869 637
1869 426
1869 189
1869 1521
1869 1869
1869 1869
257 1870
189 1870
785 1870
1223 1870
1870 1870
1870 1870
1870 257
1870 189
1870 785
1870 1223
1870 1870
1870 1870
189 1872
760 1872
554 1872
1537 1872
1871 1872
1872 1872
1872 1872
1872 189
1872 760
1872 554
1872 1537
1872 1871
1872 1872
1872 1872
143 1873
241 1873
656 1873
189 1873
1283 1873
1873 1873
1873 1873
1873 143
1873 241
1873 656
1873 189
1873 1283
1873 1873
1873 1873
189 1874
1874 1874
1874 1874
1874 189
1874 1874
1874 1874
224 1876
409 1876
189 1876
856 1876
1875 1876
1871 1876
1876 1876
1876 1876
1876 224
1876 409
1876 189
1876 856
1876 1871
1876 1875
1876 1876
1876 1876
189 1875
1876 1875
1875 1875
1875 1875
1875 189
1875 1876
1875 1875
1875 1875
1100 1877
1736 1877
1877 1877
1877 1877
1877 1100
1877 1736
1877 1877
1877 1877
1100 1879
1878 1879
1879 1879
1879 1879
1879 1100
1879 1878
1879 1879
1879 1879
1100 1878
1732 1878
1879 1878
1878 1878
1878 1878
1878 1100
1878 1732
1878 1879
1878 1878
1878 1878
65 1884
1526 1884
1880 1884
1881 1884
1882 1884
1883 1884
1884 1884
1884 1884
1884 65
1884 1526
1884 1880
1884 1881
1884 1882
1884 1883
1884 1884
1884 1884
1884 1880
1880 1880
1880 1880
1880 1884
1880 1880
1880 1880
1884 1881
1881 1881
1881 1881
1881 1884
1881 1881
1881 1881
1572 1882
1665 1882
1884 1882
1882 1882
1882 1882
1882 1572
1882 1665
1882 1884
1882 1882
1882 1882
920 1883
1884 1883
1883 1883
1883 1883
1883 920
1883 1884
1883 1883
1883 1883
388 1885
419 1885
671 1885
795 1885
1046 1885
1146 1885
1199 1885
1399 1885
1472 1885
1502 1885
1653 1885
1885 1885
1885 1885
1885 388
1885 419
1885 671
1885 795
1885 1046
1885 1146
1885 1199
1885 1399
1885 1472
1885 1502
1885 1653
1885 1885
1885 1885
732 1886
1559 1886
1886 1886
1886 1886
1886 732
1886 1559
1886 1886
1886 1886
202 1888
769 1888
805 1888
1887 1888
1888 1888
1888 1888
1888 202
1888 769
1888 805
1888 1887
1888 1888
1888 1888
1888 1887
1889 1887
1887 1887
1887 1887
1887 1888
1887 1889
1887 1887
1887 1887
237 1890
732 1890
787 1890
1691 1890
1890 1890
1890 1890
1890 237
1890 732
1890 787
1890 1691
1890 1890
1890 1890
231 1892
732 1892
1891 1892
1892 1892
1892 1892
1892 231
1892 732
1892 1891
1892 1892
1892 1892
732 1893
1893 1893
1893 1893
1893 732
1893 1893
1893 1893
239 1895
732 1895
1543 1895
1894 1895
1895 1895
1895 1895
1895 239
1895 732
1895 1543
1895 1894
1895 1895
1895 1895
424 1891
612 1891
805 1891
845 1891
1355 1891
1471 1891
1819 1891
1892 1891
1889 1891
1896 1891
1891 1891
1891 1891
1891 424
1891 612
1891 805
1891 845
1891 1355
1891 1471
1891 1819
1891 1892
1891 1889
1891 1896
1891 1891
1891 1891
769 1889
805 1889
841 1889
1887 1889
1891 1889
1897 1889
1889 1889
1889 1889
1889 769
1889 805
1889 841
1889 1887
1889 1891
1889 1897
1889 1889
1889 1889
1355 1896
1891 1896
1897 1896
1896 1896
1896 1896
1896 1355
1896 1891
1896 1897
1896 1896
1896 1896
95 1899
1898 1899
1899 1899
1899 1899
1899 95
1899 1898
1899 1899
1899 1899
95 1902
1697 1902
1900 1902
1901 1902
1902 1902
1902 1902
1902 95
1902 1697
1902 1901
1902 1900
1902 1902
1902 1902
281 1900
95 1900
685 1900
743 1900
744 1900
773 1900
899 1900
1902 1900
1900 1900
1900 1900
1900 281
1900 95
1900 685
1900 743
1900 744
1900 773
1900 899
1900 1902
1900 1900
1900 1900
143 1903
302 1903
164 1903
1174 1903
1467 1903
1524 1903
1672 1903
1903 1903
1903 1903
1903 143
1903 302
1903 164
1903 1174
1903 1467
1903 1524
1903 1672
1903 1903
1903 1903
302 1904
116 1904
1118 1904
1167 1904
1838 1904
1904 1904
1904 1904
1904 302
1904 116
1904 1118
1904 1167
1904 1838
1904 1904
1904 1904
245 1905
1293 1905
1905 1905
1905 1905
1905 245
1905 1293
1905 1905
1905 1905
943 1906
1293 1906
1363 1906
1906 1906
1906 1906
1906 943
1906 1293
1906 1363
1906 1906
1906 1906
597 1907
995 1907
1170 1907
1293 1907
1308 1907
1600 1907
1699 1907
1907 1907
1907 1907
1907 597
1907 995
1907 1170
1907 1293
1907 1308
1907 1600
1907 1699
1907 1907
1907 1907
61 1908
604 1908
897 1908
1293 1908
1908 1908
1908 1908
1908 61
1908 604
1908 897
1908 1293
1908 1908
1908 1908
72 1898
127 1898
69 1898
650 1898
70 1898
126 1898
798 1898
762 1898
830 1898
921 1898
953 1898
1078 1898
1354 1898
1346 1898
1458 1898
1477 1898
1520 1898
1532 1898
1584 1898
1669 1898
1671 1898
1670 1898
1839 1898
1899 1898
1909 1898
1910 1898
1911 1898
1912 1898
1913 1898
1914 1898
1898 1898
1898 1898
1898 72
1898 127
1898 69
1898 650
1898 70
1898 126
1898 798
1898 762
1898 830
1898 921
1898 953
1898 1078
1898 1354
1898 1346
1898 1458
1898 1477
1898 1520
1898 1532
1898 1584
1898 1669
1898 1671
1898 1670
1898 1839
1898 1899
1898 1909
1898 1910
1898 1911
1898 1912
1898 1913
1898 1914
1898 1898
1898 1898
1898 1909
1909 1909
1909 1909
1909 1898
1909 1909
1909 1909
909 1910
1529 1910
1898 1910
1910 1910
1910 1910
1910 909
1910 1529
1910 1898
1910 1910
1910 1910
233 1911
1898 1911
1911 1911
1911 1911
1911 233
1911 1898
1911 1911
1911 1911
650 1912
1898 1912
1912 1912
1912 1912
1912 650
1912 1898
1912 1912
1912 1912
798 1913
762 1913
1218 1913
1365 1913
1396 1913
1898 1913
1913 1913
1913 1913
1913 798
1913 762
1913 1218
1913 1365
1913 1396
1913 1898
1913 1913
1913 1913
127 1914
1898 1914
1915 1914
1914 1914
1914 1914
1914 127
1914 1898
1914 1915
1914 1914
1914 1914
492 1916
827 1916
1411 1916
1916 1916
1916 1916
1916 492
1916 827
1916 1411
1916 1916
1916 1916
1006 1917
1411 1917
1917 1917
1917 1917
1917 1006
1917 1411
1917 1917
1917 1917
1411 1919
1918 1919
1919 1919
1919 1919
1919 1411
1919 1918
1919 1919
1919 1919
941 1920
1411 1920
1918 1920
1920 1920
1920 1920
1920 941
1920 1411
1920 1918
1920 1920
1920 1920
1022 1921
1411 1921
1921 1921
1921 1921
1921 1022
1921 1411
1921 1921
1921 1921
127 1915
1022 1915
1411 1915
1914 1915
1915 1915
1915 1915
1915 127
1915 1022
1915 1411
1915 1914
1915 1915
1915 1915
281 1918
473 1918
570 1918
50 1918
794 1918
1149 1918
1214 1918
1430 1918
1919 1918
1920 1918
1922 1918
1923 1918
1924 1918
1918 1918
1918 1918
1918 281
1918 473
1918 570
1918 50
1918 794
1918 1149
1918 1214
1918 1430
1918 1919
1918 1920
1918 1922
1918 1923
1918 1924
1918 1918
1918 1918
1340 1922
1442 1922
1918 1922
1922 1922
1922 1922
1922 1340
1922 1442
1922 1918
1922 1922
1922 1922
1264 1923
1605 1923
1918 1923
1923 1923
1923 1923
1923 1264
1923 1605
1923 1918
1923 1923
1923 1923
1118 1924
1918 1924
1924 1924
1924 1924
1924 1118
1924 1918
1924 1924
1924 1924
67 1925
1407 1925
1536 1925
1925 1925
1925 1925
1925 67
1925 1407
1925 1536
1925 1925
1925 1925
565 1927
1407 1927
1926 1927
1927 1927
1927 1927
1927 565
1927 1407
1927 1926
1927 1927
1927 1927
412 1928
67 1928
1297 1928
1407 1928
1928 1928
1928 1928
1928 412
1928 67
1928 1297
1928 1407
1928 1928
1928 1928
507 1929
1407 1929
1929 1929
1929 1929
1929 507
1929 1407
1929 1929
1929 1929
876 1930
1172 1930
1173 1930
1407 1930
1536 1930
1930 1930
1930 1930
1930 876
1930 1172
1930 1173
1930 1407
1930 1536
1930 1930
1930 1930
565 1926
67 1926
1407 1926
1536 1926
1927 1926
1926 1926
1926 1926
1926 565
1926 67
1926 1407
1926 1536
1926 1927
1926 1926
1926 1926
676 1932
1931 1932
1932 1932
1932 1932
1932 676
1932 1931
1932 1932
1932 1932
1932 1931
1931 1931
1931 1931
1931 1932
1931 1931
1931 1931
32 1933
1536 1933
1933 1933
1933 1933
1933 32
1933 1536
1933 1933
1933 1933
565 1934
67 1934
1297 1934
1536 1934
1934 1934
1934 1934
1934 565
1934 67
1934 1297
1934 1536
1934 1934
1934 1934
67 1935
1297 1935
1331 1935
1536 1935
1935 1935
1935 1935
1935 67
1935 1297
1935 1331
1935 1536
1935 1935
1935 1935
289 1936
1536 1936
1936 1936
1936 1936
1936 289
1936 1536
1936 1936
1936 1936
1336 1937
1536 1937
1937 1937
1937 1937
1937 1336
1937 1536
1937 1937
1937 1937
288 1941
505 1941
484 1941
1938 1941
1939 1941
1940 1941
1941 1941
1941 1941
1941 288
1941 505
1941 484
1941 1938
1941 1939
1941 1940
1941 1941
1941 1941
288 1938
1267 1938
1941 1938
1939 1938
1942 1938
1938 1938
1938 1938
1938 288
1938 1267
1938 1941
1938 1942
1938 1939
1938 1938
1938 1938
288 1939
1941 1939
1938 1939
1940 1939
1939 1939
1939 1939
1939 288
1939 1941
1939 1938
1939 1940
1939 1939
1939 1939
288 1942
1267 1942
1938 1942
1940 1942
1942 1942
1942 1942
1942 288
1942 1267
1942 1938
1942 1940
1942 1942
1942 1942
288 1943
1810 1943
1940 1943
1943 1943
1943 1943
1943 288
1943 1810
1943 1940
1943 1943
1943 1943
288 1944
1217 1944
1944 1944
1944 1944
1944 288
1944 1217
1944 1944
1944 1944
288 1940
505 1940
893 1940
1052 1940
1239 1940
1267 1940
1331 1940
1427 1940
1596 1940
1806 1940
1941 1940
1939 1940
1942 1940
1943 1940
1940 1940
1940 1940
1940 288
1940 505
1940 893
1940 1052
1940 1239
1940 1267
1940 1331
1940 1427
1940 1596
1940 1806
1940 1941
1940 1939
1940 1942
1940 1943
1940 1940
1940 1940
718 1946
1945 1946
1946 1946
1946 1946
1946 718
1946 1945
1946 1946
1946 1946
718 1945
803 1945
941 1945
1000 1945
1029 1945
1652 1945
1946 1945
1945 1945
1945 1945
1945 718
1945 803
1945 941
1945 1000
1945 1029
1945 1652
1945 1946
1945 1945
1945 1945
246 1947
1463 1947
1548 1947
1947 1947
1947 1947
1947 246
1947 1463
1947 1548
1947 1947
1947 1947
698 1894
1125 1894
1436 1894
1895 1894
1948 1894
1949 1894
1950 1894
1871 1894
1894 1894
1894 1894
1894 698
1894 1125
1894 1436
1894 1895
1894 1948
1894 1949
1894 1950
1894 1871
1894 1894
1894 1894
575 1948
738 1948
1165 1948
1175 1948
1222 1948
1894 1948
1949 1948
1948 1948
1948 1948
1948 575
1948 738
1948 1165
1948 1175
1948 1222
1948 1894
1948 1949
1948 1948
1948 1948
738 1949
1222 1949
1894 1949
1948 1949
1949 1949
1949 1949
1949 738
1949 1222
1949 1894
1949 1948
1949 1949
1949 1949
979 1950
1351 1950
1436 1950
1894 1950
1950 1950
1950 1950
1950 979
1950 1351
1950 1436
1950 1894
1950 1950
1950 1950
760 1871
554 1871
1235 1871
1436 1871
1872 1871
1876 1871
1894 1871
1871 1871
1871 1871
1871 760
1871 554
1871 1235
1871 1436
1871 1872
1871 1876
1871 1894
1871 1871
1871 1871
239 1951
258 1951
237 1951
906 1951
1951 1951
1951 1951
1951 239
1951 258
1951 237
1951 906
1951 1951
1951 1951
1355 1897
1889 1897
1896 1897
1897 1897
1897 1897
1897 1355
1897 1889
1897 1896
1897 1897
1897 1897
765 1952
764 1952
1019 1952
1952 1952
1952 1952
1952 765
1952 764
1952 1019
1952 1952
1952 1952
1019 1954
1270 1954
1953 1954
1954 1954
1954 1954
1954 1019
1954 1270
1954 1953
1954 1954
1954 1954
1019 1953
1954 1953
1953 1953
1953 1953
1953 1019
1953 1954
1953 1953
1953 1953
407 1901
621 1901
1902 1901
1955 1901
1956 1901
1901 1901
1901 1901
1901 407
1901 621
1901 1902
1901 1955
1901 1956
1901 1901
1901 1901
35 1955
1901 1955
1955 1955
1955 1955
1955 35
1955 1901
1955 1955
1955 1955
181 1956
530 1956
607 1956
621 1956
944 1956
1008 1956
1232 1956
1562 1956
1698 1956
1697 1956
1901 1956
1957 1956
1956 1956
1956 1956
1956 181
1956 530
1956 607
1956 621
1956 944
1956 1008
1956 1232
1956 1562
1956 1698
1956 1697
1956 1901
1956 1957
1956 1956
1956 1956
443 1958
1697 1958
1958 1958
1958 1958
1958 443
1958 1697
1958 1958
1958 1958
1605 1959
1697 1959
1959 1959
1959 1959
1959 1605
1959 1697
1959 1959
1959 1959
1697 1960
1960 1960
1960 1960
1960 1697
1960 1960
1960 1960
305 1961
1698 1961
1697 1961
1961 1961
1961 1961
1961 305
1961 1698
1961 1697
1961 1961
1961 1961
1698 1957
1697 1957
1956 1957
1957 1957
1957 1957
1957 1698
1957 1697
1957 1956
1957 1957
1957 1957
1347 1962
1396 1962
1650 1962
1962 1962
1962 1962
1962 1347
1962 1396
1962 1650
1962 1962
1962 1962
55 1966
414 1966
637 1966
649 1966
448 1966
762 1966
822 1966
1330 1966
1520 1966
1634 1966
1678 1966
1963 1966
1964 1966
1965 1966
1966 1966
1966 1966
1966 55
1966 414
1966 637
1966 649
1966 448
1966 762
1966 822
1966 1330
1966 1520
1966 1634
1966 1678
1966 1963
1966 1964
1966 1965
1966 1966
1966 1966
426 1963
167 1963
1966 1963
1963 1963
1963 1963
1963 426
1963 167
1963 1966
1963 1963
1963 1963
1218 1964
1365 1964
1390 1964
1670 1964
1966 1964
1964 1964
1964 1964
1964 1218
1964 1365
1964 1390
1964 1670
1964 1966
1964 1964
1964 1964
282 1965
447 1965
1966 1965
1965 1965
1965 1965
1965 282
1965 447
1965 1966
1965 1965
1965 1965
584 1967
1521 1967
1967 1967
1967 1967
1967 584
1967 1521
1967 1967
1967 1967
409 1968
584 1968
633 1968
241 1968
408 1968
1968 1968
1968 1968
1968 409
1968 584
1968 633
1968 241
1968 408
1968 1968
1968 1968
584 1970
1832 1970
1969 1970
1970 1970
1970 1970
1970 584
1970 1832
1970 1969
1970 1970
1970 1970
584 1969
816 1969
1832 1969
1970 1969
1969 1969
1969 1969
1969 584
1969 816
1969 1832
1969 1970
1969 1969
1969 1969
584 1971
637 1971
1521 1971
1971 1971
1971 1971
1971 584
1971 637
1971 1521
1971 1971
1971 1971
161 1972
584 1972
1972 1972
1972 1972
1972 161
1972 584
1972 1972
1972 1972
100 1973
601 1973
899 1973
1973 1973
1973 1973
1973 100
1973 601
1973 899
1973 1973
1973 1973
601 1974
97 1974
1174 1974
1262 1974
1524 1974
1974 1974
1974 1974
1974 601
1974 97
1974 1174
1974 1262
1974 1524
1974 1974
1974 1974
600 1975
601 1975
1975 1975
1975 1975
1975 600
1975 601
1975 1975
1975 1975
2 1848
79 1848
125 1848
131 1848
290 1848
300 1848
327 1848
38 1848
366 1848
392 1848
504 1848
532 1848
124 1848
618 1848
19 1848
214 1848
685 1848
743 1848
748 1848
168 1848
299 1848
372 1848
901 1848
966 1848
1020 1848
1093 1848
1124 1848
1146 1848
1163 1848
1429 1848
1447 1848
1551 1848
1567 1848
1693 1848
1699 1848
1703 1848
1803 1848
1849 1848
1860 1848
1863 1848
1865 1848
1866 1848
1976 1848
1977 1848
1978 1848
1979 1848
1980 1848
1981 1848
1982 1848
1983 1848
1984 1848
1985 1848
1986 1848
1987 1848
1988 1848
1989 1848
1990 1848
1991 1848
1848 1848
1848 1848
1848 2
1848 79
1848 125
1848 131
1848 290
1848 300
1848 327
1848 38
1848 366
1848 392
1848 504
1848 532
1848 124
1848 618
1848 19
1848 214
1848 685
1848 743
1848 748
1848 168
1848 299
1848 372
1848 901
1848 966
1848 1020
1848 1093
1848 1124
1848 1146
1848 1163
1848 1429
1848 1447
1848 1551
1848 1567
1848 1693
1848 1699
1848 1703
1848 1803
1848 1849
1848 1860
1848 1863
1848 1865
1848 1866
1848 1976
1848 1977
1848 1978
1848 1979
1848 1980
1848 1981
1848 1982
1848 1983
1848 1984
1848 1985
1848 1986
1848 1987
1848 1988
1848 1989
1848 1990
1848 1991
1848 1848
1848 1848
1292 1976
1848 1976
1976 1976
1976 1976
1976 1292
1976 1848
1976 1976
1976 1976
559 1977
1848 1977
1977 1977
1977 1977
1977 559
1977 1848
1977 1977
1977 1977
618 1978
1848 1978
1978 1978
1978 1978
1978 618
1978 1848
1978 1978
1978 1978
1848 1979
1979 1979
1979 1979
1979 1848
1979 1979
1979 1979
1848 1980
1980 1980
1980 1980
1980 1848
1980 1980
1980 1980
1181 1981
1848 1981
1981 1981
1981 1981
1981 1181
1981 1848
1981 1981
1981 1981
850 1982
1848 1982
1982 1982
1982 1982
1982 850
1982 1848
1982 1982
1982 1982
309 1983
1848 1983
1983 1983
1983 1983
1983 309
1983 1848
1983 1983
1983 1983
298 1984
299 1984
1575 1984
1848 1984
1984 1984
1984 1984
1984 298
1984 299
1984 1575
1984 1848
1984 1984
1984 1984
16 1985
500 1985
1848 1985
1985 1985
1985 1985
1985 16
1985 500
1985 1848
1985 1985
1985 1985
1343 1986
1848 1986
1986 1986
1986 1986
1986 1343
1986 1848
1986 1986
1986 1986
194 1987
344 1987
214 1987
573 1987
1192 1987
1776 1987
1848 1987
1987 1987
1987 1987
1987 194
1987 344
1987 214
1987 573
1987 1192
1987 1776
1987 1848
1987 1987
1987 1987
452 1988
818 1988
827 1988
1848 1988
1988 1988
1988 1988
1988 452
1988 818
1988 827
1988 1848
1988 1988
1988 1988
300 1989
430 1989
490 1989
1848 1989
1989 1989
1989 1989
1989 300
1989 430
1989 490
1989 1848
1989 1989
1989 1989
175 1990
65 1990
648 1990
693 1990
1848 1990
1991 1990
1990 1990
1990 1990
1990 175
1990 65
1990 648
1990 693
1990 1848
1990 1991
1990 1990
1990 1990
1848 1991
1990 1991
1991 1991
1991 1991
1991 1848
1991 1990
1991 1991
1991 1991
