816 7988
7988 7988
7988 7988
7988 816
7988 7988
7988 7988
7989 7989
7989 7989
7989 7989
7989 7989
1592 7990
7990 7990
7990 7990
7990 1592
7990 7990
7990 7990
7991 7991
7991 7991
7991 7991
7991 7991
7992 7992
7992 7992
7992 7992
7992 7992
7993 7993
7993 7993
7993 7993
7993 7993
7994 7994
7994 7994
7994 7994
7994 7994
7995 7995
7995 7995
7995 7995
7995 7995
7996 7996
7996 7996
7996 7996
7996 7996
7997 7997
7997 7997
7997 7997
7997 7997
7998 7998
7998 7998
7998 7998
7998 7998
7999 8000
2153 8000
2094 8000
7968 8000
2603 8000
2602 8000
8000 8000
8000 8000
8000 2094
8000 2153
8000 2602
8000 2603
8000 7968
8000 7999
8000 8000
8000 8000
2095 8001
8001 8001
8001 8001
8001 2095
8001 8001
8001 8001
818 8002
822 8002
8002 8002
8002 8002
8002 818
8002 822
8002 8002
8002 8002
6477 8004
8003 8004
8004 8004
8004 8004
8004 6477
8004 8003
8004 8004
8004 8004
8005 8005
8005 8005
8005 8005
8005 8005
8006 8006
8006 8006
8006 8006
8006 8006
8007 8009
8008 8009
8009 8009
8009 8009
8009 8007
8009 8008
8009 8009
8009 8009
8010 8011
8011 8011
8011 8011
8011 8010
8011 8011
8011 8011
8012 8012
8012 8012
8012 8012
8012 8012
8013 8013
8013 8013
8013 8013
8013 8013
1659 8014
2573 8014
4410 8014
2533 8014
6815 8014
2097 8014
1328 8014
8014 8014
8014 8014
8014 2097
8014 1328
8014 2533
8014 2573
8014 1659
8014 4410
8014 6815
8014 8014
8014 8014
2100 8015
2098 8015
2099 8015
6812 8015
8015 8015
8015 8015
8015 2098
8015 2099
8015 2100
8015 6812
8015 8015
8015 8015
8016 8017
8017 8017
8017 8017
8017 8016
8017 8017
8017 8017
8007 8018
8018 8018
8018 8018
8018 8007
8018 8018
8018 8018
8019 8019
8019 8019
8019 8019
8019 8019
8020 8020
8020 8020
8020 8020
8020 8020
6455 8021
8021 8021
8021 8021
8021 6455
8021 8021
8021 8021
8022 8022
8022 8022
8022 8022
8022 8022
8023 8023
8023 8023
8023 8023
8023 8023
8024 8024
8024 8024
8024 8024
8024 8024
8025 8025
8025 8025
8025 8025
8025 8025
8026 8026
8026 8026
8026 8026
8026 8026
8027 8027
8027 8027
8027 8027
8027 8027
8028 8028
8028 8028
8028 8028
8028 8028
8029 8029
8029 8029
8029 8029
8029 8029
8030 8030
8030 8030
8030 8030
8030 8030
5463 8003
2544 8003
2535 8003
6458 8003
8031 8003
2133 8003
2534 8003
6465 8003
2101 8003
8004 8003
2119 8003
2102 8003
8003 8003
8003 8003
8003 2101
8003 2102
8003 2119
8003 2133
8003 2534
8003 2535
8003 2544
8003 5463
8003 6465
8003 6458
8003 8004
8003 8031
8003 8003
8003 8003
2105 8033
4378 8033
6825 8033
2104 8033
2103 8033
8032 8033
3388 8033
8033 8033
8033 8033
8033 2103
8033 2104
8033 2105
8033 3388
8033 4378
8033 6825
8033 8032
8033 8033
8033 8033
2177 8034
2107 8034
2134 8034
2106 8034
2178 8034
8034 8034
8034 8034
8034 2106
8034 2107
8034 2134
8034 2177
8034 2178
8034 8034
8034 8034
2113 8036
8035 8036
2108 8036
8036 8036
8036 8036
8036 2108
8036 2113
8036 8035
8036 8036
8036 8036
8037 8038
8038 8038
8038 8038
8038 8037
8038 8038
8038 8038
8037 8039
8039 8039
8039 8039
8039 8037
8039 8039
8039 8039
8040 8040
8040 8040
8040 8040
8040 8040
2926 8037
8041 8037
8039 8037
8038 8037
2112 8037
2111 8037
6817 8037
2110 8037
2925 8037
2109 8037
8037 8037
8037 8037
8037 2109
8037 2110
8037 2111
8037 2112
8037 2925
8037 2926
8037 6817
8037 8038
8037 8039
8037 8041
8037 8037
8037 8037
2114 8041
8042 8041
8043 8041
2113 8041
2925 8041
8037 8041
8041 8041
8041 8041
8041 2113
8041 2114
8041 2925
8041 8037
8041 8043
8041 8042
8041 8041
8041 8041
2115 8043
8041 8043
6812 8043
2925 8043
2116 8043
2117 8043
2140 8043
2030 8043
2536 8043
2118 8043
8043 8043
8043 8043
8043 2030
8043 2115
8043 2116
8043 2117
8043 2118
8043 2140
8043 2536
8043 2925
8043 6812
8043 8041
8043 8043
8043 8043
2120 8031
2925 8031
2544 8031
8003 8031
2133 8031
2119 8031
1797 8031
8031 8031
8031 8031
8031 1797
8031 2119
8031 2120
8031 2133
8031 2544
8031 2925
8031 8003
8031 8031
8031 8031
6111 8045
8044 8045
2126 8045
2123 8045
2125 8045
2124 8045
8045 8045
8045 8045
8045 2123
8045 2124
8045 2125
8045 2126
8045 6111
8045 8044
8045 8045
8045 8045
2131 8046
2394 8046
2129 8046
1272 8046
2128 8046
2132 8046
2130 8046
2077 8046
2127 8046
8046 8046
8046 8046
8046 2077
8046 2127
8046 2128
8046 2129
8046 2130
8046 2131
8046 2132
8046 2394
8046 1272
8046 8046
8046 8046
6817 8035
2135 8035
2179 8035
2925 8035
2133 8035
5463 8035
2134 8035
8036 8035
2136 8035
8035 8035
8035 8035
8035 2133
8035 2134
8035 2135
8035 2136
8035 2179
8035 2925
8035 5463
8035 6817
8035 8036
8035 8035
8035 8035
5519 8007
8047 8007
8018 8007
8009 8007
8048 8007
2139 8007
2138 8007
2137 8007
2350 8007
8007 8007
8007 8007
8007 2137
8007 2138
8007 2139
8007 2350
8007 5519
8007 8009
8007 8018
8007 8047
8007 8048
8007 8007
8007 8007
8049 8010
8011 8010
1066 8010
2140 8010
8010 8010
8010 8010
8010 2140
8010 1066
8010 8011
8010 8049
8010 8010
8010 8010
2157 8050
2144 8050
5466 8050
1798 8050
2143 8050
2142 8050
2148 8050
1236 8050
1074 8050
2141 8050
1316 8050
2149 8050
2625 8050
2795 8050
824 8050
2146 8050
2633 8050
2150 8050
2147 8050
2608 8050
6459 8050
2145 8050
1263 8050
2574 8050
2928 8050
6469 8050
6462 8050
7038 8050
8050 8050
8050 8050
8050 824
8050 1316
8050 2141
8050 1074
8050 2142
8050 2143
8050 2144
8050 2145
8050 2146
8050 2147
8050 2148
8050 2149
8050 2150
8050 2157
8050 2574
8050 2608
8050 2625
8050 2633
8050 2795
8050 2928
8050 1798
8050 1236
8050 1263
8050 5466
8050 6462
8050 6469
8050 6459
8050 7038
8050 8050
8050 8050
8000 7999
5107 7999
2154 7999
6469 7999
3141 7999
2167 7999
826 7999
8042 7999
885 7999
2155 7999
3951 7999
2153 7999
2968 7999
2344 7999
6473 7999
2794 7999
7968 7999
6471 7999
1230 7999
2950 7999
6814 7999
2973 7999
8051 7999
2151 7999
2152 7999
2156 7999
6458 7999
7999 7999
7999 7999
7999 2151
7999 2152
7999 2153
7999 2154
7999 2155
7999 2156
7999 826
7999 2167
7999 885
7999 2344
7999 2794
7999 2950
7999 2968
7999 2973
7999 3141
7999 3951
7999 1230
7999 5107
7999 6471
7999 6458
7999 6469
7999 6473
7999 6814
7999 7968
7999 8000
7999 8051
7999 8042
7999 7999
7999 7999
5922 8052
5921 8052
7968 8052
2157 8052
2162 8052
2159 8052
2161 8052
2160 8052
2164 8052
2158 8052
2163 8052
8052 8052
8052 8052
8052 2157
8052 2158
8052 2159
8052 2160
8052 2161
8052 2162
8052 2163
8052 2164
8052 5921
8052 5922
8052 7968
8052 8052
8052 8052
2344 8051
2968 8051
826 8051
7999 8051
2167 8051
3141 8051
8042 8051
8051 8051
8051 8051
8051 826
8051 2167
8051 2344
8051 2968
8051 3141
8051 7999
8051 8042
8051 8051
8051 8051
830 8053
6177 8053
2168 8053
7968 8053
1760 8053
8053 8053
8053 8053
8053 830
8053 2168
8053 1760
8053 6177
8053 7968
8053 8053
8053 8053
8054 8054
8054 8054
8054 8054
8054 8054
8055 8055
8055 8055
8055 8055
8055 8055
8056 8056
8056 8056
8056 8056
8056 8056
8057 8057
8057 8057
8057 8057
8057 8057
8058 8058
8058 8058
8058 8058
8058 8058
8059 8059
8059 8059
8059 8059
8059 8059
8060 8060
8060 8060
8060 8060
8060 8060
8061 8061
8061 8061
8061 8061
8061 8061
8062 8062
8062 8062
8062 8062
8062 8062
8063 8063
8063 8063
8063 8063
8063 8063
2171 8064
2170 8064
1179 8064
2169 8064
1618 8064
2172 8064
8064 8064
8064 8064
8064 1618
8064 2169
8064 2170
8064 2171
8064 2172
8064 1179
8064 8064
8064 8064
8065 8065
8065 8065
8065 8065
8065 8065
8066 8066
8066 8066
8066 8066
8066 8066
8067 8067
8067 8067
8067 8067
8067 8067
8068 8068
8068 8068
8068 8068
8068 8068
8069 8069
8069 8069
8069 8069
8069 8069
8070 8070
8070 8070
8070 8070
8070 8070
8071 8071
8071 8071
8071 8071
8071 8071
8072 8072
8072 8072
8072 8072
8072 8072
8073 8073
8073 8073
8073 8073
8073 8073
6875 8074
8074 8074
8074 8074
8074 6875
8074 8074
8074 8074
889 8075
8075 8075
8075 8075
8075 889
8075 8075
8075 8075
8076 8076
8076 8076
8076 8076
8076 8076
8077 8077
8077 8077
8077 8077
8077 8077
8078 8078
8078 8078
8078 8078
8078 8078
8079 8079
8079 8079
8079 8079
8079 8079
8080 8080
8080 8080
8080 8080
8080 8080
8081 8081
8081 8081
8081 8081
8081 8081
8082 8082
8082 8082
8082 8082
8082 8082
8083 8083
8083 8083
8083 8083
8083 8083
8084 8084
8084 8084
8084 8084
8084 8084
8085 8085
8085 8085
8085 8085
8085 8085
8086 8086
8086 8086
8086 8086
8086 8086
8087 8087
8087 8087
8087 8087
8087 8087
8088 8088
8088 8088
8088 8088
8088 8088
2174 8093
8089 8093
8090 8093
8091 8093
8092 8093
8093 8093
8093 8093
8093 2174
8093 8091
8093 8089
8093 8092
8093 8090
8093 8093
8093 8093
2173 8094
8094 8094
8094 8094
8094 2173
8094 8094
8094 8094
8095 8095
8095 8095
8095 8095
8095 8095
8093 8091
8091 8091
8091 8091
8091 8093
8091 8091
8091 8091
8096 8096
8096 8096
8096 8096
8096 8096
8093 8089
8089 8089
8089 8089
8089 8093
8089 8089
8089 8089
8093 8092
8092 8092
8092 8092
8092 8093
8092 8092
8092 8092
8093 8090
8090 8090
8090 8090
8090 8093
8090 8090
8090 8090
8097 8097
8097 8097
8097 8097
8097 8097
8098 8098
8098 8098
8098 8098
8098 8098
8099 8099
8099 8099
8099 8099
8099 8099
8100 8100
8100 8100
8100 8100
8100 8100
8101 8101
8101 8101
8101 8101
8101 8101
8102 8102
8102 8102
8102 8102
8102 8102
8103 8103
8103 8103
8103 8103
8103 8103
8104 8104
8104 8104
8104 8104
8104 8104
8105 8105
8105 8105
8105 8105
8105 8105
8106 8106
8106 8106
8106 8106
8106 8106
8107 8107
8107 8107
8107 8107
8107 8107
8108 8108
8108 8108
8108 8108
8108 8108
8109 8109
8109 8109
8109 8109
8109 8109
8110 8110
8110 8110
8110 8110
8110 8110
8111 8111
8111 8111
8111 8111
8111 8111
8112 8112
8112 8112
8112 8112
8112 8112
8113 8113
8113 8113
8113 8113
8113 8113
8114 8114
8114 8114
8114 8114
8114 8114
8115 8115
8115 8115
8115 8115
8115 8115
8116 8116
8116 8116
8116 8116
8116 8116
8117 8117
8117 8117
8117 8117
8117 8117
3706 8118
5559 8118
8118 8118
8118 8118
8118 3706
8118 5559
8118 8118
8118 8118
7500 8119
8119 8119
8119 8119
8119 7500
8119 8119
8119 8119
8120 8120
8120 8120
8120 8120
8120 8120
8121 8121
8121 8121
8121 8121
8121 8121
8122 8122
8122 8122
8122 8122
8122 8122
8123 8123
8123 8123
8123 8123
8123 8123
8124 8124
8124 8124
8124 8124
8124 8124
8125 8125
8125 8125
8125 8125
8125 8125
8126 8126
8126 8126
8126 8126
8126 8126
8127 8127
8127 8127
8127 8127
8127 8127
6506 8128
6875 8128
8128 8128
8128 8128
8128 6506
8128 6875
8128 8128
8128 8128
832 8129
8129 8129
8129 8129
8129 832
8129 8129
8129 8129
8130 8130
8130 8130
8130 8130
8130 8130
1294 8131
8131 8131
8131 8131
8131 1294
8131 8131
8131 8131
8132 8133
8133 8133
8133 8133
8133 8132
8133 8133
8133 8133
835 8134
8134 8134
8134 8134
8134 835
8134 8134
8134 8134
8135 8135
8135 8135
8135 8135
8135 8135
8136 8136
8136 8136
8136 8136
8136 8136
8137 8137
8137 8137
8137 8137
8137 8137
8138 8138
8138 8138
8138 8138
8138 8138
8139 8139
8139 8139
8139 8139
8139 8139
8140 8140
8140 8140
8140 8140
8140 8140
8141 8141
8141 8141
8141 8141
8141 8141
8142 8142
8142 8142
8142 8142
8142 8142
8143 8143
8143 8143
8143 8143
8143 8143
8144 8144
8144 8144
8144 8144
8144 8144
8145 8145
8145 8145
8145 8145
8145 8145
8146 8146
8146 8146
8146 8146
8146 8146
8147 8147
8147 8147
8147 8147
8147 8147
8148 8148
8148 8148
8148 8148
8148 8148
8149 8149
8149 8149
8149 8149
8149 8149
8150 8150
8150 8150
8150 8150
8150 8150
8151 8151
8151 8151
8151 8151
8151 8151
8152 8152
8152 8152
8152 8152
8152 8152
1631 8153
8153 8153
8153 8153
8153 1631
8153 8153
8153 8153
8154 8154
8154 8154
8154 8154
8154 8154
8155 8155
8155 8155
8155 8155
8155 8155
8156 8156
8156 8156
8156 8156
8156 8156
8157 8157
8157 8157
8157 8157
8157 8157
6516 8158
8158 8158
8158 8158
8158 6516
8158 8158
8158 8158
8159 8159
8159 8159
8159 8159
8159 8159
8160 8160
8160 8160
8160 8160
8160 8160
8161 8161
8161 8161
8161 8161
8161 8161
8162 8162
8162 8162
8162 8162
8162 8162
8163 8163
8163 8163
8163 8163
8163 8163
8164 8164
8164 8164
8164 8164
8164 8164
8165 8165
8165 8165
8165 8165
8165 8165
6858 8166
8166 8166
8166 8166
8166 6858
8166 8166
8166 8166
8167 8167
8167 8167
8167 8167
8167 8167
837 8168
8168 8168
8168 8168
8168 837
8168 8168
8168 8168
8169 8169
8169 8169
8169 8169
8169 8169
8170 8170
8170 8170
8170 8170
8170 8170
8171 8171
8171 8171
8171 8171
8171 8171
8172 8172
8172 8172
8172 8172
8172 8172
8173 8173
8173 8173
8173 8173
8173 8173
8174 8174
8174 8174
8174 8174
8174 8174
8175 8175
8175 8175
8175 8175
8175 8175
2178 8042
6811 8042
2177 8042
2179 8042
8041 8042
6816 8042
2968 8042
7999 8042
8176 8042
2181 8042
2345 8042
2180 8042
2344 8042
6817 8042
6813 8042
8051 8042
8042 8042
8042 8042
8042 2177
8042 2178
8042 2179
8042 2180
8042 2181
8042 2344
8042 2345
8042 2968
8042 6811
8042 6816
8042 6817
8042 6813
8042 8041
8042 7999
8042 8051
8042 8176
8042 8042
8042 8042
8177 8178
6813 8178
8178 8178
8178 8178
8178 6813
8178 8177
8178 8178
8178 8178
1055 8047
8007 8047
8047 8047
8047 8047
8047 1055
8047 8007
8047 8047
8047 8047
8179 8179
8179 8179
8179 8179
8179 8179
8033 8032
8032 8032
8032 8032
8032 8033
8032 8032
8032 8032
8180 8180
8180 8180
8180 8180
8180 8180
8181 8181
8181 8181
8181 8181
8181 8181
8182 8182
8182 8182
8182 8182
8182 8182
8183 8183
8183 8183
8183 8183
8183 8183
1631 8184
8184 8184
8184 8184
8184 1631
8184 8184
8184 8184
8185 8185
8185 8185
8185 8185
8185 8185
8186 8186
8186 8186
8186 8186
8186 8186
8187 8187
8187 8187
8187 8187
8187 8187
8188 8188
8188 8188
8188 8188
8188 8188
8189 8189
8189 8189
8189 8189
8189 8189
8190 8190
8190 8190
8190 8190
8190 8190
8191 8191
8191 8191
8191 8191
8191 8191
8192 8192
8192 8192
8192 8192
8192 8192
8193 8193
8193 8193
8193 8193
8193 8193
8194 8194
8194 8194
8194 8194
8194 8194
6875 8195
8195 8195
8195 8195
8195 6875
8195 8195
8195 8195
8196 8196
8196 8196
8196 8196
8196 8196
8197 8197
8197 8197
8197 8197
8197 8197
8198 8198
8198 8198
8198 8198
8198 8198
8199 8199
8199 8199
8199 8199
8199 8199
8200 8200
8200 8200
8200 8200
8200 8200
1571 8201
8201 8201
8201 8201
8201 1571
8201 8201
8201 8201
8202 8202
8202 8202
8202 8202
8202 8202
8203 8203
8203 8203
8203 8203
8203 8203
8204 8204
8204 8204
8204 8204
8204 8204
8205 8205
8205 8205
8205 8205
8205 8205
1631 8206
8206 8206
8206 8206
8206 1631
8206 8206
8206 8206
8207 8207
8207 8207
8207 8207
8207 8207
8132 8208
8208 8208
8208 8208
8208 8132
8208 8208
8208 8208
842 8209
8209 8209
8209 8209
8209 842
8209 8209
8209 8209
8210 8210
8210 8210
8210 8210
8210 8210
8211 8211
8211 8211
8211 8211
8211 8211
8212 8212
8212 8212
8212 8212
8212 8212
1497 8213
8213 8213
8213 8213
8213 1497
8213 8213
8213 8213
8214 8214
8214 8214
8214 8214
8214 8214
8215 8215
8215 8215
8215 8215
8215 8215
8216 8216
8216 8216
8216 8216
8216 8216
8217 8217
8217 8217
8217 8217
8217 8217
8218 8219
8219 8219
8219 8219
8219 8218
8219 8219
8219 8219
8220 8220
8220 8220
8220 8220
8220 8220
8221 8221
8221 8221
8221 8221
8221 8221
8222 8222
8222 8222
8222 8222
8222 8222
8223 8223
8223 8223
8223 8223
8223 8223
8224 8224
8224 8224
8224 8224
8224 8224
8225 8225
8225 8225
8225 8225
8225 8225
8226 8226
8226 8226
8226 8226
8226 8226
8227 8227
8227 8227
8227 8227
8227 8227
8228 8228
8228 8228
8228 8228
8228 8228
8229 8229
8229 8229
8229 8229
8229 8229
8230 8230
8230 8230
8230 8230
8230 8230
8231 8231
8231 8231
8231 8231
8231 8231
8232 8232
8232 8232
8232 8232
8232 8232
8233 8233
8233 8233
8233 8233
8233 8233
8234 8234
8234 8234
8234 8234
8234 8234
8235 8235
8235 8235
8235 8235
8235 8235
8236 8236
8236 8236
8236 8236
8236 8236
8237 8237
8237 8237
8237 8237
8237 8237
8238 8238
8238 8238
8238 8238
8238 8238
8239 8239
8239 8239
8239 8239
8239 8239
8240 8240
8240 8240
8240 8240
8240 8240
8241 8241
8241 8241
8241 8241
8241 8241
8242 8242
8242 8242
8242 8242
8242 8242
8243 8243
8243 8243
8243 8243
8243 8243
8244 8244
8244 8244
8244 8244
8244 8244
8245 8245
8245 8245
8245 8245
8245 8245
8246 8246
8246 8246
8246 8246
8246 8246
8247 8248
8248 8248
8248 8248
8248 8247
8248 8248
8248 8248
8249 8249
8249 8249
8249 8249
8249 8249
8250 8250
8250 8250
8250 8250
8250 8250
8251 8251
8251 8251
8251 8251
8251 8251
8252 8252
8252 8252
8252 8252
8252 8252
8253 8253
8253 8253
8253 8253
8253 8253
8254 8254
8254 8254
8254 8254
8254 8254
8255 8255
8255 8255
8255 8255
8255 8255
8256 8256
8256 8256
8256 8256
8256 8256
8257 8259
8258 8259
8259 8259
8259 8259
8259 8257
8259 8258
8259 8259
8259 8259
8260 8260
8260 8260
8260 8260
8260 8260
8261 8261
8261 8261
8261 8261
8261 8261
8262 8262
8262 8262
8262 8262
8262 8262
8263 8263
8263 8263
8263 8263
8263 8263
8264 8264
8264 8264
8264 8264
8264 8264
846 8265
8265 8265
8265 8265
8265 846
8265 8265
8265 8265
8266 8266
8266 8266
8266 8266
8266 8266
8259 8257
8257 8257
8257 8257
8257 8259
8257 8257
8257 8257
8267 8267
8267 8267
8267 8267
8267 8267
8268 8268
8268 8268
8268 8268
8268 8268
8269 8269
8269 8269
8269 8269
8269 8269
8270 8270
8270 8270
8270 8270
8270 8270
8271 8271
8271 8271
8271 8271
8271 8271
8272 8272
8272 8272
8272 8272
8272 8272
8273 8273
8273 8273
8273 8273
8273 8273
8274 8274
8274 8274
8274 8274
8274 8274
1631 8275
8275 8275
8275 8275
8275 1631
8275 8275
8275 8275
8276 8276
8276 8276
8276 8276
8276 8276
8277 8277
8277 8277
8277 8277
8277 8277
8278 8278
8278 8278
8278 8278
8278 8278
8279 8279
8279 8279
8279 8279
8279 8279
8280 8280
8280 8280
8280 8280
8280 8280
8281 8281
8281 8281
8281 8281
8281 8281
8282 8282
8282 8282
8282 8282
8282 8282
8283 8283
8283 8283
8283 8283
8283 8283
8284 8284
8284 8284
8284 8284
8284 8284
8285 8285
8285 8285
8285 8285
8285 8285
8286 8286
8286 8286
8286 8286
8286 8286
8287 8287
8287 8287
8287 8287
8287 8287
8288 8288
8288 8288
8288 8288
8288 8288
8289 8289
8289 8289
8289 8289
8289 8289
8290 8290
8290 8290
8290 8290
8290 8290
8291 8291
8291 8291
8291 8291
8291 8291
8292 8292
8292 8292
8292 8292
8292 8292
8293 8293
8293 8293
8293 8293
8293 8293
8294 8294
8294 8294
8294 8294
8294 8294
8295 8295
8295 8295
8295 8295
8295 8295
8296 8296
8296 8296
8296 8296
8296 8296
8297 8297
8297 8297
8297 8297
8297 8297
1414 8299
8298 8299
1529 8299
1533 8299
1403 8299
855 8299
848 8299
8299 8299
8299 8299
8299 848
8299 855
8299 1403
8299 1414
8299 1529
8299 1533
8299 8298
8299 8299
8299 8299
8300 8300
8300 8300
8300 8300
8300 8300
8301 8301
8301 8301
8301 8301
8301 8301
8302 8302
8302 8302
8302 8302
8302 8302
8303 8303
8303 8303
8303 8303
8303 8303
8304 8304
8304 8304
8304 8304
8304 8304
8305 8305
8305 8305
8305 8305
8305 8305
1096 8306
7117 8306
8306 8306
8306 8306
8306 1096
8306 7117
8306 8306
8306 8306
862 8307
8307 8307
8307 8307
8307 862
8307 8307
8307 8307
8308 8308
8308 8308
8308 8308
8308 8308
8309 8309
8309 8309
8309 8309
8309 8309
1571 8310
8310 8310
8310 8310
8310 1571
8310 8310
8310 8310
8311 8311
8311 8311
8311 8311
8311 8311
8312 8312
8312 8312
8312 8312
8312 8312
8313 8313
8313 8313
8313 8313
8313 8313
8314 8314
8314 8314
8314 8314
8314 8314
8315 8315
8315 8315
8315 8315
8315 8315
8316 8316
8316 8316
8316 8316
8316 8316
8317 8317
8317 8317
8317 8317
8317 8317
8318 8318
8318 8318
8318 8318
8318 8318
8319 8319
8319 8319
8319 8319
8319 8319
8320 8320
8320 8320
8320 8320
8320 8320
8321 8321
8321 8321
8321 8321
8321 8321
8322 8322
8322 8322
8322 8322
8322 8322
8219 8218
2187 8218
2188 8218
8218 8218
8218 8218
8218 2187
8218 2188
8218 8219
8218 8218
8218 8218
8323 8323
8323 8323
8323 8323
8323 8323
8324 8324
8324 8324
8324 8324
8324 8324
8325 8325
8325 8325
8325 8325
8325 8325
8326 8326
8326 8326
8326 8326
8326 8326
8327 8327
8327 8327
8327 8327
8327 8327
8328 8329
8329 8329
8329 8329
8329 8328
8329 8329
8329 8329
8330 8330
8330 8330
8330 8330
8330 8330
8331 8331
8331 8331
8331 8331
8331 8331
8332 8332
8332 8332
8332 8332
8332 8332
8333 8333
8333 8333
8333 8333
8333 8333
8334 8334
8334 8334
8334 8334
8334 8334
8335 8335
8335 8335
8335 8335
8335 8335
8336 8336
8336 8336
8336 8336
8336 8336
8337 8337
8337 8337
8337 8337
8337 8337
8338 8338
8338 8338
8338 8338
8338 8338
8339 8339
8339 8339
8339 8339
8339 8339
8340 8340
8340 8340
8340 8340
8340 8340
8341 8341
8341 8341
8341 8341
8341 8341
8342 8342
8342 8342
8342 8342
8342 8342
5652 8344
5651 8344
2189 8344
8343 8344
8344 8344
8344 8344
8344 2189
8344 5651
8344 5652
8344 8343
8344 8344
8344 8344
5652 8343
8344 8343
3699 8343
2190 8343
5651 8343
8343 8343
8343 8343
8343 2190
8343 3699
8343 5651
8343 5652
8343 8344
8343 8343
8343 8343
8044 8345
8345 8345
8345 8345
8345 8044
8345 8345
8345 8345
8346 8346
8346 8346
8346 8346
8346 8346
8347 8347
8347 8347
8347 8347
8347 8347
8348 8348
8348 8348
8348 8348
8348 8348
8349 8349
8349 8349
8349 8349
8349 8349
8350 8350
8350 8350
8350 8350
8350 8350
8351 8351
8351 8351
8351 8351
8351 8351
8352 8352
8352 8352
8352 8352
8352 8352
8353 8353
8353 8353
8353 8353
8353 8353
8354 8355
8355 8355
8355 8355
8355 8354
8355 8355
8355 8355
8356 8356
8356 8356
8356 8356
8356 8356
8357 8357
8357 8357
8357 8357
8357 8357
8358 8358
8358 8358
8358 8358
8358 8358
8359 8359
8359 8359
8359 8359
8359 8359
8360 8360
8360 8360
8360 8360
8360 8360
8361 8361
8361 8361
8361 8361
8361 8361
8362 8362
8362 8362
8362 8362
8362 8362
8363 8363
8363 8363
8363 8363
8363 8363
8364 8365
8365 8365
8365 8365
8365 8364
8365 8365
8365 8365
8366 8366
8366 8366
8366 8366
8366 8366
8367 8367
8367 8367
8367 8367
8367 8367
8368 8369
8369 8369
8369 8369
8369 8368
8369 8369
8369 8369
2194 8370
2193 8370
2192 8370
2191 8370
8370 8370
8370 8370
8370 2191
8370 2192
8370 2193
8370 2194
8370 8370
8370 8370
2196 8371
2195 8371
4548 8371
8371 8371
8371 8371
8371 2195
8371 2196
8371 4548
8371 8371
8371 8371
2199 8372
2198 8372
2197 8372
8372 8372
8372 8372
8372 2197
8372 2198
8372 2199
8372 8372
8372 8372
2200 8373
8373 8373
8373 8373
8373 2200
8373 8373
8373 8373
2202 8374
2201 8374
5246 8374
8374 8374
8374 8374
8374 2201
8374 2202
8374 5246
8374 8374
8374 8374
5069 8375
2203 8375
8375 8375
8375 8375
8375 2203
8375 5069
8375 8375
8375 8375
8365 8364
5674 8364
2203 8364
2205 8364
2204 8364
8364 8364
8364 8364
8364 2203
8364 2204
8364 2205
8364 5674
8364 8365
8364 8364
8364 8364
8376 8376
8376 8376
8376 8376
8376 8376
8377 8377
8377 8377
8377 8377
8377 8377
8378 8378
8378 8378
8378 8378
8378 8378
8379 8379
8379 8379
8379 8379
8379 8379
2206 8380
2207 8380
3486 8380
3527 8380
8380 8380
8380 8380
8380 2206
8380 2207
8380 3486
8380 3527
8380 8380
8380 8380
2208 8381
8381 8381
8381 8381
8381 2208
8381 8381
8381 8381
2209 8382
6624 8382
8382 8382
8382 8382
8382 2209
8382 6624
8382 8382
8382 8382
8383 8383
8383 8383
8383 8383
8383 8383
3431 8384
5271 8384
8384 8384
8384 8384
8384 3431
8384 5271
8384 8384
8384 8384
6858 8385
2210 8385
6882 8385
6093 8385
8385 8385
8385 8385
8385 2210
8385 6093
8385 6858
8385 6882
8385 8385
8385 8385
5325 8386
2211 8386
3860 8386
3264 8386
2212 8386
2214 8386
3859 8386
2213 8386
8386 8386
8386 8386
8386 2211
8386 2212
8386 2213
8386 2214
8386 3264
8386 3859
8386 3860
8386 5325
8386 8386
8386 8386
2216 8387
6627 8387
6593 8387
6626 8387
5733 8387
2215 8387
8387 8387
8387 8387
8387 2215
8387 2216
8387 5733
8387 6593
8387 6626
8387 6627
8387 8387
8387 8387
8388 8389
8389 8389
8389 8389
8389 8388
8389 8389
8389 8389
8388 8390
8390 8390
8390 8390
8390 8388
8390 8390
8390 8390
8388 8391
8391 8391
8391 8391
8391 8388
8391 8391
8391 8391
8392 8392
8392 8392
8392 8392
8392 8392
6640 8393
8393 8393
8393 8393
8393 6640
8393 8393
8393 8393
8394 8394
8394 8394
8394 8394
8394 8394
8395 8395
8395 8395
8395 8395
8395 8395
8396 8396
8396 8396
8396 8396
8396 8396
8397 8397
8397 8397
8397 8397
8397 8397
2220 8398
2222 8398
2221 8398
2219 8398
2217 8398
2218 8398
7441 8398
8398 8398
8398 8398
8398 2218
8398 2217
8398 2219
8398 2220
8398 2221
8398 2222
8398 7441
8398 8398
8398 8398
1583 8399
8399 8399
8399 8399
8399 1583
8399 8399
8399 8399
8400 8400
8400 8400
8400 8400
8400 8400
1529 8298
1533 8298
1403 8298
2186 8298
8299 8298
868 8298
2225 8298
8401 8298
1414 8298
1397 8298
1420 8298
1408 8298
1137 8298
864 8298
2228 8298
867 8298
4876 8298
2224 8298
4875 8298
2226 8298
2227 8298
8298 8298
8298 8298
8298 868
8298 2225
8298 2186
8298 2226
8298 2227
8298 2228
8298 864
8298 867
8298 1137
8298 1397
8298 1403
8298 1408
8298 2224
8298 4875
8298 4876
8298 1414
8298 1420
8298 1529
8298 1533
8298 8299
8298 8401
8298 8298
8298 8298
6524 8402
8402 8402
8402 8402
8402 6524
8402 8402
8402 8402
8403 8403
8403 8403
8403 8403
8403 8403
8404 8404
8404 8404
8404 8404
8404 8404
8405 8405
8405 8405
8405 8405
8405 8405
8406 8406
8406 8406
8406 8406
8406 8406
8407 8407
8407 8407
8407 8407
8407 8407
8408 8408
8408 8408
8408 8408
8408 8408
8409 8409
8409 8409
8409 8409
8409 8409
8410 8410
8410 8410
8410 8410
8410 8410
8298 8401
8401 8401
8401 8401
8401 8298
8401 8401
8401 8401
867 8044
866 8044
8345 8044
6640 8044
8045 8044
864 8044
8044 8044
8044 8044
8044 864
8044 867
8044 866
8044 6640
8044 8045
8044 8345
8044 8044
8044 8044
2229 8388
8389 8388
8390 8388
6683 8388
2230 8388
8391 8388
8388 8388
8388 8388
8388 2229
8388 2230
8388 6683
8388 8389
8388 8390
8388 8391
8388 8388
8388 8388
8248 8247
2231 8247
2232 8247
8411 8247
8247 8247
8247 8247
8247 2231
8247 2232
8247 8248
8247 8411
8247 8247
8247 8247
8412 8412
8412 8412
8412 8412
8412 8412
8413 8413
8413 8413
8413 8413
8413 8413
8414 8414
8414 8414
8414 8414
8414 8414
8415 8415
8415 8415
8415 8415
8415 8415
4735 8416
872 8416
2233 8416
6909 8416
8416 8416
8416 8416
8416 872
8416 2233
8416 4735
8416 6909
8416 8416
8416 8416
2241 8417
4736 8417
4735 8417
2240 8417
8417 8417
8417 8417
8417 2240
8417 2241
8417 4735
8417 4736
8417 8417
8417 8417
1155 8418
2599 8418
8418 8418
8418 8418
8418 2599
8418 1155
8418 8418
8418 8418
6618 8419
2234 8419
8419 8419
8419 8419
8419 2234
8419 6618
8419 8419
8419 8419
5327 8420
8420 8420
8420 8420
8420 5327
8420 8420
8420 8420
876 8421
2235 8421
2237 8421
2239 8421
884 8421
8421 8421
8421 8421
8421 876
8421 2239
8421 2237
8421 2235
8421 884
8421 8421
8421 8421
8422 8422
8422 8422
8422 8422
8422 8422
2255 8424
3542 8424
8423 8424
4656 8424
7902 8424
4623 8424
8424 8424
8424 8424
8424 2255
8424 3542
8424 4623
8424 4656
8424 7902
8424 8423
8424 8424
8424 8424
8425 8425
8425 8425
8425 8425
8425 8425
1423 8426
8426 8426
8426 8426
8426 1423
8426 8426
8426 8426
6524 8427
8427 8427
8427 8427
8427 6524
8427 8427
8427 8427
8428 8428
8428 8428
8428 8428
8428 8428
8429 8429
8429 8429
8429 8429
8429 8429
6907 8430
4745 8430
2241 8430
4727 8430
4735 8430
2243 8430
2242 8430
2240 8430
8430 8430
8430 8430
8430 2240
8430 2241
8430 2242
8430 2243
8430 4727
8430 4735
8430 4745
8430 6907
8430 8430
8430 8430
3541 8431
2248 8431
6574 8431
2246 8431
6908 8431
2245 8431
2244 8431
2247 8431
8431 8431
8431 8431
8431 2244
8431 2245
8431 2246
8431 2247
8431 2248
8431 3541
8431 6574
8431 6908
8431 8431
8431 8431
7696 8432
7697 8432
4585 8432
8432 8432
8432 8432
8432 4585
8432 7696
8432 7697
8432 8432
8432 8432
6659 8433
1386 8433
7902 8433
8423 8433
4528 8433
8433 8433
8433 8433
8433 4528
8433 1386
8433 6659
8433 7902
8433 8423
8433 8433
8433 8433
8434 8434
8434 8434
8434 8434
8434 8434
8435 8435
8435 8435
8435 8435
8435 8435
6623 8436
1583 8436
8436 8436
8436 8436
8436 1583
8436 6623
8436 8436
8436 8436
6616 8437
8437 8437
8437 8437
8437 6616
8437 8437
8437 8437
8438 8438
8438 8438
8438 8438
8438 8438
8439 8439
8439 8439
8439 8439
8439 8439
8440 8440
8440 8440
8440 8440
8440 8440
7500 8441
8441 8441
8441 8441
8441 7500
8441 8441
8441 8441
8442 8442
8442 8442
8442 8442
8442 8442
7500 8443
8443 8443
8443 8443
8443 7500
8443 8443
8443 8443
8444 8444
8444 8444
8444 8444
8444 8444
8445 8445
8445 8445
8445 8445
8445 8445
8446 8446
8446 8446
8446 8446
8446 8446
8447 8447
8447 8447
8447 8447
8447 8447
8448 8448
8448 8448
8448 8448
8448 8448
8449 8449
8449 8449
8449 8449
8449 8449
8450 8450
8450 8450
8450 8450
8450 8450
8451 8451
8451 8451
8451 8451
8451 8451
8452 8452
8452 8452
8452 8452
8452 8452
8453 8453
8453 8453
8453 8453
8453 8453
8454 8454
8454 8454
8454 8454
8454 8454
8455 8455
8455 8455
8455 8455
8455 8455
8456 8456
8456 8456
8456 8456
8456 8456
8457 8457
8457 8457
8457 8457
8457 8457
8458 8458
8458 8458
8458 8458
8458 8458
8459 8459
8459 8459
8459 8459
8459 8459
8460 8460
8460 8460
8460 8460
8460 8460
6667 8461
2249 8461
2250 8461
2251 8461
8461 8461
8461 8461
8461 2249
8461 2250
8461 2251
8461 6667
8461 8461
8461 8461
8462 8463
8463 8463
8463 8463
8463 8462
8463 8463
8463 8463
4042 8464
2253 8464
8464 8464
8464 8464
8464 2253
8464 4042
8464 8464
8464 8464
8465 8466
8368 8466
8466 8466
8466 8466
8466 8465
8466 8368
8466 8466
8466 8466
2253 8467
8467 8467
8467 8467
8467 2253
8467 8467
8467 8467
8468 8468
8468 8468
8468 8468
8468 8468
8469 8469
8469 8469
8469 8469
8469 8469
8470 8470
8470 8470
8470 8470
8470 8470
8471 8471
8471 8471
8471 8471
8471 8471
8472 8472
8472 8472
8472 8472
8472 8472
8473 8473
8473 8473
8473 8473
8473 8473
8474 8474
8474 8474
8474 8474
8474 8474
8475 8475
8475 8475
8475 8475
8475 8475
8247 8411
8411 8411
8411 8411
8411 8247
8411 8411
8411 8411
8476 8476
8476 8476
8476 8476
8476 8476
8477 8477
8477 8477
8477 8477
8477 8477
8478 8478
8478 8478
8478 8478
8478 8478
8479 8479
8479 8479
8479 8479
8479 8479
8480 8480
8480 8480
8480 8480
8480 8480
8481 8481
8481 8481
8481 8481
8481 8481
8482 8482
8482 8482
8482 8482
8482 8482
7903 8483
6616 8483
7904 8483
1641 8483
8483 8483
8483 8483
8483 1641
8483 6616
8483 7903
8483 7904
8483 8483
8483 8483
2254 8423
7709 8423
8424 8423
8433 8423
2255 8423
8423 8423
8423 8423
8423 2255
8423 2254
8423 7709
8423 8424
8423 8433
8423 8423
8423 8423
6908 8484
6909 8484
2256 8484
3541 8484
2071 8484
2259 8484
4502 8484
4503 8484
2260 8484
2258 8484
4501 8484
2257 8484
6905 8484
2074 8484
5481 8484
3336 8484
6619 8484
6622 8484
6620 8484
8484 8484
8484 8484
8484 2071
8484 2074
8484 2256
8484 2257
8484 2258
8484 2259
8484 2260
8484 3336
8484 3541
8484 4501
8484 4502
8484 4503
8484 5481
8484 6619
8484 6620
8484 6622
8484 6905
8484 6908
8484 6909
8484 8484
8484 8484
6632 8485
2261 8485
2262 8485
8485 8485
8485 8485
8485 2261
8485 2262
8485 6632
8485 8485
8485 8485
4542 8486
8486 8486
8486 8486
8486 4542
8486 8486
8486 8486
2267 8462
4882 8462
2270 8462
6575 8462
2378 8462
3543 8462
6904 8462
2269 8462
2264 8462
2268 8462
2266 8462
2263 8462
6602 8462
6621 8462
5276 8462
8463 8462
2265 8462
8462 8462
8462 8462
8462 2263
8462 2264
8462 2265
8462 2266
8462 2267
8462 2268
8462 2269
8462 2270
8462 2378
8462 3543
8462 4882
8462 5276
8462 6575
8462 6602
8462 6621
8462 6904
8462 8463
8462 8462
8462 8462
3595 8487
7950 8487
7953 8487
2272 8487
2271 8487
7958 8487
3594 8487
5062 8487
7949 8487
8487 8487
8487 8487
8487 2271
8487 2272
8487 3594
8487 3595
8487 5062
8487 7949
8487 7950
8487 7953
8487 7958
8487 8487
8487 8487
8488 8354
8355 8354
2275 8354
2277 8354
2273 8354
2276 8354
2274 8354
5764 8354
3824 8354
8354 8354
8354 8354
8354 2273
8354 2274
8354 2275
8354 2276
8354 2277
8354 3824
8354 5764
8354 8355
8354 8488
8354 8354
8354 8354
3824 8488
2278 8488
2276 8488
8354 8488
2275 8488
2277 8488
8488 8488
8488 8488
8488 2275
8488 2276
8488 2277
8488 2278
8488 3824
8488 8354
8488 8488
8488 8488
885 8489
2281 8489
2280 8489
2282 8489
8489 8489
8489 8489
8489 885
8489 2280
8489 2281
8489 2282
8489 8489
8489 8489
7416 8491
8490 8491
2295 8491
2287 8491
2294 8491
2283 8491
1110 8491
2293 8491
2284 8491
2291 8491
2290 8491
2285 8491
2289 8491
2288 8491
1644 8491
2286 8491
888 8491
2292 8491
1276 8491
5776 8491
8491 8491
8491 8491
8491 888
8491 1276
8491 2283
8491 1110
8491 2284
8491 2285
8491 1644
8491 2286
8491 2287
8491 2288
8491 2289
8491 2290
8491 2291
8491 2292
8491 2293
8491 2294
8491 2295
8491 5776
8491 7416
8491 8490
8491 8491
8491 8491
8492 8492
8492 8492
8492 8492
8492 8492
8493 8493
8493 8493
8493 8493
8493 8493
8494 8494
8494 8494
8494 8494
8494 8494
1066 8495
8495 8495
8495 8495
8495 1066
8495 8495
8495 8495
8496 8496
8496 8496
8496 8496
8496 8496
8497 8497
8497 8497
8497 8497
8497 8497
8498 8498
8498 8498
8498 8498
8498 8498
8499 8499
8499 8499
8499 8499
8499 8499
8500 8500
8500 8500
8500 8500
8500 8500
8501 8501
8501 8501
8501 8501
8501 8501
8502 8502
8502 8502
8502 8502
8502 8502
2296 8503
2297 8503
8503 8503
8503 8503
8503 2296
8503 2297
8503 8503
8503 8503
8504 8504
8504 8504
8504 8504
8504 8504
8505 8505
8505 8505
8505 8505
8505 8505
8506 8506
8506 8506
8506 8506
8506 8506
8507 8507
8507 8507
8507 8507
8507 8507
8508 8508
8508 8508
8508 8508
8508 8508
2298 8509
8509 8509
8509 8509
8509 2298
8509 8509
8509 8509
8510 8510
8510 8510
8510 8510
8510 8510
8511 8511
8511 8511
8511 8511
8511 8511
8512 8512
8512 8512
8512 8512
8512 8512
8513 8513
8513 8513
8513 8513
8513 8513
8514 8514
8514 8514
8514 8514
8514 8514
8515 8515
8515 8515
8515 8515
8515 8515
8516 8516
8516 8516
8516 8516
8516 8516
972 8517
974 8517
8517 8517
8517 8517
8517 972
8517 974
8517 8517
8517 8517
1038 8518
8518 8518
8518 8518
8518 1038
8518 8518
8518 8518
8519 8519
8519 8519
8519 8519
8519 8519
8520 8520
8520 8520
8520 8520
8520 8520
8521 8521
8521 8521
8521 8521
8521 8521
8522 8522
8522 8522
8522 8522
8522 8522
8523 8523
8523 8523
8523 8523
8523 8523
8524 8524
8524 8524
8524 8524
8524 8524
8491 8490
8490 8490
8490 8490
8490 8491
8490 8490
8490 8490
889 8525
8525 8525
8525 8525
8525 889
8525 8525
8525 8525
8526 8526
8526 8526
8526 8526
8526 8526
8527 8527
8527 8527
8527 8527
8527 8527
2301 8048
2300 8048
2302 8048
6825 8048
2306 8048
6377 8048
2304 8048
2303 8048
8007 8048
6554 8048
2305 8048
4378 8048
2307 8048
2308 8048
2309 8048
8048 8048
8048 8048
8048 2300
8048 2301
8048 2302
8048 2303
8048 2304
8048 2305
8048 2306
8048 2307
8048 2308
8048 2309
8048 4378
8048 6377
8048 6554
8048 6825
8048 8007
8048 8048
8048 8048
2312 8528
2311 8528
5587 8528
2310 8528
3394 8528
2826 8528
2314 8528
2313 8528
2318 8528
3110 8528
2315 8528
2317 8528
2316 8528
8528 8528
8528 8528
8528 2310
8528 2311
8528 2312
8528 2313
8528 2314
8528 2315
8528 2316
8528 2317
8528 2318
8528 2826
8528 3110
8528 3394
8528 5587
8528 8528
8528 8528
2320 8529
2319 8529
6407 8529
8529 8529
8529 8529
8529 2319
8529 2320
8529 6407
8529 8529
8529 8529
2322 8530
2321 8530
2323 8530
8530 8530
8530 8530
8530 2321
8530 2322
8530 2323
8530 8530
8530 8530
2330 8531
2328 8531
2327 8531
2326 8531
2329 8531
2325 8531
2324 8531
2332 8531
2331 8531
8531 8531
8531 8531
8531 2324
8531 2325
8531 2326
8531 2327
8531 2328
8531 2329
8531 2330
8531 2331
8531 2332
8531 8531
8531 8531
8532 8532
8532 8532
8532 8532
8532 8532
8533 8533
8533 8533
8533 8533
8533 8533
6624 8534
8534 8534
8534 8534
8534 6624
8534 8534
8534 8534
8535 8535
8535 8535
8535 8535
8535 8535
8536 8536
8536 8536
8536 8536
8536 8536
2333 8537
8537 8537
8537 8537
8537 2333
8537 8537
8537 8537
8538 8538
8538 8538
8538 8538
8538 8538
8539 8539
8539 8539
8539 8539
8539 8539
8540 8540
8540 8540
8540 8540
8540 8540
8541 8541
8541 8541
8541 8541
8541 8541
8466 8465
2493 8465
2337 8465
2334 8465
4746 8465
2335 8465
6583 8465
2338 8465
2336 8465
4747 8465
8465 8465
8465 8465
8465 2334
8465 2335
8465 2336
8465 2337
8465 2338
8465 2493
8465 4746
8465 4747
8465 6583
8465 8466
8465 8465
8465 8465
5670 8368
4337 8368
5237 8368
8466 8368
8369 8368
5249 8368
8368 8368
8368 8368
8368 4337
8368 5237
8368 5249
8368 5670
8368 8369
8368 8466
8368 8368
8368 8368
4106 8542
6583 8542
4877 8542
2339 8542
5238 8542
8542 8542
8542 8542
8542 2339
8542 4106
8542 4877
8542 5238
8542 6583
8542 8542
8542 8542
5968 8177
8178 8177
3108 8177
5464 8177
2343 8177
3107 8177
2340 8177
2341 8177
2342 8177
2056 8177
8177 8177
8177 8177
8177 2340
8177 2056
8177 2341
8177 2342
8177 2343
8177 3107
8177 3108
8177 5464
8177 5968
8177 8178
8177 8177
8177 8177
1448 8543
8543 8543
8543 8543
8543 1448
8543 8543
8543 8543
8544 8544
8544 8544
8544 8544
8544 8544
8545 8545
8545 8545
8545 8545
8545 8545
1455 8546
8546 8546
8546 8546
8546 1455
8546 8546
8546 8546
8547 8547
8547 8547
8547 8547
8547 8547
8548 8548
8548 8548
8548 8548
8548 8548
2344 8176
2345 8176
6812 8176
8042 8176
6814 8176
3388 8176
2925 8176
2349 8176
2346 8176
2348 8176
2347 8176
8176 8176
8176 8176
8176 2344
8176 2345
8176 2346
8176 2347
8176 2348
8176 2349
8176 2925
8176 3388
8176 6812
8176 6814
8176 8042
8176 8176
8176 8176
2353 8049
2352 8049
2351 8049
2350 8049
2356 8049
5718 8049
2354 8049
2357 8049
2358 8049
5597 8049
2355 8049
3109 8049
8010 8049
5494 8049
8049 8049
8049 8049
8049 2350
8049 2351
8049 2352
8049 2353
8049 2354
8049 2355
8049 2356
8049 2357
8049 2358
8049 3109
8049 5494
8049 5597
8049 5718
8049 8010
8049 8049
8049 8049
2359 8328
8329 8328
8328 8328
8328 8328
8328 2359
8328 8329
8328 8328
8328 8328
8549 8549
8549 8549
8549 8549
8549 8549
8550 8550
8550 8550
8550 8550
8550 8550
8551 8551
8551 8551
8551 8551
8551 8551
8552 8552
8552 8552
8552 8552
8552 8552
8553 8553
8553 8553
8553 8553
8553 8553
8016 8008
8009 8008
4334 8008
2366 8008
2360 8008
2362 8008
4296 8008
1765 8008
2363 8008
2364 8008
2365 8008
2361 8008
8008 8008
8008 8008
8008 2360
8008 2361
8008 2362
8008 2363
8008 2364
8008 2365
8008 2366
8008 4296
8008 4334
8008 1765
8008 8009
8008 8016
8008 8008
8008 8008
2368 8016
2367 8016
2364 8016
8017 8016
6363 8016
2366 8016
4334 8016
5564 8016
8008 8016
2363 8016
2365 8016
8016 8016
8016 8016
8016 2363
8016 2364
8016 2365
8016 2366
8016 2367
8016 2368
8016 4334
8016 5564
8016 6363
8016 8017
8016 8008
8016 8016
8016 8016
1646 8554
2369 8554
2370 8554
2371 8554
6497 8554
2372 8554
5976 8554
1647 8554
8554 8554
8554 8554
8554 2369
8554 2370
8554 2371
8554 2372
8554 1647
8554 1646
8554 5976
8554 6497
8554 8554
8554 8554
2464 8555
8555 8555
8555 8555
8555 2464
8555 8555
8555 8555
4100 8556
6487 8556
4363 8556
2373 8556
6301 8556
2464 8556
8556 8556
8556 8556
8556 2373
8556 2464
8556 4100
8556 4363
8556 6301
8556 6487
8556 8556
8556 8556
8133 8132
8208 8132
8132 8132
8132 8132
8132 8133
8132 8208
8132 8132
8132 8132
2375 8557
2376 8557
2374 8557
8557 8557
8557 8557
8557 2374
8557 2375
8557 2376
8557 8557
8557 8557
5053 8558
5057 8558
5055 8558
5050 8558
5056 8558
5054 8558
1592 8558
6869 8558
5052 8558
2381 8558
2382 8558
2377 8558
2383 8558
2384 8558
2380 8558
2378 8558
2379 8558
2385 8558
8558 8558
8558 8558
8558 2377
8558 2378
8558 2379
8558 2380
8558 2381
8558 2382
8558 2383
8558 2384
8558 2385
8558 5050
8558 5052
8558 5053
8558 5054
8558 5055
8558 5056
8558 5057
8558 1592
8558 6869
8558 8558
8558 8558
2389 8559
2387 8559
2388 8559
5376 8559
5377 8559
2386 8559
8559 8559
8559 8559
8559 2386
8559 2387
8559 2388
8559 2389
8559 5376
8559 5377
8559 8559
8559 8559
8560 8560
8560 8560
8560 8560
8560 8560
8561 8561
8561 8561
8561 8561
8561 8561
8562 8562
8562 8562
8562 8562
8562 8562
8563 8563
8563 8563
8563 8563
8563 8563
8564 8564
8564 8564
8564 8564
8564 8564
8565 8565
8565 8565
8565 8565
8565 8565
2390 8566
8566 8566
8566 8566
8566 2390
8566 8566
8566 8566
3293 8567
8567 8567
8567 8567
8567 3293
8567 8567
8567 8567
895 8568
8568 8568
8568 8568
8568 895
8568 8568
8568 8568
8569 8569
8569 8569
8569 8569
8569 8569
8570 8570
8570 8570
8570 8570
8570 8570
8571 8571
8571 8571
8571 8571
8571 8571
8572 8572
8572 8572
8572 8572
8572 8572
8573 8573
8573 8573
8573 8573
8573 8573
8574 8574
8574 8574
8574 8574
8574 8574
8575 8575
8575 8575
8575 8575
8575 8575
8576 8576
8576 8576
8576 8576
8576 8576
8577 8577
8577 8577
8577 8577
8577 8577
8578 8578
8578 8578
8578 8578
8578 8578
8579 8579
8579 8579
8579 8579
8579 8579
8580 8580
8580 8580
8580 8580
8580 8580
8581 8581
8581 8581
8581 8581
8581 8581
8582 8582
8582 8582
8582 8582
8582 8582
8583 8583
8583 8583
8583 8583
8583 8583
8584 8584
8584 8584
8584 8584
8584 8584
8585 8585
8585 8585
8585 8585
8585 8585
8586 8586
8586 8586
8586 8586
8586 8586
8587 8587
8587 8587
8587 8587
8587 8587
8588 8588
8588 8588
8588 8588
8588 8588
8589 8589
8589 8589
8589 8589
8589 8589
8590 8590
8590 8590
8590 8590
8590 8590
8591 8591
8591 8591
8591 8591
8591 8591
8592 8592
8592 8592
8592 8592
8592 8592
8593 8593
8593 8593
8593 8593
8593 8593
8594 8594
8594 8594
8594 8594
8594 8594
8595 8595
8595 8595
8595 8595
8595 8595
8596 8596
8596 8596
8596 8596
8596 8596
2392 8597
6274 8597
2391 8597
6369 8597
8597 8597
8597 8597
8597 2391
8597 2392
8597 6274
8597 6369
8597 8597
8597 8597
8598 8598
8598 8598
8598 8598
8598 8598
8599 8599
8599 8599
8599 8599
8599 8599
8600 8600
8600 8600
8600 8600
8600 8600
8601 8601
8601 8601
8601 8601
8601 8601
8259 8258
8258 8258
8258 8258
8258 8259
8258 8258
8258 8258
6984 8602
8602 8602
8602 8602
8602 6984
8602 8602
8602 8602
8603 8603
8603 8603
8603 8603
8603 8603
8604 8604
8604 8604
8604 8604
8604 8604
8605 8605
8605 8605
8605 8605
8605 8605
8606 8606
8606 8606
8606 8606
8606 8606
8607 8607
8607 8607
8607 8607
8607 8607
8608 8608
8608 8608
8608 8608
8608 8608
8609 8609
8609 8609
8609 8609
8609 8609
8610 8610
8610 8610
8610 8610
8610 8610
8611 8611
8611 8611
8611 8611
8611 8611
