6376 6376
6376 6376
6376 6376
6376 6376
6377 6377
6377 6377
6377 6377
6377 6377
6378 6378
6378 6378
6378 6378
6378 6378
6379 6379
6379 6379
6379 6379
6379 6379
682 6380
6380 6380
6380 6380
6380 682
6380 6380
6380 6380
1257 6381
6381 6381
6381 6381
6381 1257
6381 6381
6381 6381
6382 6382
6382 6382
6382 6382
6382 6382
1744 6383
5515 6383
1742 6383
1745 6383
1963 6383
1743 6383
1740 6383
1741 6383
6383 6383
6383 6383
6383 1740
6383 1741
6383 1742
6383 1743
6383 1744
6383 1745
6383 1963
6383 5515
6383 6383
6383 6383
1174 6384
6384 6384
6384 6384
6384 1174
6384 6384
6384 6384
6385 6385
6385 6385
6385 6385
6385 6385
6386 6386
6386 6386
6386 6386
6386 6386
6387 6387
6387 6387
6387 6387
6387 6387
6388 6389
6389 6389
6389 6389
6389 6388
6389 6389
6389 6389
6390 6390
6390 6390
6390 6390
6390 6390
6391 6391
6391 6391
6391 6391
6391 6391
6392 6392
6392 6392
6392 6392
6392 6392
6393 6393
6393 6393
6393 6393
6393 6393
6394 6394
6394 6394
6394 6394
6394 6394
6395 6395
6395 6395
6395 6395
6395 6395
6396 6396
6396 6396
6396 6396
6396 6396
6397 6397
6397 6397
6397 6397
6397 6397
6398 6398
6398 6398
6398 6398
6398 6398
6399 6399
6399 6399
6399 6399
6399 6399
6400 6400
6400 6400
6400 6400
6400 6400
6401 6401
6401 6401
6401 6401
6401 6401
6402 6402
6402 6402
6402 6402
6402 6402
6403 6403
6403 6403
6403 6403
6403 6403
6404 6404
6404 6404
6404 6404
6404 6404
4151 6406
739 6406
626 6406
1747 6406
1748 6406
1749 6406
1750 6406
738 6406
5959 6406
4222 6406
1746 6406
2168 6406
6405 6406
6406 6406
6406 6406
6406 739
6406 626
6406 1746
6406 1747
6406 1748
6406 1749
6406 1750
6406 738
6406 2168
6406 4151
6406 4222
6406 5959
6406 6405
6406 6406
6406 6406
4293 6407
1751 6407
1752 6407
6407 6407
6407 6407
6407 1751
6407 1752
6407 4293
6407 6407
6407 6407
1753 6408
6408 6408
6408 6408
6408 1753
6408 6408
6408 6408
6409 6409
6409 6409
6409 6409
6409 6409
6410 6410
6410 6410
6410 6410
6410 6410
6411 6411
6411 6411
6411 6411
6411 6411
6412 6412
6412 6412
6412 6412
6412 6412
6413 6413
6413 6413
6413 6413
6413 6413
6414 6414
6414 6414
6414 6414
6414 6414
6415 6416
1754 6416
1755 6416
1757 6416
1756 6416
6416 6416
6416 6416
6416 1754
6416 1755
6416 1756
6416 1757
6416 6415
6416 6416
6416 6416
6416 6415
6415 6415
6415 6415
6415 6416
6415 6415
6415 6415
6417 6417
6417 6417
6417 6417
6417 6417
6418 6418
6418 6418
6418 6418
6418 6418
6419 6419
6419 6419
6419 6419
6419 6419
6420 6420
6420 6420
6420 6420
6420 6420
6421 6421
6421 6421
6421 6421
6421 6421
6422 6422
6422 6422
6422 6422
6422 6422
6423 6423
6423 6423
6423 6423
6423 6423
5962 6424
1758 6424
2014 6424
1759 6424
6424 6424
6424 6424
6424 1758
6424 1759
6424 2014
6424 5962
6424 6424
6424 6424
830 6405
6406 6405
1761 6405
1762 6405
1763 6405
6405 6405
6405 6405
6405 1761
6405 1762
6405 1763
6405 830
6405 6406
6405 6405
6405 6405
6425 6425
6425 6425
6425 6425
6425 6425
6426 6426
6426 6426
6426 6426
6426 6426
6427 6427
6427 6427
6427 6427
6427 6427
6428 6428
6428 6428
6428 6428
6428 6428
6429 6429
6429 6429
6429 6429
6429 6429
6430 6430
6430 6430
6430 6430
6430 6430
6431 6431
6431 6431
6431 6431
6431 6431
6432 6432
6432 6432
6432 6432
6432 6432
627 6433
6433 6433
6433 6433
6433 627
6433 6433
6433 6433
1766 6434
6434 6434
6434 6434
6434 1766
6434 6434
6434 6434
6435 6435
6435 6435
6435 6435
6435 6435
6436 6436
6436 6436
6436 6436
6436 6436
6437 6437
6437 6437
6437 6437
6437 6437
6438 6438
6438 6438
6438 6438
6438 6438
1767 6439
6439 6439
6439 6439
6439 1767
6439 6439
6439 6439
1769 6440
6440 6440
6440 6440
6440 1769
6440 6440
6440 6440
1770 6441
738 6441
6441 6441
6441 6441
6441 1770
6441 738
6441 6441
6441 6441
6442 6442
6442 6442
6442 6442
6442 6442
6443 6443
6443 6443
6443 6443
6443 6443
6444 6444
6444 6444
6444 6444
6444 6444
1773 6445
1771 6445
1772 6445
1774 6445
1775 6445
1776 6445
1777 6445
1779 6445
1780 6445
1778 6445
5028 6445
5027 6445
6445 6445
6445 6445
6445 1771
6445 1772
6445 1773
6445 1774
6445 1775
6445 1776
6445 1777
6445 1778
6445 1779
6445 1780
6445 5027
6445 5028
6445 6445
6445 6445
6446 6446
6446 6446
6446 6446
6446 6446
6447 6447
6447 6447
6447 6447
6447 6447
6448 6448
6448 6448
6448 6448
6448 6448
6449 6449
6449 6449
6449 6449
6449 6449
6450 6450
6450 6450
6450 6450
6450 6450
6451 6451
6451 6451
6451 6451
6451 6451
6452 6452
6452 6452
6452 6452
6452 6452
6453 6453
6453 6453
6453 6453
6453 6453
1781 6454
1784 6454
5751 6454
1782 6454
3333 6454
1783 6454
3451 6454
6454 6454
6454 6454
6454 1781
6454 1782
6454 1783
6454 1784
6454 3333
6454 3451
6454 5751
6454 6454
6454 6454
1066 6455
1785 6455
2438 6455
1786 6455
1787 6455
1619 6455
6455 6455
6455 6455
6455 1785
6455 1786
6455 1787
6455 2438
6455 1066
6455 1619
6455 6455
6455 6455
1788 6456
3069 6456
3068 6456
1789 6456
6456 6456
6456 6456
6456 1788
6456 1789
6456 3068
6456 3069
6456 6456
6456 6456
1793 6457
1794 6457
1792 6457
1791 6457
2386 6457
2334 6457
1790 6457
6457 6457
6457 6457
6457 1790
6457 1791
6457 1792
6457 1793
6457 1794
6457 2334
6457 2386
6457 6457
6457 6457
1802 6460
1803 6460
1832 6460
1801 6460
3373 6460
1224 6460
1804 6460
3948 6460
1805 6460
1806 6460
1807 6460
3932 6460
6458 6460
1808 6460
4285 6460
2890 6460
2889 6460
1810 6460
6459 6460
631 6460
1207 6460
1811 6460
1800 6460
1809 6460
6460 6460
6460 6460
6460 1800
6460 1224
6460 1801
6460 1802
6460 1803
6460 1804
6460 1805
6460 1806
6460 1807
6460 1808
6460 1809
6460 1810
6460 1811
6460 1832
6460 631
6460 2889
6460 2890
6460 3373
6460 3932
6460 3948
6460 1207
6460 4285
6460 6458
6460 6459
6460 6460
6460 6460
1813 6465
6461 6465
6462 6465
1812 6465
6463 6465
1232 6465
1190 6465
6459 6465
4262 6465
1230 6465
6464 6465
4269 6465
1239 6465
6465 6465
6465 6465
6465 1812
6465 1813
6465 1232
6465 1190
6465 4262
6465 4269
6465 1230
6465 1239
6465 6461
6465 6462
6465 6463
6465 6459
6465 6464
6465 6465
6465 6465
6466 6471
6467 6471
4285 6471
1232 6471
6468 6471
6463 6471
6459 6471
6462 6471
4269 6471
631 6471
1217 6471
2108 6471
1797 6471
6469 6471
2794 6471
1813 6471
6470 6471
1239 6471
6471 6471
6471 6471
6471 1813
6471 631
6471 2108
6471 1797
6471 1232
6471 2794
6471 1217
6471 4269
6471 4285
6471 1239
6471 6468
6471 6467
6471 6462
6471 6470
6471 6469
6471 6463
6471 6466
6471 6459
6471 6471
6471 6471
1816 6468
1814 6468
4286 6468
2633 6468
1820 6468
6471 6468
629 6468
3948 6468
1817 6468
1815 6468
1819 6468
1818 6468
6468 6468
6468 6468
6468 629
6468 1814
6468 1815
6468 1816
6468 1817
6468 1818
6468 1819
6468 1820
6468 2633
6468 3948
6468 4286
6468 6471
6468 6468
6468 6468
1824 6472
4070 6472
1825 6472
6470 6472
1823 6472
1821 6472
2011 6472
1822 6472
6472 6472
6472 6472
6472 1821
6472 1822
6472 1823
6472 1824
6472 1825
6472 2011
6472 4070
6472 6470
6472 6472
6472 6472
6460 6458
1219 6458
6464 6458
1239 6458
6458 6458
6458 6458
6458 1219
6458 1239
6458 6460
6458 6464
6458 6458
6458 6458
6465 6461
6462 6461
6459 6461
6461 6461
6461 6461
6461 6465
6461 6462
6461 6459
6461 6461
6461 6461
1239 6467
1219 6467
6471 6467
6469 6467
6467 6467
6467 6467
6467 1219
6467 1239
6467 6471
6467 6469
6467 6467
6467 6467
6465 6462
1796 6462
2633 6462
6463 6462
2626 6462
1230 6462
1229 6462
4270 6462
6470 6462
1799 6462
4399 6462
4272 6462
3372 6462
6473 6462
6461 6462
6471 6462
6459 6462
1830 6462
1829 6462
1828 6462
1239 6462
1831 6462
1827 6462
920 6462
1826 6462
6462 6462
6462 6462
6462 1826
6462 920
6462 1827
6462 1828
6462 1829
6462 1830
6462 1831
6462 2626
6462 2633
6462 1229
6462 3372
6462 1796
6462 1799
6462 4270
6462 4272
6462 1230
6462 1239
6462 4399
6462 6465
6462 6471
6462 6461
6462 6470
6462 6473
6462 6463
6462 6459
6462 6462
6462 6462
4283 6477
1832 6477
1833 6477
6474 6477
4288 6477
1834 6477
1835 6477
1230 6477
1840 6477
1239 6477
1839 6477
1836 6477
1837 6477
6475 6477
6476 6477
1838 6477
6459 6477
6477 6477
6477 6477
6477 1832
6477 1833
6477 1834
6477 1835
6477 1836
6477 1837
6477 1838
6477 1839
6477 1840
6477 1230
6477 4288
6477 1239
6477 4283
6477 6476
6477 6474
6477 6459
6477 6475
6477 6477
6477 6477
1797 6470
1230 6470
6463 6470
4269 6470
3932 6470
6472 6470
6469 6470
1232 6470
631 6470
6471 6470
1841 6470
2794 6470
6462 6470
6459 6470
6470 6470
6470 6470
6470 631
6470 1841
6470 1797
6470 1232
6470 2794
6470 3932
6470 4269
6470 1230
6470 6471
6470 6472
6470 6462
6470 6469
6470 6463
6470 6459
6470 6470
6470 6470
4262 6469
1219 6469
1798 6469
635 6469
2108 6469
1842 6469
3948 6469
1217 6469
4269 6469
6470 6469
2011 6469
6471 6469
6467 6469
6466 6469
6469 6469
6469 6469
6469 1842
6469 635
6469 2011
6469 2108
6469 3948
6469 4262
6469 1217
6469 4269
6469 1219
6469 1798
6469 6471
6469 6467
6469 6470
6469 6466
6469 6469
6469 6469
6459 6479
6464 6479
6478 6479
6479 6479
6479 6479
6479 6459
6479 6464
6479 6478
6479 6479
6479 6479
826 6473
5972 6473
6462 6473
6473 6473
6473 6473
6473 826
6473 5972
6473 6462
6473 6473
6473 6473
6471 6463
1233 6463
6462 6463
6465 6463
6470 6463
1239 6463
6463 6463
6463 6463
6463 1233
6463 1239
6463 6465
6463 6471
6463 6462
6463 6470
6463 6463
6463 6463
635 6466
6469 6466
6471 6466
1843 6466
1217 6466
1844 6466
6466 6466
6466 6466
6466 635
6466 1843
6466 1844
6466 1217
6466 6471
6466 6469
6466 6466
6466 6466
6477 6476
6478 6476
6476 6476
6476 6476
6476 6477
6476 6478
6476 6476
6476 6476
6477 6474
6474 6474
6474 6474
6474 6477
6474 6474
6474 6474
6480 6480
6480 6480
6480 6480
6480 6480
6481 6481
6481 6481
6481 6481
6481 6481
6482 6482
6482 6482
6482 6482
6482 6482
6483 6483
6483 6483
6483 6483
6483 6483
6484 6484
6484 6484
6484 6484
6484 6484
1242 6459
6461 6459
6164 6459
6462 6459
6471 6459
4270 6459
1230 6459
4265 6459
4264 6459
4263 6459
6479 6459
1798 6459
4262 6459
4273 6459
4271 6459
6470 6459
6477 6459
6465 6459
6464 6459
1799 6459
6460 6459
6459 6459
6459 6459
6459 4262
6459 4263
6459 4264
6459 4265
6459 1799
6459 4270
6459 4271
6459 4273
6459 1230
6459 1798
6459 1242
6459 6164
6459 6460
6459 6465
6459 6471
6459 6461
6459 6462
6459 6477
6459 6470
6459 6479
6459 6464
6459 6459
6459 6459
637 6485
6478 6485
6485 6485
6485 6485
6485 637
6485 6478
6485 6485
6485 6485
6486 6486
6486 6486
6486 6486
6486 6486
6487 6487
6487 6487
6487 6487
6487 6487
6488 6464
2011 6464
5772 6464
6489 6464
6458 6464
6465 6464
1846 6464
1847 6464
6479 6464
4271 6464
6459 6464
4294 6464
1798 6464
2767 6464
6464 6464
6464 6464
6464 1846
6464 1847
6464 2011
6464 2767
6464 4271
6464 4294
6464 1798
6464 5772
6464 6465
6464 6458
6464 6479
6464 6459
6464 6488
6464 6489
6464 6464
6464 6464
6489 6478
5772 6478
6485 6478
2011 6478
1848 6478
6476 6478
6479 6478
6488 6478
6478 6478
6478 6478
6478 1848
6478 2011
6478 5772
6478 6479
6478 6476
6478 6485
6478 6488
6478 6489
6478 6478
6478 6478
6464 6488
6478 6488
1190 6488
644 6488
6488 6488
6488 6488
6488 644
6488 1190
6488 6464
6488 6478
6488 6488
6488 6488
1242 6489
6478 6489
6464 6489
6489 6489
6489 6489
6489 1242
6489 6464
6489 6478
6489 6489
6489 6489
649 6490
1263 6490
6490 6490
6490 6490
6490 649
6490 1263
6490 6490
6490 6490
6491 6491
6491 6491
6491 6491
6491 6491
6492 6492
6492 6492
6492 6492
6492 6492
6493 6493
6493 6493
6493 6493
6493 6493
6494 6494
6494 6494
6494 6494
6494 6494
6495 6495
6495 6495
6495 6495
6495 6495
6496 6496
6496 6496
6496 6496
6496 6496
6497 6497
6497 6497
6497 6497
6497 6497
6498 6498
6498 6498
6498 6498
6498 6498
6499 6499
6499 6499
6499 6499
6499 6499
6500 6500
6500 6500
6500 6500
6500 6500
6501 6501
6501 6501
6501 6501
6501 6501
6502 6502
6502 6502
6502 6502
6502 6502
6503 6503
6503 6503
6503 6503
6503 6503
6504 6504
6504 6504
6504 6504
6504 6504
6505 6507
6506 6507
6507 6507
6507 6507
6507 6505
6507 6506
6507 6507
6507 6507
6508 6508
6508 6508
6508 6508
6508 6508
6509 6509
6509 6509
6509 6509
6509 6509
6510 6510
6510 6510
6510 6510
6510 6510
1483 6511
6511 6511
6511 6511
6511 1483
6511 6511
6511 6511
6512 6512
6512 6512
6512 6512
6512 6512
6513 6513
6513 6513
6513 6513
6513 6513
6514 6514
6514 6514
6514 6514
6514 6514
6515 6515
6515 6515
6515 6515
6515 6515
1854 6516
1853 6516
1855 6516
3565 6516
1852 6516
3566 6516
1851 6516
6516 6516
6516 6516
6516 1851
6516 1852
6516 1853
6516 1854
6516 1855
6516 3565
6516 3566
6516 6516
6516 6516
6517 6517
6517 6517
6517 6517
6517 6517
6518 6518
6518 6518
6518 6518
6518 6518
1624 6519
6519 6519
6519 6519
6519 1624
6519 6519
6519 6519
6520 6520
6520 6520
6520 6520
6520 6520
6521 6521
6521 6521
6521 6521
6521 6521
6522 6522
6522 6522
6522 6522
6522 6522
5659 6524
2239 6524
1857 6524
6523 6524
1858 6524
1860 6524
1861 6524
1862 6524
1863 6524
1864 6524
1869 6524
1865 6524
1866 6524
1867 6524
1859 6524
1868 6524
4546 6524
6524 6524
6524 6524
6524 1857
6524 1858
6524 1859
6524 1860
6524 1861
6524 1862
6524 1863
6524 1864
6524 1865
6524 1866
6524 1867
6524 1868
6524 1869
6524 2239
6524 4546
6524 5659
6524 6523
6524 6524
6524 6524
6525 6525
6525 6525
6525 6525
6525 6525
6526 6526
6526 6526
6526 6526
6526 6526
6527 6527
6527 6527
6527 6527
6527 6527
1872 6388
1873 6388
1871 6388
1874 6388
1870 6388
2914 6388
1876 6388
1875 6388
6389 6388
3640 6388
6388 6388
6388 6388
6388 1870
6388 1871
6388 1872
6388 1873
6388 1874
6388 1875
6388 1876
6388 3640
6388 2914
6388 6389
6388 6388
6388 6388
1880 6505
1877 6505
1878 6505
6528 6505
6507 6505
1879 6505
6505 6505
6505 6505
6505 1877
6505 1878
6505 1879
6505 1880
6505 6507
6505 6528
6505 6505
6505 6505
1881 6529
3050 6529
6529 6529
6529 6529
6529 1881
6529 3050
6529 6529
6529 6529
6530 6530
6530 6530
6530 6530
6530 6530
6531 6531
6531 6531
6531 6531
6531 6531
6532 6532
6532 6532
6532 6532
6532 6532
6533 6533
6533 6533
6533 6533
6533 6533
6534 6534
6534 6534
6534 6534
6534 6534
6535 6535
6535 6535
6535 6535
6535 6535
6505 6528
6528 6528
6528 6528
6528 6505
6528 6528
6528 6528
6536 6536
6536 6536
6536 6536
6536 6536
6537 6537
6537 6537
6537 6537
6537 6537
6538 6538
6538 6538
6538 6538
6538 6538
6539 6539
6539 6539
6539 6539
6539 6539
6540 6540
6540 6540
6540 6540
6540 6540
6541 6541
6541 6541
6541 6541
6541 6541
6542 6542
6542 6542
6542 6542
6542 6542
6543 6543
6543 6543
6543 6543
6543 6543
6544 6544
6544 6544
6544 6544
6544 6544
6545 6545
6545 6545
6545 6545
6545 6545
6546 6546
6546 6546
6546 6546
6546 6546
6547 6547
6547 6547
6547 6547
6547 6547
6548 6548
6548 6548
6548 6548
6548 6548
6549 6549
6549 6549
6549 6549
6549 6549
6550 6550
6550 6550
6550 6550
6550 6550
6551 6551
6551 6551
6551 6551
6551 6551
6552 6552
6552 6552
6552 6552
6552 6552
6553 6553
6553 6553
6553 6553
6553 6553
6554 6554
6554 6554
6554 6554
6554 6554
6555 6555
6555 6555
6555 6555
6555 6555
6556 6556
6556 6556
6556 6556
6556 6556
6557 6557
6557 6557
6557 6557
6557 6557
6558 6558
6558 6558
6558 6558
6558 6558
6559 6559
6559 6559
6559 6559
6559 6559
6560 6560
6560 6560
6560 6560
6560 6560
6561 6561
6561 6561
6561 6561
6561 6561
6562 6562
6562 6562
6562 6562
6562 6562
6563 6563
6563 6563
6563 6563
6563 6563
6564 6564
6564 6564
6564 6564
6564 6564
6565 6565
6565 6565
6565 6565
6565 6565
6566 6566
6566 6566
6566 6566
6566 6566
6567 6567
6567 6567
6567 6567
6567 6567
6568 6568
6568 6568
6568 6568
6568 6568
6569 6569
6569 6569
6569 6569
6569 6569
6570 6570
6570 6570
6570 6570
6570 6570
6571 6571
6571 6571
6571 6571
6571 6571
1883 6572
1882 6572
6572 6572
6572 6572
6572 1882
6572 1883
6572 6572
6572 6572
6573 6573
6573 6573
6573 6573
6573 6573
6574 6574
6574 6574
6574 6574
6574 6574
6575 6575
6575 6575
6575 6575
6575 6575
6576 6576
6576 6576
6576 6576
6576 6576
6577 6577
6577 6577
6577 6577
6577 6577
6578 6578
6578 6578
6578 6578
6578 6578
6579 6579
6579 6579
6579 6579
6579 6579
6580 6580
6580 6580
6580 6580
6580 6580
1529 6581
1414 6581
1403 6581
6581 6581
6581 6581
6581 1403
6581 1414
6581 1529
6581 6581
6581 6581
6582 6582
6582 6582
6582 6582
6582 6582
6583 6583
6583 6583
6583 6583
6583 6583
6584 6584
6584 6584
6584 6584
6584 6584
6585 6585
6585 6585
6585 6585
6585 6585
6586 6586
6586 6586
6586 6586
6586 6586
6587 6587
6587 6587
6587 6587
6587 6587
6588 6588
6588 6588
6588 6588
6588 6588
6589 6589
6589 6589
6589 6589
6589 6589
6590 6590
6590 6590
6590 6590
6590 6590
6591 6591
6591 6591
6591 6591
6591 6591
6592 6592
6592 6592
6592 6592
6592 6592
1502 6593
6593 6593
6593 6593
6593 1502
6593 6593
6593 6593
6594 6594
6594 6594
6594 6594
6594 6594
6595 6595
6595 6595
6595 6595
6595 6595
6596 6596
6596 6596
6596 6596
6596 6596
6597 6597
6597 6597
6597 6597
6597 6597
6598 6598
6598 6598
6598 6598
6598 6598
6599 6599
6599 6599
6599 6599
6599 6599
6600 6600
6600 6600
6600 6600
6600 6600
6601 6601
6601 6601
6601 6601
6601 6601
6602 6602
6602 6602
6602 6602
6602 6602
6603 6603
6603 6603
6603 6603
6603 6603
6604 6604
6604 6604
6604 6604
6604 6604
6605 6605
6605 6605
6605 6605
6605 6605
6606 6606
6606 6606
6606 6606
6606 6606
6607 6607
6607 6607
6607 6607
6607 6607
6608 6608
6608 6608
6608 6608
6608 6608
6609 6609
6609 6609
6609 6609
6609 6609
6610 6610
6610 6610
6610 6610
6610 6610
6611 6611
6611 6611
6611 6611
6611 6611
6612 6612
6612 6612
6612 6612
6612 6612
6613 6613
6613 6613
6613 6613
6613 6613
6614 6614
6614 6614
6614 6614
6614 6614
6615 6615
6615 6615
6615 6615
6615 6615
1884 6616
4042 6616
6616 6616
6616 6616
6616 1884
6616 4042
6616 6616
6616 6616
6617 6617
6617 6617
6617 6617
6617 6617
6618 6618
6618 6618
6618 6618
6618 6618
6619 6619
6619 6619
6619 6619
6619 6619
6620 6620
6620 6620
6620 6620
6620 6620
6621 6621
6621 6621
6621 6621
6621 6621
6622 6622
6622 6622
6622 6622
6622 6622
5716 6623
3690 6623
1885 6623
5394 6623
6623 6623
6623 6623
6623 1885
6623 3690
6623 5394
6623 5716
6623 6623
6623 6623
6624 6624
6624 6624
6624 6624
6624 6624
6625 6625
6625 6625
6625 6625
6625 6625
6626 6626
6626 6626
6626 6626
6626 6626
6627 6627
6627 6627
6627 6627
6627 6627
3418 6628
6628 6628
6628 6628
6628 3418
6628 6628
6628 6628
6629 6629
6629 6629
6629 6629
6629 6629
6630 6630
6630 6630
6630 6630
6630 6630
6631 6631
6631 6631
6631 6631
6631 6631
6632 6632
6632 6632
6632 6632
6632 6632
6633 6633
6633 6633
6633 6633
6633 6633
6634 6634
6634 6634
6634 6634
6634 6634
6635 6636
6636 6636
6636 6636
6636 6635
6636 6636
6636 6636
6637 6637
6637 6637
6637 6637
6637 6637
6638 6638
6638 6638
6638 6638
6638 6638
846 6639
5607 6639
1886 6639
6639 6639
6639 6639
6639 1886
6639 846
6639 5607
6639 6639
6639 6639
6636 6635
4817 6635
4701 6635
4498 6635
1382 6635
1888 6635
1887 6635
5651 6635
6635 6635
6635 6635
6635 1887
6635 1888
6635 4498
6635 1382
6635 4701
6635 4817
6635 5651
6635 6636
6635 6635
6635 6635
5675 6640
6640 6640
6640 6640
6640 5675
6640 6640
6640 6640
6641 6641
6641 6641
6641 6641
6641 6641
6642 6642
6642 6642
6642 6642
6642 6642
6643 6643
6643 6643
6643 6643
6643 6643
6644 6644
6644 6644
6644 6644
6644 6644
6645 6645
6645 6645
6645 6645
6645 6645
6646 6646
6646 6646
6646 6646
6646 6646
6647 6647
6647 6647
6647 6647
6647 6647
6648 6648
6648 6648
6648 6648
6648 6648
6649 6649
6649 6649
6649 6649
6649 6649
6650 6650
6650 6650
6650 6650
6650 6650
6651 6651
6651 6651
6651 6651
6651 6651
6652 6652
6652 6652
6652 6652
6652 6652
3493 6656
6653 6656
1638 6656
3495 6656
1889 6656
6654 6656
1559 6656
1894 6656
4427 6656
6655 6656
6656 6656
6656 6656
6656 1889
6656 1894
6656 1559
6656 4427
6656 3493
6656 1638
6656 3495
6656 6653
6656 6654
6656 6655
6656 6656
6656 6656
1890 6659
6657 6659
6658 6659
1891 6659
5378 6659
5373 6659
6659 6659
6659 6659
6659 1890
6659 1891
6659 5373
6659 5378
6659 6658
6659 6657
6659 6659
6659 6659
652 6661
6660 6661
5639 6661
6661 6661
6661 6661
6661 652
6661 5639
6661 6660
6661 6661
6661 6661
655 6662
3360 6662
6662 6662
6662 6662
6662 655
6662 3360
6662 6662
6662 6662
6663 6663
6663 6663
6663 6663
6663 6663
6664 6664
6664 6664
6664 6664
6664 6664
658 6660
6661 6660
665 6660
6660 6660
6660 6660
6660 658
6660 665
6660 6661
6660 6660
6660 6660
6665 6665
6665 6665
6665 6665
6665 6665
6666 6666
6666 6666
6666 6666
6666 6666
6667 6667
6667 6667
6667 6667
6667 6667
6668 6668
6668 6668
6668 6668
6668 6668
6669 6669
6669 6669
6669 6669
6669 6669
6670 6670
6670 6670
6670 6670
6670 6670
6671 6671
6671 6671
6671 6671
6671 6671
6672 6672
6672 6672
6672 6672
6672 6672
6673 6673
6673 6673
6673 6673
6673 6673
6674 6674
6674 6674
6674 6674
6674 6674
6675 6675
6675 6675
6675 6675
6675 6675
1559 6653
2085 6653
6656 6653
1894 6653
4427 6653
2087 6653
1638 6653
3469 6653
6653 6653
6653 6653
6653 1894
6653 3469
6653 2087
6653 1559
6653 2085
6653 4427
6653 1638
6653 6656
6653 6653
6653 6653
6656 6654
2085 6654
6654 6654
6654 6654
6654 2085
6654 6656
6654 6654
6654 6654
3469 6658
6659 6658
6250 6658
6658 6658
6658 6658
6658 3469
6658 6250
6658 6659
6658 6658
6658 6658
6656 6655
6655 6655
6655 6655
6655 6656
6655 6655
6655 6655
6676 6676
6676 6676
6676 6676
6676 6676
6677 6677
6677 6677
6677 6677
6677 6677
6678 6678
6678 6678
6678 6678
6678 6678
6679 6679
6679 6679
6679 6679
6679 6679
6680 6680
6680 6680
6680 6680
6680 6680
6524 6523
6523 6523
6523 6523
6523 6524
6523 6523
6523 6523
6160 6681
6681 6681
6681 6681
6681 6160
6681 6681
6681 6681
6682 6682
6682 6682
6682 6682
6682 6682
6683 6683
6683 6683
6683 6683
6683 6683
6684 6684
6684 6684
6684 6684
6684 6684
6685 6685
6685 6685
6685 6685
6685 6685
6686 6686
6686 6686
6686 6686
6686 6686
6687 6687
6687 6687
6687 6687
6687 6687
1592 6688
6688 6688
6688 6688
6688 1592
6688 6688
6688 6688
6659 6657
6657 6657
6657 6657
6657 6659
6657 6657
6657 6657
6689 6689
6689 6689
6689 6689
6689 6689
6690 6690
6690 6690
6690 6690
6690 6690
6691 6691
6691 6691
6691 6691
6691 6691
6692 6692
6692 6692
6692 6692
6692 6692
1895 6693
1896 6693
6693 6693
6693 6693
6693 1895
6693 1896
6693 6693
6693 6693
6694 6694
6694 6694
6694 6694
6694 6694
6695 6695
6695 6695
6695 6695
6695 6695
6696 6696
6696 6696
6696 6696
6696 6696
6697 6697
6697 6697
6697 6697
6697 6697
6698 6698
6698 6698
6698 6698
6698 6698
6699 6699
6699 6699
6699 6699
6699 6699
6700 6700
6700 6700
6700 6700
6700 6700
6701 6701
6701 6701
6701 6701
6701 6701
6702 6702
6702 6702
6702 6702
6702 6702
6703 6703
6703 6703
6703 6703
6703 6703
6704 6704
6704 6704
6704 6704
6704 6704
6705 6705
6705 6705
6705 6705
6705 6705
6706 6706
6706 6706
6706 6706
6706 6706
6707 6707
6707 6707
6707 6707
6707 6707
6708 6708
6708 6708
6708 6708
6708 6708
6709 6709
6709 6709
6709 6709
6709 6709
6710 6710
6710 6710
6710 6710
6710 6710
6711 6711
6711 6711
6711 6711
6711 6711
6712 6712
6712 6712
6712 6712
6712 6712
6713 6713
6713 6713
6713 6713
6713 6713
6714 6714
6714 6714
6714 6714
6714 6714
6715 6715
6715 6715
6715 6715
6715 6715
6716 6716
6716 6716
6716 6716
6716 6716
6717 6717
6717 6717
6717 6717
6717 6717
6718 6718
6718 6718
6718 6718
6718 6718
3360 6719
1512 6719
1612 6719
6719 6719
6719 6719
6719 1512
6719 1612
6719 3360
6719 6719
6719 6719
6720 6720
6720 6720
6720 6720
6720 6720
1897 6721
4453 6721
6721 6721
6721 6721
6721 1897
6721 4453
6721 6721
6721 6721
6722 6722
6722 6722
6722 6722
6722 6722
6723 6723
6723 6723
6723 6723
6723 6723
6724 6724
6724 6724
6724 6724
6724 6724
6725 6725
6725 6725
6725 6725
6725 6725
6726 6726
6726 6726
6726 6726
6726 6726
6727 6727
6727 6727
6727 6727
6727 6727
1483 6728
6728 6728
6728 6728
6728 1483
6728 6728
6728 6728
6729 6729
6729 6729
6729 6729
6729 6729
6730 6730
6730 6730
6730 6730
6730 6730
6731 6731
6731 6731
6731 6731
6731 6731
6732 6732
6732 6732
6732 6732
6732 6732
6733 6733
6733 6733
6733 6733
6733 6733
6734 6734
6734 6734
6734 6734
6734 6734
6735 6735
6735 6735
6735 6735
6735 6735
6736 6736
6736 6736
6736 6736
6736 6736
6737 6737
6737 6737
6737 6737
6737 6737
6738 6738
6738 6738
6738 6738
6738 6738
6739 6739
6739 6739
6739 6739
6739 6739
6740 6740
6740 6740
6740 6740
6740 6740
6741 6741
6741 6741
6741 6741
6741 6741
6742 6742
6742 6742
6742 6742
6742 6742
6743 6743
6743 6743
6743 6743
6743 6743
6744 6744
6744 6744
6744 6744
6744 6744
6745 6745
6745 6745
6745 6745
6745 6745
1898 6746
6746 6746
6746 6746
6746 1898
6746 6746
6746 6746
6747 6751
1900 6751
1899 6751
6748 6751
6749 6751
1901 6751
1902 6751
6750 6751
5025 6751
6751 6751
6751 6751
6751 1899
6751 1900
6751 1901
6751 1902
6751 5025
6751 6748
6751 6747
6751 6749
6751 6750
6751 6751
6751 6751
1448 6752
6752 6752
6752 6752
6752 1448
6752 6752
6752 6752
1448 6753
6753 6753
6753 6753
6753 1448
6753 6753
6753 6753
1455 6748
6751 6748
6748 6748
6748 6748
6748 1455
6748 6751
6748 6748
6748 6748
1448 6754
6754 6754
6754 6754
6754 1448
6754 6754
6754 6754
1431 6755
6755 6755
6755 6755
6755 1431
6755 6755
6755 6755
6756 6756
6756 6756
6756 6756
6756 6756
6751 6747
6747 6747
6747 6747
6747 6751
6747 6747
6747 6747
6757 6757
6757 6757
6757 6757
6757 6757
1448 6758
6758 6758
6758 6758
6758 1448
6758 6758
6758 6758
1455 6759
6759 6759
6759 6759
6759 1455
6759 6759
6759 6759
1448 6760
6760 6760
6760 6760
6760 1448
6760 6760
6760 6760
6761 6761
6761 6761
6761 6761
6761 6761
6751 6749
6749 6749
6749 6749
6749 6751
6749 6749
6749 6749
1455 6762
6762 6762
6762 6762
6762 1455
6762 6762
6762 6762
6763 6763
6763 6763
6763 6763
6763 6763
6751 6750
6750 6750
6750 6750
6750 6751
6750 6750
6750 6750
6764 6764
6764 6764
6764 6764
6764 6764
6765 6765
6765 6765
6765 6765
6765 6765
1455 6766
6766 6766
6766 6766
6766 1455
6766 6766
6766 6766
1455 6767
6767 6767
6767 6767
6767 1455
6767 6767
6767 6767
6768 6768
6768 6768
6768 6768
6768 6768
6769 6769
6769 6769
6769 6769
6769 6769
6770 6770
6770 6770
6770 6770
6770 6770
6771 6771
6771 6771
6771 6771
6771 6771
6772 6772
6772 6772
6772 6772
6772 6772
6773 6773
6773 6773
6773 6773
6773 6773
6774 6774
6774 6774
6774 6774
6774 6774
6775 6775
6775 6775
6775 6775
6775 6775
6776 6776
6776 6776
6776 6776
6776 6776
6777 6777
6777 6777
6777 6777
6777 6777
6778 6778
6778 6778
6778 6778
6778 6778
6779 6779
6779 6779
6779 6779
6779 6779
6780 6780
6780 6780
6780 6780
6780 6780
6781 6781
6781 6781
6781 6781
6781 6781
6782 6782
6782 6782
6782 6782
6782 6782
6783 6783
6783 6783
6783 6783
6783 6783
6784 6784
6784 6784
6784 6784
6784 6784
6785 6785
6785 6785
6785 6785
6785 6785
6786 6786
6786 6786
6786 6786
6786 6786
6787 6787
6787 6787
6787 6787
6787 6787
6788 6788
6788 6788
6788 6788
6788 6788
6789 6789
6789 6789
6789 6789
6789 6789
6790 6790
6790 6790
6790 6790
6790 6790
6791 6791
6791 6791
6791 6791
6791 6791
6792 6792
6792 6792
6792 6792
6792 6792
6793 6793
6793 6793
6793 6793
6793 6793
6794 6794
6794 6794
6794 6794
6794 6794
6795 6795
6795 6795
6795 6795
6795 6795
6796 6796
6796 6796
6796 6796
6796 6796
6797 6797
6797 6797
6797 6797
6797 6797
6798 6798
6798 6798
6798 6798
6798 6798
6799 6799
6799 6799
6799 6799
6799 6799
6800 6800
6800 6800
6800 6800
6800 6800
6801 6801
6801 6801
6801 6801
6801 6801
6802 6802
6802 6802
6802 6802
6802 6802
6803 6803
6803 6803
6803 6803
6803 6803
6804 6804
6804 6804
6804 6804
6804 6804
6805 6805
6805 6805
6805 6805
6805 6805
6806 6806
6806 6806
6806 6806
6806 6806
6807 6807
6807 6807
6807 6807
6807 6807
6808 6808
6808 6808
6808 6808
6808 6808
6809 6809
6809 6809
6809 6809
6809 6809
6810 6810
6810 6810
6810 6810
6810 6810
6811 6811
6811 6811
6811 6811
6811 6811
6812 6812
6812 6812
6812 6812
6812 6812
6813 6814
6814 6814
6814 6814
6814 6813
6814 6814
6814 6814
6815 6815
6815 6815
6815 6815
6815 6815
1200 6816
6816 6816
6816 6816
6816 1200
6816 6816
6816 6816
6817 6817
6817 6817
6817 6817
6817 6817
6818 6818
6818 6818
6818 6818
6818 6818
6819 6819
6819 6819
6819 6819
6819 6819
6820 6820
6820 6820
6820 6820
6820 6820
6821 6821
6821 6821
6821 6821
6821 6821
6822 6822
6822 6822
6822 6822
6822 6822
6823 6823
6823 6823
6823 6823
6823 6823
6824 6824
6824 6824
6824 6824
6824 6824
6825 6826
6826 6826
6826 6826
6826 6825
6826 6826
6826 6826
6827 6827
6827 6827
6827 6827
6827 6827
6828 6828
6828 6828
6828 6828
6828 6828
6829 6829
6829 6829
6829 6829
6829 6829
6830 6830
6830 6830
6830 6830
6830 6830
6831 6831
6831 6831
6831 6831
6831 6831
6832 6832
6832 6832
6832 6832
6832 6832
1906 6836
1908 6836
6833 6836
1909 6836
6834 6836
6835 6836
1905 6836
1907 6836
1904 6836
1903 6836
3033 6836
1910 6836
5061 6836
6836 6836
6836 6836
6836 1903
6836 1904
6836 1905
6836 1906
6836 1907
6836 1908
6836 1909
6836 1910
6836 3033
6836 5061
6836 6833
6836 6834
6836 6835
6836 6836
6836 6836
6836 6833
6834 6833
1912 6833
1911 6833
1910 6833
6835 6833
1909 6833
6833 6833
6833 6833
6833 1909
6833 1910
6833 1911
6833 1912
6833 6836
6833 6834
6833 6835
6833 6833
6833 6833
3033 6834
1913 6834
6833 6834
6836 6834
6834 6834
6834 6834
6834 1913
6834 3033
6834 6836
6834 6833
6834 6834
6834 6834
1914 6835
6833 6835
3033 6835
6836 6835
6835 6835
6835 6835
6835 1914
6835 3033
6835 6836
6835 6833
6835 6835
6835 6835
1174 6837
6837 6837
6837 6837
6837 1174
6837 6837
6837 6837
6477 6475
6475 6475
6475 6475
6475 6477
6475 6475
6475 6475
6838 6838
6838 6838
6838 6838
6838 6838
2360 6825
2363 6825
1920 6825
1919 6825
1918 6825
1917 6825
1916 6825
1915 6825
6826 6825
6825 6825
6825 6825
6825 1915
6825 1916
6825 1917
6825 1918
6825 1919
6825 1920
6825 2360
6825 2363
6825 6826
6825 6825
6825 6825
1921 6839
1922 6839
1923 6839
6839 6839
6839 6839
6839 1921
6839 1922
6839 1923
6839 6839
6839 6839
2140 6840
1932 6840
1931 6840
1930 6840
1929 6840
1927 6840
1928 6840
1926 6840
1925 6840
1924 6840
5966 6840
6840 6840
6840 6840
6840 1924
6840 1925
6840 1926
6840 1927
6840 1928
6840 1929
6840 1930
6840 1931
6840 1932
6840 2140
6840 5966
6840 6840
6840 6840
1936 6813
1937 6813
1938 6813
1939 6813
1940 6813
1934 6813
2340 6813
4386 6813
1933 6813
1935 6813
6814 6813
6063 6813
3389 6813
6068 6813
3388 6813
6813 6813
6813 6813
6813 1933
6813 1934
6813 1935
6813 1936
6813 1937
6813 1938
6813 1939
6813 1940
6813 2340
6813 3388
6813 3389
6813 4386
6813 6063
6813 6068
6813 6814
6813 6813
6813 6813
1941 6841
1764 6841
3067 6841
6841 6841
6841 6841
6841 1764
6841 1941
6841 3067
6841 6841
6841 6841
6842 6842
6842 6842
6842 6842
6842 6842
6843 6843
6843 6843
6843 6843
6843 6843
6844 6844
6844 6844
6844 6844
6844 6844
6845 6845
6845 6845
6845 6845
6845 6845
6846 6846
6846 6846
6846 6846
6846 6846
6847 6847
6847 6847
6847 6847
6847 6847
668 6848
6848 6848
6848 6848
6848 668
6848 6848
6848 6848
6849 6849
6849 6849
6849 6849
6849 6849
6850 6850
6850 6850
6850 6850
6850 6850
6851 6851
6851 6851
6851 6851
6851 6851
6852 6852
6852 6852
6852 6852
6852 6852
6853 6853
6853 6853
6853 6853
6853 6853
6854 6854
6854 6854
6854 6854
6854 6854
6855 6855
6855 6855
6855 6855
6855 6855
6856 6856
6856 6856
6856 6856
6856 6856
1944 6857
1942 6857
2208 6857
1943 6857
6857 6857
6857 6857
6857 1942
6857 1943
6857 1944
6857 2208
6857 6857
6857 6857
5408 6858
1610 6858
6091 6858
6092 6858
6858 6858
6858 6858
6858 1610
6858 5408
6858 6091
6858 6092
6858 6858
6858 6858
1945 6859
6327 6859
6859 6859
6859 6859
6859 1945
6859 6327
6859 6859
6859 6859
1946 6506
6507 6506
6506 6506
6506 6506
6506 1946
6506 6507
6506 6506
6506 6506
670 6860
6860 6860
6860 6860
6860 670
6860 6860
6860 6860
6861 6861
6861 6861
6861 6861
6861 6861
1947 6862
1948 6862
1949 6862
1950 6862
1951 6862
4399 6862
1955 6862
1954 6862
1952 6862
1956 6862
1953 6862
6862 6862
6862 6862
6862 1947
6862 1948
6862 1949
6862 1950
6862 1951
6862 1952
6862 1953
6862 1954
6862 1955
6862 1956
6862 4399
6862 6862
6862 6862
1957 6863
1958 6863
1959 6863
1960 6863
4398 6863
2648 6863
6333 6863
1961 6863
6863 6863
6863 6863
6863 1957
6863 1958
6863 1959
6863 1960
6863 1961
6863 2648
6863 4398
6863 6333
6863 6863
6863 6863
3556 6864
710 6864
3230 6864
6864 6864
6864 6864
6864 710
6864 3230
6864 3556
6864 6864
6864 6864
6865 6865
6865 6865
6865 6865
6865 6865
6866 6866
6866 6866
6866 6866
6866 6866
6867 6867
6867 6867
6867 6867
6867 6867
6868 6868
6868 6868
6868 6868
6868 6868
6869 6869
6869 6869
6869 6869
6869 6869
6870 6870
6870 6870
6870 6870
6870 6870
6871 6871
6871 6871
6871 6871
6871 6871
6872 6872
6872 6872
6872 6872
6872 6872
6873 6873
6873 6873
6873 6873
6873 6873
