9285 9285
9285 9285
9285 9285
9285 9285
9286 9286
9286 9286
9286 9286
9286 9286
9287 9287
9287 9287
9287 9287
9287 9287
3099 9288
3098 9288
3100 9288
3097 9288
3105 9288
3283 9288
3103 9288
3101 9288
3102 9288
3104 9288
9288 9288
9288 9288
9288 3097
9288 3098
9288 3099
9288 3100
9288 3101
9288 3102
9288 3103
9288 3104
9288 3105
9288 3283
9288 9288
9288 9288
6388 9289
9289 9289
9289 9289
9289 6388
9289 9289
9289 9289
9290 9290
9290 9290
9290 9290
9290 9290
9291 9291
9291 9291
9291 9291
9291 9291
9292 9292
9292 9292
9292 9292
9292 9292
9293 9293
9293 9293
9293 9293
9293 9293
9294 9294
9294 9294
9294 9294
9294 9294
8921 9297
8008 9297
1043 9297
6839 9297
9295 9297
9296 9297
9297 9297
9297 9297
9297 1043
9297 6839
9297 8008
9297 8921
9297 9295
9297 9296
9297 9297
9297 9297
9298 9298
9298 9298
9298 9298
9298 9298
9299 9299
9299 9299
9299 9299
9299 9299
6840 9300
9300 9300
9300 9300
9300 6840
9300 9300
9300 9300
9301 9301
9301 9301
9301 9301
9301 9301
9302 9302
9302 9302
9302 9302
9302 9302
9303 9303
9303 9303
9303 9303
9303 9303
3117 9304
3119 9304
3116 9304
3108 9304
3107 9304
6811 9304
3109 9304
3118 9304
3113 9304
5464 9304
6819 9304
4378 9304
5465 9304
6063 9304
3120 9304
3111 9304
3115 9304
1856 9304
3114 9304
6826 9304
3112 9304
8178 9304
3110 9304
9304 9304
9304 9304
9304 3107
9304 3108
9304 3109
9304 1856
9304 3110
9304 3111
9304 3112
9304 3113
9304 3114
9304 3115
9304 3116
9304 3117
9304 3118
9304 3119
9304 3120
9304 4378
9304 5464
9304 5465
9304 6063
9304 6811
9304 6819
9304 6826
9304 8178
9304 9304
9304 9304
9305 9305
9305 9305
9305 9305
9305 9305
3122 9306
3121 9306
9306 9306
9306 9306
9306 3121
9306 3122
9306 9306
9306 9306
3123 9307
3124 9307
9307 9307
9307 9307
9307 3123
9307 3124
9307 9307
9307 9307
9308 9309
9309 9309
9309 9309
9309 9308
9309 9309
9309 9309
9310 9310
9310 9310
9310 9310
9310 9310
3130 9312
3127 9312
3125 9312
3128 9312
3129 9312
9311 9312
3126 9312
9312 9312
9312 9312
9312 3125
9312 3126
9312 3127
9312 3128
9312 3129
9312 3130
9312 9311
9312 9312
9312 9312
9313 9313
9313 9313
9313 9313
9313 9313
9314 9314
9314 9314
9314 9314
9314 9314
3136 9315
1049 9315
7949 9315
3134 9315
3131 9315
3132 9315
3133 9315
5882 9315
8978 9315
2279 9315
8487 9315
6109 9315
6114 9315
3135 9315
9315 9315
9315 9315
9315 1049
9315 2279
9315 3131
9315 3132
9315 3133
9315 3134
9315 3135
9315 3136
9315 5882
9315 6109
9315 6114
9315 7949
9315 8487
9315 8978
9315 9315
9315 9315
3137 9316
3138 9316
3139 9316
3140 9316
5489 9316
9316 9316
9316 9316
9316 3137
9316 3138
9316 3139
9316 3140
9316 5489
9316 9316
9316 9316
8823 9318
8487 9318
7962 9318
5894 9318
3141 9318
3142 9318
9317 9318
9318 9318
9318 9318
9318 3141
9318 3142
9318 5894
9318 7962
9318 8487
9318 8823
9318 9317
9318 9318
9318 9318
9309 9308
8526 9308
9308 9308
9308 9308
9308 8526
9308 9309
9308 9308
9308 9308
5966 9319
8017 9319
3145 9319
3146 9319
3143 9319
3147 9319
3148 9319
9216 9319
3149 9319
8912 9319
3958 9319
3144 9319
9319 9319
9319 9319
9319 3143
9319 3144
9319 3145
9319 3146
9319 3147
9319 3148
9319 3149
9319 3958
9319 5966
9319 8017
9319 8912
9319 9216
9319 9319
9319 9319
9320 9321
9321 9321
9321 9321
9321 9320
9321 9321
9321 9321
1053 9322
8008 9322
9322 9322
9322 9322
9322 1053
9322 8008
9322 9322
9322 9322
8049 9324
1055 9324
9323 9324
9324 9324
9324 9324
9324 1055
9324 8049
9324 9323
9324 9324
9324 9324
4528 9325
9325 9325
9325 9325
9325 4528
9325 9325
9325 9325
8007 9326
9326 9326
9326 9326
9326 8007
9326 9326
9326 9326
9327 9327
9327 9327
9327 9327
9327 9327
8792 9328
9328 9328
9328 9328
9328 8792
9328 9328
9328 9328
1066 9329
9329 9329
9329 9329
9329 1066
9329 9329
9329 9329
9330 9331
9331 9331
9331 9331
9331 9330
9331 9331
9331 9331
9332 9332
9332 9332
9332 9332
9332 9332
1668 9333
9333 9333
9333 9333
9333 1668
9333 9333
9333 9333
9334 9334
9334 9334
9334 9334
9334 9334
9335 9335
9335 9335
9335 9335
9335 9335
9336 9336
9336 9336
9336 9336
9336 9336
9337 9337
9337 9337
9337 9337
9337 9337
6072 9339
9338 9339
9339 9339
9339 9339
9339 6072
9339 9338
9339 9339
9339 9339
9339 9338
9338 9338
9338 9338
9338 9339
9338 9338
9338 9338
1070 9341
3153 9341
9340 9341
8853 9341
3156 9341
3157 9341
6238 9341
6237 9341
9341 9341
9341 9341
9341 1070
9341 3153
9341 3156
9341 3157
9341 6237
9341 6238
9341 8853
9341 9340
9341 9341
9341 9341
2165 9295
3158 9295
3171 9295
3161 9295
3160 9295
3162 9295
3163 9295
3164 9295
3165 9295
3166 9295
3167 9295
9297 9295
3170 9295
3168 9295
3159 9295
4368 9295
3169 9295
3173 9295
8647 9295
3172 9295
9209 9295
9295 9295
9295 9295
9295 2165
9295 3158
9295 3159
9295 3160
9295 3161
9295 3162
9295 3163
9295 3164
9295 3165
9295 3166
9295 3167
9295 3168
9295 3169
9295 3170
9295 3171
9295 3172
9295 3173
9295 4368
9295 8647
9295 9209
9295 9297
9295 9295
9295 9295
3174 9342
9342 9342
9342 9342
9342 3174
9342 9342
9342 9342
3178 9343
3179 9343
3177 9343
3175 9343
3176 9343
9343 9343
9343 9343
9343 3175
9343 3176
9343 3177
9343 3178
9343 3179
9343 9343
9343 9343
3180 9344
9344 9344
9344 9344
9344 3180
9344 9344
9344 9344
3181 9345
3183 9345
3182 9345
7307 9345
9345 9345
9345 9345
9345 3181
9345 3182
9345 3183
9345 7307
9345 9345
9345 9345
9346 9347
9347 9347
9347 9347
9347 9346
9347 9347
9347 9347
6661 9348
9348 9348
9348 9348
9348 6661
9348 9348
9348 9348
9349 9349
9349 9349
9349 9349
9349 9349
9350 9350
9350 9350
9350 9350
9350 9350
9351 9351
9351 9351
9351 9351
9351 9351
9352 9352
9352 9352
9352 9352
9352 9352
3184 9353
6378 9353
9353 9353
9353 9353
9353 3184
9353 6378
9353 9353
9353 9353
9354 9354
9354 9354
9354 9354
9354 9354
9355 9355
9355 9355
9355 9355
9355 9355
9356 9356
9356 9356
9356 9356
9356 9356
3188 9357
3187 9357
3186 9357
3185 9357
9357 9357
9357 9357
9357 3185
9357 3186
9357 3187
9357 3188
9357 9357
9357 9357
3189 9358
3190 9358
9358 9358
9358 9358
9358 3189
9358 3190
9358 9358
9358 9358
1075 9359
1072 9359
9359 9359
9359 9359
9359 1072
9359 1075
9359 9359
9359 9359
6512 9360
3191 9360
9360 9360
9360 9360
9360 3191
9360 6512
9360 9360
9360 9360
3193 9361
8002 9361
8005 9361
3192 9361
2096 9361
3194 9361
9361 9361
9361 9361
9361 2096
9361 3192
9361 3193
9361 3194
9361 8002
9361 8005
9361 9361
9361 9361
9362 9362
9362 9362
9362 9362
9362 9362
9363 9363
9363 9363
9363 9363
9363 9363
9364 9364
9364 9364
9364 9364
9364 9364
3198 9365
4222 9365
3197 9365
3195 9365
3196 9365
9365 9365
9365 9365
9365 3195
9365 3196
9365 3197
9365 3198
9365 4222
9365 9365
9365 9365
3199 9366
9366 9366
9366 9366
9366 3199
9366 9366
9366 9366
9367 9367
9367 9367
9367 9367
9367 9367
9368 9368
9368 9368
9368 9368
9368 9368
9369 9369
9369 9369
9369 9369
9369 9369
9370 9370
9370 9370
9370 9370
9370 9370
9371 9371
9371 9371
9371 9371
9371 9371
9372 9372
9372 9372
9372 9372
9372 9372
9373 9373
9373 9373
9373 9373
9373 9373
9374 9374
9374 9374
9374 9374
9374 9374
9375 9375
9375 9375
9375 9375
9375 9375
5958 9376
3200 9376
3201 9376
1679 9376
9376 9376
9376 9376
9376 1679
9376 3200
9376 3201
9376 5958
9376 9376
9376 9376
3204 9378
3203 9378
3202 9378
8649 9378
3205 9378
3207 9378
9377 9378
9378 9378
9378 9378
9378 3202
9378 3203
9378 3204
9378 3205
9378 3207
9378 8649
9378 9377
9378 9378
9378 9378
3207 9380
3211 9380
3206 9380
9185 9380
9379 9380
9380 9380
9380 9380
9380 3206
9380 3207
9380 3211
9380 9185
9380 9379
9380 9380
9380 9380
3008 9381
9377 9381
7918 9381
7921 9381
9381 9381
9381 9381
9381 3008
9381 7918
9381 7921
9381 9377
9381 9381
9381 9381
9381 9377
7917 9377
1077 9377
7056 9377
8649 9377
9378 9377
1081 9377
7918 9377
3207 9377
7047 9377
9377 9377
9377 9377
9377 1077
9377 3207
9377 1081
9377 7047
9377 7056
9377 7917
9377 7918
9377 8649
9377 9378
9377 9381
9377 9377
9377 9377
1082 9379
3208 9379
3210 9379
9380 9379
7920 9379
3209 9379
9379 9379
9379 9379
9379 1082
9379 3208
9379 3209
9379 3210
9379 7920
9379 9380
9379 9379
9379 9379
3212 9382
3211 9382
7917 9382
6253 9382
9382 9382
9382 9382
9382 3211
9382 3212
9382 6253
9382 7917
9382 9382
9382 9382
9383 9383
9383 9383
9383 9383
9383 9383
8388 9384
9384 9384
9384 9384
9384 8388
9384 9384
9384 9384
9385 9386
9386 9386
9386 9386
9386 9385
9386 9386
9386 9386
3219 9387
3544 9387
3215 9387
3216 9387
3214 9387
3213 9387
6628 9387
8148 9387
9387 9387
9387 9387
9387 3213
9387 3214
9387 3215
9387 3216
9387 3219
9387 3544
9387 6628
9387 8148
9387 9387
9387 9387
1172 9389
3218 9389
3217 9389
9388 9389
9389 9389
9389 9389
9389 3217
9389 3218
9389 1172
9389 9388
9389 9389
9389 9389
3219 9388
1172 9388
9389 9388
4685 9388
9388 9388
9388 9388
9388 3219
9388 1172
9388 4685
9388 9389
9388 9388
9388 9388
3220 9390
9390 9390
9390 9390
9390 3220
9390 9390
9390 9390
3221 9391
9391 9391
9391 9391
9391 3221
9391 9391
9391 9391
9392 9392
9392 9392
9392 9392
9392 9392
3222 9393
9393 9393
9393 9393
9393 3222
9393 9393
9393 9393
3223 9394
9394 9394
9394 9394
9394 3223
9394 9394
9394 9394
3224 9395
9395 9395
9395 9395
9395 3224
9395 9395
9395 9395
9396 9396
9396 9396
9396 9396
9396 9396
9397 9397
9397 9397
9397 9397
9397 9397
9398 9398
9398 9398
9398 9398
9398 9398
9399 9399
9399 9399
9399 9399
9399 9399
9400 9400
9400 9400
9400 9400
9400 9400
9401 9401
9401 9401
9401 9401
9401 9401
9402 9402
9402 9402
9402 9402
9402 9402
9403 9403
9403 9403
9403 9403
9403 9403
9404 9406
9405 9406
9406 9406
9406 9406
9406 9405
9406 9404
9406 9406
9406 9406
9407 9407
9407 9407
9407 9407
9407 9407
3226 9408
3225 9408
9408 9408
9408 9408
9408 3225
9408 3226
9408 9408
9408 9408
9409 9409
9409 9409
9409 9409
9409 9409
9410 9410
9410 9410
9410 9410
9410 9410
9411 9411
9411 9411
9411 9411
9411 9411
9412 9412
9412 9412
9412 9412
9412 9412
3227 9413
3228 9413
3229 9413
6295 9413
9413 9413
9413 9413
9413 3227
9413 3228
9413 3229
9413 6295
9413 9413
9413 9413
3232 9414
3231 9414
3230 9414
9414 9414
9414 9414
9414 3230
9414 3231
9414 3232
9414 9414
9414 9414
4362 9415
3234 9415
8555 9415
3233 9415
9415 9415
9415 9415
9415 3233
9415 3234
9415 4362
9415 8555
9415 9415
9415 9415
3235 9416
3236 9416
3237 9416
9416 9416
9416 9416
9416 3235
9416 3236
9416 3237
9416 9416
9416 9416
9134 9417
9417 9417
9417 9417
9417 9134
9417 9417
9417 9417
9418 9418
9418 9418
9418 9418
9418 9418
9419 9419
9419 9419
9419 9419
9419 9419
3244 9385
3239 9385
3238 9385
3243 9385
8214 9385
8736 9385
3884 9385
3242 9385
3241 9385
3240 9385
9386 9385
9385 9385
9385 9385
9385 3238
9385 3239
9385 3240
9385 3241
9385 3242
9385 3243
9385 3244
9385 3884
9385 8214
9385 8736
9385 9386
9385 9385
9385 9385
1086 9420
3245 9420
1085 9420
3246 9420
9420 9420
9420 9420
9420 1085
9420 1086
9420 3245
9420 3246
9420 9420
9420 9420
9421 9422
5770 9422
7289 9422
3248 9422
3249 9422
3247 9422
9422 9422
9422 9422
9422 3247
9422 3248
9422 3249
9422 5770
9422 7289
9422 9421
9422 9422
9422 9422
3251 9425
9423 9425
3250 9425
8836 9425
6735 9425
9424 9425
9425 9425
9425 9425
9425 3250
9425 3251
9425 6735
9425 8836
9425 9423
9425 9424
9425 9425
9425 9425
9426 9426
9426 9426
9426 9426
9426 9426
3253 9427
5271 9427
3252 9427
3254 9427
9427 9427
9427 9427
9427 3252
9427 3253
9427 3254
9427 5271
9427 9427
9427 9427
3255 9428
8128 9428
6874 9428
9428 9428
9428 9428
9428 3255
9428 6874
9428 8128
9428 9428
9428 9428
3256 9429
3257 9429
9429 9429
9429 9429
9429 3256
9429 3257
9429 9429
9429 9429
3258 9430
3259 9430
5546 9430
8493 9430
3260 9430
3553 9430
8190 9430
3261 9430
9430 9430
9430 9430
9430 3258
9430 3259
9430 3260
9430 3261
9430 3553
9430 5546
9430 8190
9430 8493
9430 9430
9430 9430
8190 9431
9080 9431
8121 9431
3263 9431
5547 9431
9083 9431
9082 9431
3262 9431
8129 9431
3261 9431
8191 9431
9431 9431
9431 9431
9431 3261
9431 3262
9431 3263
9431 5547
9431 8121
9431 8129
9431 8190
9431 8191
9431 9080
9431 9082
9431 9083
9431 9431
9431 9431
6511 9432
9432 9432
9432 9432
9432 6511
9432 9432
9432 9432
8569 9433
8567 9433
3859 9433
3265 9433
3266 9433
3267 9433
3268 9433
3269 9433
3861 9433
3264 9433
2841 9433
3860 9433
5122 9433
9433 9433
9433 9433
9433 3264
9433 2841
9433 3265
9433 3266
9433 3267
9433 3268
9433 3269
9433 3859
9433 3860
9433 3861
9433 5122
9433 8567
9433 8569
9433 9433
9433 9433
3276 9434
3274 9434
8293 9434
3273 9434
3272 9434
3270 9434
3275 9434
3271 9434
9434 9434
9434 9434
9434 3270
9434 3271
9434 3272
9434 3273
9434 3274
9434 3275
9434 3276
9434 8293
9434 9434
9434 9434
3278 9435
3277 9435
9435 9435
9435 9435
9435 3277
9435 3278
9435 9435
9435 9435
3281 9436
3280 9436
3279 9436
3282 9436
9436 9436
9436 9436
9436 3279
9436 3280
9436 3281
9436 3282
9436 9436
9436 9436
9437 9437
9437 9437
9437 9437
9437 9437
9438 9438
9438 9438
9438 9438
9438 9438
9439 9439
9439 9439
9439 9439
9439 9439
9440 9440
9440 9440
9440 9440
9440 9440
9441 9441
9441 9441
9441 9441
9441 9441
8794 9442
3283 9442
4379 9442
9442 9442
9442 9442
9442 3283
9442 4379
9442 8794
9442 9442
9442 9442
9443 9443
9443 9443
9443 9443
9443 9443
9444 9444
9444 9444
9444 9444
9444 9444
9445 9445
9445 9445
9445 9445
9445 9445
9446 9446
9446 9446
9446 9446
9446 9446
7119 9317
7120 9317
8048 9317
9318 9317
9317 9317
9317 9317
9317 7119
9317 7120
9317 8048
9317 9318
9317 9317
9317 9317
8048 9447
9447 9447
9447 9447
9447 8048
9447 9447
9447 9447
8825 9448
9448 9448
9448 9448
9448 8825
9448 9448
9448 9448
8556 9449
9449 9449
9449 9449
9449 8556
9449 9449
9449 9449
9450 9450
9450 9450
9450 9450
9450 9450
9451 9451
9451 9451
9451 9451
9451 9451
9452 9452
9452 9452
9452 9452
9452 9452
9453 9453
9453 9453
9453 9453
9453 9453
9454 9454
9454 9454
9454 9454
9454 9454
9455 9455
9455 9455
9455 9455
9455 9455
6881 9456
9456 9456
9456 9456
9456 6881
9456 9456
9456 9456
1087 9457
9457 9457
9457 9457
9457 1087
9457 9457
9457 9457
9458 9458
9458 9458
9458 9458
9458 9458
9459 9459
9459 9459
9459 9459
9459 9459
9460 9460
9460 9460
9460 9460
9460 9460
9461 9461
9461 9461
9461 9461
9461 9461
9462 9463
9463 9463
9463 9463
9463 9462
9463 9463
9463 9463
9464 9464
9464 9464
9464 9464
9464 9464
8489 9465
9465 9465
9465 9465
9465 8489
9465 9465
9465 9465
8489 9466
9466 9466
9466 9466
9466 8489
9466 9466
9466 9466
9467 9467
9467 9467
9467 9467
9467 9467
3284 9468
9468 9468
9468 9468
9468 3284
9468 9468
9468 9468
9469 9470
9470 9470
9470 9470
9470 9469
9470 9470
9470 9470
9271 9471
6456 9471
9471 9471
9471 9471
9471 6456
9471 9271
9471 9471
9471 9471
9472 9472
9472 9472
9472 9472
9472 9472
5400 9473
4105 9473
4104 9473
3444 9473
3443 9473
5765 9473
3285 9473
3621 9473
4102 9473
9473 9473
9473 9473
9473 3285
9473 3443
9473 3444
9473 3621
9473 4102
9473 4104
9473 4105
9473 5400
9473 5765
9473 9473
9473 9473
6138 9474
4257 9474
6585 9474
9474 9474
9474 9474
9474 4257
9474 6138
9474 6585
9474 9474
9474 9474
8867 9475
8534 9475
9475 9475
9475 9475
9475 8534
9475 8867
9475 9475
9475 9475
9476 9476
9476 9476
9476 9476
9476 9476
9477 9477
9477 9477
9477 9477
9477 9477
6576 9478
4692 9478
5438 9478
3286 9478
8361 9478
9478 9478
9478 9478
9478 3286
9478 4692
9478 5438
9478 6576
9478 8361
9478 9478
9478 9478
9479 9479
9479 9479
9479 9479
9479 9479
4071 9480
5237 9480
4102 9480
3290 9480
3292 9480
5993 9480
3291 9480
2061 9480
3518 9480
5715 9480
4104 9480
3288 9480
9480 9480
9480 9480
9480 3288
9480 3290
9480 3291
9480 3292
9480 3518
9480 4071
9480 2061
9480 4102
9480 4104
9480 5237
9480 5715
9480 5993
9480 9480
9480 9480
3294 9481
3293 9481
9481 9481
9481 9481
9481 3293
9481 3294
9481 9481
9481 9481
9482 9483
9483 9483
9483 9483
9483 9482
9483 9483
9483 9483
9484 9484
9484 9484
9484 9484
9484 9484
3295 9482
3296 9482
9483 9482
9482 9482
9482 9482
9482 3295
9482 3296
9482 9483
9482 9482
9482 9482
9406 9405
9405 9405
9405 9405
9405 9406
9405 9405
9405 9405
9485 9485
9485 9485
9485 9485
9485 9485
9486 9486
9486 9486
9486 9486
9486 9486
9487 9487
9487 9487
9487 9487
9487 9487
5605 9488
5604 9488
6848 9488
5603 9488
5606 9488
6624 9488
3297 9488
9488 9488
9488 9488
9488 3297
9488 5603
9488 5604
9488 5605
9488 5606
9488 6624
9488 6848
9488 9488
9488 9488
3298 9489
6625 9489
5751 9489
5752 9489
3299 9489
6624 9489
9489 9489
9489 9489
9489 3298
9489 3299
9489 5751
9489 5752
9489 6624
9489 6625
9489 9489
9489 9489
1610 9490
9490 9490
9490 9490
9490 1610
9490 9490
9490 9490
9491 9491
9491 9491
9491 9491
9491 9491
9492 9492
9492 9492
9492 9492
9492 9492
9493 9493
9493 9493
9493 9493
9493 9493
9494 9494
9494 9494
9494 9494
9494 9494
1096 9495
9495 9495
9495 9495
9495 1096
9495 9495
9495 9495
9496 9496
9496 9496
9496 9496
9496 9496
9497 9497
9497 9497
9497 9497
9497 9497
9498 9498
9498 9498
9498 9498
9498 9498
9499 9499
9499 9499
9499 9499
9499 9499
3305 9500
7925 9500
3307 9500
4443 9500
8977 9500
4233 9500
7923 9500
3306 9500
3311 9500
3309 9500
3312 9500
3310 9500
1569 9500
3302 9500
3304 9500
3308 9500
1121 9500
3303 9500
9500 9500
9500 9500
9500 3302
9500 1569
9500 3303
9500 3304
9500 3305
9500 3306
9500 3307
9500 3308
9500 3309
9500 3310
9500 3311
9500 3312
9500 1121
9500 4233
9500 4443
9500 7925
9500 7923
9500 8977
9500 9500
9500 9500
9501 9502
9346 9502
8836 9502
6661 9502
4451 9502
9424 9502
9423 9502
9502 9502
9502 9502
9502 4451
9502 6661
9502 8836
9502 9346
9502 9423
9502 9501
9502 9424
9502 9502
9502 9502
4451 9503
1612 9503
9503 9503
9503 9503
9503 4451
9503 1612
9503 9503
9503 9503
9504 9504
9504 9504
9504 9504
9504 9504
9505 9505
9505 9505
9505 9505
9505 9505
9506 9506
9506 9506
9506 9506
9506 9506
9507 9507
9507 9507
9507 9507
9507 9507
1359 9508
3316 9508
6582 9508
3315 9508
3313 9508
6587 9508
3314 9508
9508 9508
9508 9508
9508 3313
9508 3314
9508 3315
9508 3316
9508 1359
9508 6582
9508 6587
9508 9508
9508 9508
6480 9509
1124 9509
3319 9509
3318 9509
3317 9509
9509 9509
9509 9509
9509 3317
9509 3318
9509 3319
9509 1124
9509 6480
9509 9509
9509 9509
5605 9510
5755 9510
5757 9510
3320 9510
8422 9510
5603 9510
9510 9510
9510 9510
9510 3320
9510 5603
9510 5605
9510 5755
9510 5757
9510 8422
9510 9510
9510 9510
9511 9511
9511 9511
9511 9511
9511 9511
3325 9513
9512 9513
3321 9513
3327 9513
3322 9513
3323 9513
3326 9513
3324 9513
9513 9513
9513 9513
9513 3321
9513 3322
9513 3323
9513 3324
9513 3325
9513 3326
9513 3327
9513 9512
9513 9513
9513 9513
9513 9512
7214 9512
5159 9512
3328 9512
9512 9512
9512 9512
9512 3328
9512 5159
9512 7214
9512 9513
9512 9512
9512 9512
7797 9514
7555 9514
9514 9514
9514 9514
9514 7555
9514 7797
9514 9514
9514 9514
9515 9515
9515 9515
9515 9515
9515 9515
9516 9516
9516 9516
9516 9516
9516 9516
3329 9346
3350 9346
3331 9346
8674 9346
3330 9346
3349 9346
3000 9346
9517 9346
9347 9346
9502 9346
3332 9346
9320 9346
9346 9346
9346 9346
9346 3000
9346 3329
9346 3330
9346 3331
9346 3332
9346 3349
9346 3350
9346 8674
9346 9347
9346 9502
9346 9517
9346 9320
9346 9346
9346 9346
3333 9519
3334 9519
3335 9519
9424 9519
6722 9519
8674 9519
9518 9519
3452 9519
8675 9519
3451 9519
9519 9519
9519 9519
9519 3333
9519 3334
9519 3335
9519 3452
9519 3451
9519 6722
9519 8674
9519 8675
9519 9518
9519 9424
9519 9519
9519 9519
9520 9522
3469 9522
6250 9522
5373 9522
9521 9522
9522 9522
9522 9522
9522 3469
9522 5373
9522 6250
9522 9521
9522 9520
9522 9522
9522 9522
2087 9523
6656 9523
2085 9523
9523 9523
9523 9523
9523 2087
9523 2085
9523 6656
9523 9523
9523 9523
4451 9524
9524 9524
9524 9524
9524 4451
9524 9524
9524 9524
3469 9525
9525 9525
9525 9525
9525 3469
9525 9525
9525 9525
3469 9526
6656 9526
9526 9526
9526 9526
9526 3469
9526 6656
9526 9526
9526 9526
1324 9527
9527 9527
9527 9527
9527 1324
9527 9527
9527 9527
9528 9528
9528 9528
9528 9528
9528 9528
7696 9529
7697 9529
6606 9529
8436 9529
3337 9529
6617 9529
6636 9529
3336 9529
9529 9529
9529 9529
9529 3336
9529 3337
9529 6606
9529 6617
9529 6636
9529 7696
9529 7697
9529 8436
9529 9529
9529 9529
3338 9530
9530 9530
9530 9530
9530 3338
9530 9530
9530 9530
9531 9532
9423 9532
9532 9532
9532 9532
9532 9423
9532 9531
9532 9532
9532 9532
9533 9533
9533 9533
9533 9533
9533 9533
9520 9534
9534 9534
9534 9534
9534 9520
9534 9534
9534 9534
9535 9535
9535 9535
9535 9535
9535 9535
9536 9536
9536 9536
9536 9536
9536 9536
3691 9539
3340 9539
3341 9539
9537 9539
5374 9539
9538 9539
3690 9539
3339 9539
8436 9539
5938 9539
3692 9539
9539 9539
9539 9539
9539 3339
9539 3340
9539 3341
9539 3690
9539 3691
9539 3692
9539 5374
9539 5938
9539 8436
9539 9538
9539 9537
9539 9539
9539 9539
1099 9540
3342 9540
3345 9540
3346 9540
6761 9540
3344 9540
6753 9540
1098 9540
3343 9540
9540 9540
9540 9540
9540 1098
9540 1099
9540 3342
9540 3343
9540 3344
9540 3345
9540 3346
9540 6753
9540 6761
9540 9540
9540 9540
7905 9541
6736 9541
3677 9541
9541 9541
9541 9541
9541 3677
9541 6736
9541 7905
9541 9541
9541 9541
9531 9423
6734 9423
3348 9423
6722 9423
8836 9423
8355 9423
9532 9423
9425 9423
5622 9423
9502 9423
4232 9423
4545 9423
6666 9423
3347 9423
9423 9423
9423 9423
9423 3347
9423 3348
9423 4232
9423 4545
9423 5622
9423 6666
9423 6722
9423 6734
9423 8355
9423 8836
9423 9425
9423 9502
9423 9532
9423 9531
9423 9423
9423 9423
8675 9531
9423 9531
6454 9531
4545 9531
6722 9531
6734 9531
3352 9531
9532 9531
3349 9531
3351 9531
3350 9531
9531 9531
9531 9531
9531 3349
9531 3350
9531 3351
9531 3352
9531 4545
9531 6454
9531 6722
9531 6734
9531 8675
9531 9532
9531 9423
9531 9531
9531 9531
7438 9542
3356 9542
3355 9542
7445 9542
3357 9542
3458 9542
3443 9542
3444 9542
7442 9542
3353 9542
2025 9542
3354 9542
9542 9542
9542 9542
9542 3353
9542 3354
9542 3355
9542 3356
9542 3357
9542 3443
9542 3444
9542 3458
9542 2025
9542 7438
9542 7442
9542 7445
9542 9542
9542 9542
3359 9543
3495 9543
3494 9543
6665 9543
3358 9543
6656 9543
4621 9543
9543 9543
9543 9543
9543 3358
9543 3359
9543 4621
9543 3495
9543 3494
9543 6656
9543 6665
9543 9543
9543 9543
3495 9521
3359 9521
5101 9521
9522 9521
6738 9521
6722 9521
3496 9521
3469 9521
9521 9521
9521 9521
9521 3359
9521 3469
9521 3496
9521 5101
9521 3495
9521 6722
9521 6738
9521 9522
9521 9521
9521 9521
8459 9544
1892 9544
2058 9544
3360 9544
6733 9544
6662 9544
9544 9544
9544 9544
9544 1892
9544 2058
9544 3360
9544 6662
9544 6733
9544 8459
9544 9544
9544 9544
8380 9518
9519 9518
3451 9518
9518 9518
9518 9518
9518 3451
9518 8380
9518 9519
9518 9518
9518 9518
9545 9546
6617 9546
8424 9546
3361 9546
4728 9546
9546 9546
9546 9546
9546 3361
9546 4728
9546 6617
9546 8424
9546 9545
9546 9546
9546 9546
6733 9501
9502 9501
8355 9501
3362 9501
3363 9501
3365 9501
3364 9501
9501 9501
9501 9501
9501 3362
9501 3363
9501 3364
9501 3365
9501 6733
9501 8355
9501 9502
9501 9501
9501 9501
3366 9547
9547 9547
9547 9547
9547 3366
9547 9547
9547 9547
3367 9549
9548 9549
3368 9549
9549 9549
9549 9549
9549 3367
9549 3368
9549 9548
9549 9549
9549 9549
7530 9550
9550 9550
9550 9550
9550 7530
9550 9550
9550 9550
1100 9551
9551 9551
9551 9551
9551 1100
9551 9551
9551 9551
1100 9552
9552 9552
9552 9552
9552 1100
9552 9552
9552 9552
9549 9548
9548 9548
9548 9548
9548 9549
9548 9548
9548 9548
9553 9553
9553 9553
9553 9553
9553 9553
9554 9554
9554 9554
9554 9554
9554 9554
9555 9555
9555 9555
9555 9555
9555 9555
9556 9556
9556 9556
9556 9556
9556 9556
9557 9557
9557 9557
9557 9557
9557 9557
9558 9558
9558 9558
9558 9558
9558 9558
9559 9559
9559 9559
9559 9559
9559 9559
9560 9560
9560 9560
9560 9560
9560 9560
9561 9561
9561 9561
9561 9561
9561 9561
9562 9562
9562 9562
9562 9562
9562 9562
3369 9563
1106 9563
3370 9563
7137 9563
9563 9563
9563 9563
9563 1106
9563 3369
9563 3370
9563 7137
9563 9563
9563 9563
9564 9565
9565 9565
9565 9565
9565 9564
9565 9565
9565 9565
9566 9566
9566 9566
9566 9566
9566 9566
3371 9567
9567 9567
9567 9567
9567 3371
9567 9567
9567 9567
1107 9568
3372 9568
3378 9568
3374 9568
3379 9568
3376 9568
3375 9568
3373 9568
3377 9568
9568 9568
9568 9568
9568 3372
9568 1107
9568 3373
9568 3374
9568 3375
9568 3376
9568 3377
9568 3378
9568 3379
9568 9568
9568 9568
3380 9569
8150 9569
7732 9569
7730 9569
3381 9569
9569 9569
9569 9569
9569 3380
9569 3381
9569 7730
9569 7732
9569 8150
9569 9569
9569 9569
9570 9570
9570 9570
9570 9570
9570 9570
1109 9571
9571 9571
9571 9571
9571 1109
9571 9571
9571 9571
3382 9572
9572 9572
9572 9572
9572 3382
9572 9572
9572 9572
3383 9573
9573 9573
9573 9573
9573 3383
9573 9573
9573 9573
9574 9575
9104 9575
9575 9575
9575 9575
9575 9104
9575 9574
9575 9575
9575 9575
9576 9576
9576 9576
9576 9576
9576 9576
9577 9577
9577 9577
9577 9577
9577 9577
3384 9578
9578 9578
9578 9578
9578 3384
9578 9578
9578 9578
6542 9580
6550 9580
6544 9580
5742 9580
3387 9580
5403 9580
3385 9580
3386 9580
5404 9580
9579 9580
9580 9580
9580 9580
9580 3385
9580 3386
9580 3387
9580 5403
9580 5404
9580 5742
9580 6542
9580 6544
9580 6550
9580 9579
9580 9580
9580 9580
3389 9323
5464 9323
3390 9323
3388 9323
6820 9323
3391 9323
4385 9323
3392 9323
8178 9323
9324 9323
5883 9323
9323 9323
9323 9323
9323 3388
9323 3389
9323 3390
9323 3391
9323 3392
9323 4385
9323 5464
9323 5883
9323 6820
9323 8178
9323 9324
9323 9323
9323 9323
3393 9581
5636 9581
9581 9581
9581 9581
9581 3393
9581 5636
9581 9581
9581 9581
1448 9582
6751 9582
1455 9582
9582 9582
9582 9582
9582 1448
9582 1455
9582 6751
9582 9582
9582 9582
9583 9584
9584 9584
9584 9584
9584 9583
9584 9584
9584 9584
9583 9585
9585 9585
9585 9585
9585 9583
9585 9585
9585 9585
9586 9586
9586 9586
9586 9586
9586 9586
9587 9587
9587 9587
9587 9587
9587 9587
9588 9588
9588 9588
9588 9588
9588 9588
9589 9589
9589 9589
9589 9589
9589 9589
3400 9590
3397 9590
3394 9590
3396 9590
9204 9590
3399 9590
3395 9590
5031 9590
3398 9590
3401 9590
8928 9590
9590 9590
9590 9590
9590 3394
9590 3395
9590 3396
9590 3397
9590 3398
9590 3399
9590 3400
9590 3401
9590 5031
9590 8928
9590 9204
9590 9590
9590 9590
9591 9591
9591 9591
9591 9591
9591 9591
9592 9592
9592 9592
9592 9592
9592 9592
9277 9593
9593 9593
9593 9593
9593 9277
9593 9593
9593 9593
9404 9594
9594 9594
9594 9594
9594 9404
9594 9594
9594 9594
9595 9596
9596 9596
9596 9596
9596 9595
9596 9596
9596 9596
9404 9597
9597 9597
9597 9597
9597 9404
9597 9597
9597 9597
9277 9598
9598 9598
9598 9598
9598 9277
9598 9598
9598 9598
9277 9599
9599 9599
9599 9599
9599 9277
9599 9599
9599 9599
9600 9600
9600 9600
9600 9600
9600 9600
9601 9601
9601 9601
9601 9601
9601 9601
3402 9595
7131 9595
6713 9595
9596 9595
9595 9595
9595 9595
9595 3402
9595 6713
9595 7131
9595 9596
9595 9595
9595 9595
3404 9602
3405 9602
3403 9602
9602 9602
9602 9602
9602 3403
9602 3404
9602 3405
9602 9602
9602 9602
3878 9603
9603 9603
9603 9603
9603 3878
9603 9603
9603 9603
8721 9604
6297 9604
6298 9604
8706 9604
8705 9604
3409 9604
8704 9604
8703 9604
8465 9604
6553 9604
9604 9604
9604 9604
9604 3409
9604 6297
9604 6298
9604 6553
9604 8465
9604 8703
9604 8704
9604 8705
9604 8706
9604 8721
9604 9604
9604 9604
1611 9605
5408 9605
3406 9605
8166 9605
3407 9605
9605 9605
9605 9605
9605 3406
9605 3407
9605 1611
9605 5408
9605 8166
9605 9605
9605 9605
1111 9404
9406 9404
9606 9404
3409 9404
3408 9404
3416 9404
3411 9404
3414 9404
9594 9404
9597 9404
3410 9404
3412 9404
3417 9404
3413 9404
8704 9404
8703 9404
3415 9404
8706 9404
6297 9404
6299 9404
9404 9404
9404 9404
9404 1111
9404 3408
9404 3409
9404 3410
9404 3411
9404 3412
9404 3413
9404 3414
9404 3415
9404 3416
9404 3417
9404 6297
9404 6299
9404 8703
9404 8704
9404 8706
9404 9406
9404 9594
9404 9597
9404 9606
9404 9404
9404 9404
9404 9606
8703 9606
9606 9606
9606 9606
9606 8703
9606 9404
9606 9606
9606 9606
7131 9607
9607 9607
9607 9607
9607 7131
9607 9607
9607 9607
9255 9609
9608 9609
9609 9609
9609 9609
9609 9255
9609 9608
9609 9609
9609 9609
9610 9610
9610 9610
9610 9610
9610 9610
1115 9611
9611 9611
9611 9611
9611 1115
9611 9611
9611 9611
9612 9612
9612 9612
9612 9612
9612 9612
9613 9613
9613 9613
9613 9613
9613 9613
9614 9614
9614 9614
9614 9614
9614 9614
3419 9615
9615 9615
9615 9615
9615 3419
9615 9615
9615 9615
3422 9616
3421 9616
3423 9616
8074 9616
5929 9616
3420 9616
9616 9616
9616 9616
9616 3420
9616 3421
9616 3422
9616 3423
9616 5929
9616 8074
9616 9616
9616 9616
8044 9617
3426 9617
3424 9617
6733 9617
8045 9617
1117 9617
3425 9617
9617 9617
9617 9617
9617 1117
9617 3424
9617 3425
9617 3426
9617 6733
9617 8045
9617 8044
9617 9617
9617 9617
8344 9619
9618 9619
6635 9619
9619 9619
9619 9619
9619 6635
9619 8344
9619 9618
9619 9619
9619 9619
9618 9620
9320 9620
8361 9620
9620 9620
9620 9620
9620 8361
9620 9320
9620 9618
9620 9620
9620 9620
9621 9621
9621 9621
9621 9621
9621 9621
9469 9622
9622 9622
9622 9622
9622 9469
9622 9622
9622 9622
9623 9623
9623 9623
9623 9623
9623 9623
9580 9579
9579 9579
9579 9579
9579 9580
9579 9579
9579 9579
8387 9624
9624 9624
9624 9624
9624 8387
9624 9624
9624 9624
1502 9625
9004 9625
9625 9625
9625 9625
9625 1502
9625 9004
9625 9625
9625 9625
8825 9626
8784 9626
9626 9626
9626 9626
9626 8784
9626 8825
9626 9626
9626 9626
9539 9538
9538 9538
9538 9538
9538 9539
9538 9538
9538 9538
9312 9311
1592 9311
9311 9311
9311 9311
9311 1592
9311 9312
9311 9311
9311 9311
9627 9628
9628 9628
9628 9628
9628 9627
9628 9628
9628 9628
9629 9630
9630 9630
9630 9630
9630 9629
9630 9630
9630 9630
9631 9631
9631 9631
9631 9631
9631 9631
9632 9632
9632 9632
9632 9632
9632 9632
9633 9633
9633 9633
9633 9633
9633 9633
9634 9634
9634 9634
9634 9634
9634 9634
9635 9635
9635 9635
9635 9635
9635 9635
9636 9636
9636 9636
9636 9636
9636 9636
9637 9637
9637 9637
9637 9637
9637 9637
9638 9638
9638 9638
9638 9638
9638 9638
9639 9639
9639 9639
9639 9639
9639 9639
6524 9640
9640 9640
9640 9640
9640 6524
9640 9640
9640 9640
9641 9641
9641 9641
9641 9641
9641 9641
9642 9642
9642 9642
9642 9642
9642 9642
9643 9643
9643 9643
9643 9643
9643 9643
9644 9644
9644 9644
9644 9644
9644 9644
9645 9645
9645 9645
9645 9645
9645 9645
9646 9646
9646 9646
9646 9646
9646 9646
9647 9647
9647 9647
9647 9647
9647 9647
9648 9648
9648 9648
9648 9648
9648 9648
8850 9649
9649 9649
9649 9649
9649 8850
9649 9649
9649 9649
9145 9650
3942 9650
3428 9650
3427 9650
2075 9650
7076 9650
1121 9650
9146 9650
9650 9650
9650 9650
9650 1121
9650 2075
9650 3427
9650 3428
9650 3942
9650 7076
9650 9145
9650 9146
9650 9650
9650 9650
6427 9651
3430 9651
3429 9651
9651 9651
9651 9651
9651 3429
9651 3430
9651 6427
9651 9651
9651 9651
6542 9652
9081 9652
5403 9652
6549 9652
3431 9652
3432 9652
6548 9652
9652 9652
9652 9652
9652 3431
9652 3432
9652 5403
9652 6542
9652 6548
9652 6549
9652 9081
9652 9652
9652 9652
9653 9653
9653 9653
9653 9653
9653 9653
9654 9654
9654 9654
9654 9654
9654 9654
9655 9655
9655 9655
9655 9655
9655 9655
9656 9656
9656 9656
9656 9656
9656 9656
3433 9657
3434 9657
9657 9657
9657 9657
9657 3433
9657 3434
9657 9657
9657 9657
5307 9658
3441 9658
3435 9658
3438 9658
3439 9658
3440 9658
3436 9658
8365 9658
3437 9658
9658 9658
9658 9658
9658 3435
9658 3436
9658 3437
9658 3438
9658 3439
9658 3440
9658 3441
9658 5307
9658 8365
9658 9658
9658 9658
3442 9660
9659 9660
9660 9660
9660 9660
9660 3442
9660 9659
9660 9660
9660 9660
7444 9661
7446 9661
6210 9661
3448 9661
3447 9661
7440 9661
5884 9661
3445 9661
4102 9661
3443 9661
3446 9661
3444 9661
9661 9661
9661 9661
9661 3443
9661 3444
9661 3445
9661 3446
9661 3447
9661 3448
9661 4102
9661 5884
9661 6210
9661 7440
9661 7444
9661 7446
9661 9661
9661 9661
5870 9662
7440 9662
3449 9662
7436 9662
2025 9662
7438 9662
7448 9662
9662 9662
9662 9662
9662 3449
9662 2025
9662 5870
9662 7436
9662 7438
9662 7440
9662 7448
9662 9662
9662 9662
3450 9663
9663 9663
9663 9663
9663 3450
9663 9663
9663 9663
9664 9424
9502 9424
3453 9424
9425 9424
6664 9424
3452 9424
6663 9424
9519 9424
9424 9424
9424 9424
9424 3452
9424 3453
9424 6663
9424 6664
9424 9425
9424 9502
9424 9519
9424 9664
9424 9424
9424 9424
8356 9517
6371 9517
9346 9517
7931 9517
7911 9517
3856 9517
6719 9517
4296 9517
3456 9517
5621 9517
3455 9517
3454 9517
3893 9517
1124 9517
9517 9517
9517 9517
9517 1124
9517 3454
9517 3455
9517 3456
9517 3856
9517 3893
9517 4296
9517 5621
9517 6371
9517 6719
9517 7911
9517 7931
9517 8356
9517 9346
9517 9517
9517 9517
6663 9665
2021 9665
9665 9665
9665 9665
9665 2021
9665 6663
9665 9665
9665 9665
4108 9667
9666 9667
3462 9667
3467 9667
3461 9667
3457 9667
3458 9667
2182 9667
5802 9667
3463 9667
3459 9667
3468 9667
3465 9667
3466 9667
3464 9667
3460 9667
9667 9667
9667 9667
9667 3457
9667 3458
9667 2182
9667 3459
9667 3460
9667 3461
9667 3462
9667 3463
9667 3464
9667 3465
9667 3466
9667 3467
9667 3468
9667 4108
9667 5802
9667 9666
9667 9667
9667 9667
3472 9668
3471 9668
3470 9668
4070 9668
9668 9668
9668 9668
9668 3470
9668 3471
9668 3472
9668 4070
9668 9668
9668 9668
9667 9666
9666 9666
9666 9666
9666 9667
9666 9666
9666 9666
9669 9669
9669 9669
9669 9669
9669 9669
3289 9670
9670 9670
9670 9670
9670 3289
9670 9670
9670 9670
9671 9671
9671 9671
9671 9671
9671 9671
9672 9672
9672 9672
9672 9672
9672 9672
9545 9673
9673 9673
9673 9673
9673 9545
9673 9673
9673 9673
4230 9674
4237 9674
4224 9674
6719 9674
9674 9674
9674 9674
9674 4224
9674 4230
9674 4237
9674 6719
9674 9674
9674 9674
9424 9664
9664 9664
9664 9664
9664 9424
9664 9664
9664 9664
3476 9675
3475 9675
8459 9675
9675 9675
9675 9675
9675 3475
9675 3476
9675 8459
9675 9675
9675 9675
3477 9676
7073 9676
3480 9676
5900 9676
3478 9676
8813 9676
3479 9676
3482 9676
3481 9676
9676 9676
9676 9676
9676 3477
9676 3478
9676 3479
9676 3480
9676 3481
9676 3482
9676 5900
9676 7073
9676 8813
9676 9676
9676 9676
8264 9677
1989 9677
3483 9677
8281 9677
3484 9677
8301 9677
8302 9677
5366 9677
9677 9677
9677 9677
9677 1989
9677 3483
9677 3484
9677 5366
9677 8264
9677 8281
9677 8301
9677 8302
9677 9677
9677 9677
5638 9296
4103 9296
1646 9296
9297 9296
5973 9296
3825 9296
3487 9296
3486 9296
3485 9296
9296 9296
9296 9296
9296 3485
9296 3486
9296 3487
9296 3825
9296 1646
9296 4103
9296 5638
9296 5973
9296 9297
9296 9296
9296 9296
3488 9678
3489 9678
8270 9678
3490 9678
8185 9678
9678 9678
9678 9678
9678 3488
9678 3489
9678 3490
9678 8185
9678 8270
9678 9678
9678 9678
6526 9330
9198 9330
5678 9330
9331 9330
9201 9330
6525 9330
6527 9330
3491 9330
3492 9330
9200 9330
9330 9330
9330 9330
9330 3491
9330 3492
9330 5678
9330 6525
9330 6526
9330 6527
9330 9198
9330 9200
9330 9201
9330 9331
9330 9330
9330 9330
3469 9520
5101 9520
3496 9520
3497 9520
6250 9520
3498 9520
3499 9520
9522 9520
9534 9520
6658 9520
4226 9520
9520 9520
9520 9520
9520 3469
9520 3496
9520 3497
9520 3498
9520 3499
9520 4226
9520 5101
9520 6250
9520 6658
9520 9522
9520 9534
9520 9520
9520 9520
3500 9679
8278 9679
8262 9679
5275 9679
9679 9679
9679 9679
9679 3500
9679 5275
9679 8262
9679 8278
9679 9679
9679 9679
3502 9680
3504 9680
3505 9680
8192 9680
3506 9680
3503 9680
3508 9680
3509 9680
3510 9680
3511 9680
3501 9680
3507 9680
9680 9680
9680 9680
9680 3501
9680 3502
9680 3503
9680 3504
9680 3505
9680 3506
9680 3507
9680 3508
9680 3509
9680 3510
9680 3511
9680 8192
9680 9680
9680 9680
3512 9681
3513 9681
3514 9681
3515 9681
3516 9681
3517 9681
5557 9681
7724 9681
9681 9681
9681 9681
9681 3512
9681 3513
9681 3514
9681 3515
9681 3516
9681 3517
9681 5557
9681 7724
9681 9681
9681 9681
3521 9682
3677 9682
2061 9682
3518 9682
3519 9682
3520 9682
9682 9682
9682 9682
9682 3518
9682 3519
9682 3520
9682 3521
9682 3677
9682 2061
9682 9682
9682 9682
3524 9683
3523 9683
3526 9683
5834 9683
3522 9683
7246 9683
6967 9683
3525 9683
7218 9683
9683 9683
9683 9683
9683 3522
9683 3523
9683 3524
9683 3525
9683 3526
9683 5834
9683 6967
9683 7218
9683 7246
9683 9683
9683 9683
5684 9684
3528 9684
3529 9684
3530 9684
4687 9684
3527 9684
9684 9684
9684 9684
9684 3527
9684 3528
9684 3529
9684 3530
9684 4687
9684 5684
9684 9684
9684 9684
3532 9685
9080 9685
8191 9685
3531 9685
8249 9685
8190 9685
9685 9685
9685 9685
9685 3531
9685 3532
9685 8190
9685 8191
9685 8249
9685 9080
9685 9685
9685 9685
3939 9686
6379 9686
6364 9686
9686 9686
9686 9686
9686 3939
9686 6364
9686 6379
9686 9686
9686 9686
3535 9608
3534 9608
9609 9608
3533 9608
9608 9608
9608 9608
9608 3533
9608 3534
9608 3535
9608 9609
9608 9608
9608 9608
3539 9687
3540 9687
6240 9687
3538 9687
3537 9687
3536 9687
6239 9687
6445 9687
9687 9687
9687 9687
9687 3536
9687 3537
9687 3538
9687 3539
9687 3540
9687 6239
9687 6240
9687 6445
9687 9687
9687 9687
4727 9688
3541 9688
6617 9688
3543 9688
4696 9688
3542 9688
9688 9688
9688 9688
9688 3541
9688 3542
9688 3543
9688 4696
9688 4727
9688 6617
9688 9688
9688 9688
5274 9689
3544 9689
5684 9689
9689 9689
9689 9689
9689 3544
9689 5274
9689 5684
9689 9689
9689 9689
3545 9690
3546 9690
3547 9690
8263 9690
9690 9690
9690 9690
9690 3545
9690 3546
9690 3547
9690 8263
9690 9690
9690 9690
3552 9691
3551 9691
3548 9691
9691 9691
9691 9691
9691 3548
9691 3551
9691 3552
9691 9691
9691 9691
3549 9692
3550 9692
9692 9692
9692 9692
9692 3549
9692 3550
9692 9692
9692 9692
3552 9693
3551 9693
9693 9693
9693 9693
9693 3551
9693 3552
9693 9693
9693 9693
3553 9694
3554 9694
3555 9694
9694 9694
9694 9694
9694 3553
9694 3554
9694 3555
9694 9694
9694 9694
9695 9695
9695 9695
9695 9695
9695 9695
1668 9696
9696 9696
9696 9696
9696 1668
9696 9696
9696 9696
9620 9320
8345 9320
9321 9320
9346 9320
9320 9320
9320 9320
9320 8345
9320 9321
9320 9346
9320 9620
9320 9320
9320 9320
5823 9697
3556 9697
9697 9697
9697 9697
9697 3556
9697 5823
9697 9697
9697 9697
9222 9698
1589 9698
3557 9698
3558 9698
6526 9698
3559 9698
3561 9698
3560 9698
9698 9698
9698 9698
9698 1589
9698 3557
9698 3558
9698 3559
9698 3560
9698 3561
9698 6526
9698 9222
9698 9698
9698 9698
9699 9699
9699 9699
9699 9699
9699 9699
9700 9700
9700 9700
9700 9700
9700 9700
9701 9701
9701 9701
9701 9701
9701 9701
9702 9702
9702 9702
9702 9702
9702 9702
3562 9462
3563 9462
9463 9462
5296 9462
6218 9462
9462 9462
9462 9462
9462 3562
9462 3563
9462 5296
9462 6218
9462 9463
9462 9462
9462 9462
9104 9574
9575 9574
8667 9574
3564 9574
6081 9574
9574 9574
9574 9574
9574 3564
9574 6081
9574 8667
9574 9104
9574 9575
9574 9574
9574 9574
9703 9704
9704 9704
9704 9704
9704 9703
9704 9704
9704 9704
9705 9705
9705 9705
9705 9705
9705 9705
9706 9706
9706 9706
9706 9706
9706 9706
9707 9707
9707 9707
9707 9707
9707 9707
8158 9708
7136 9708
3572 9708
3565 9708
5967 9708
3566 9708
3567 9708
3568 9708
3573 9708
3569 9708
3570 9708
3571 9708
9708 9708
9708 9708
9708 3565
9708 3566
9708 3567
9708 3568
9708 3569
9708 3570
9708 3571
9708 3572
9708 3573
9708 5967
9708 7136
9708 8158
9708 9708
9708 9708
9709 9703
9704 9703
3576 9703
3574 9703
3578 9703
3577 9703
3575 9703
7136 9703
9703 9703
9703 9703
9703 3574
9703 3575
9703 3576
9703 3577
9703 3578
9703 7136
9703 9704
9703 9709
9703 9703
9703 9703
3581 9710
3580 9710
3579 9710
6986 9710
9710 9710
9710 9710
9710 3579
9710 3580
9710 3581
9710 6986
9710 9710
9710 9710
3587 9711
3588 9711
8899 9711
3585 9711
3584 9711
2622 9711
3582 9711
3586 9711
8901 9711
3583 9711
9711 9711
9711 9711
9711 2622
9711 3582
9711 3583
9711 3584
9711 3585
9711 3586
9711 3587
9711 3588
9711 8899
9711 8901
9711 9711
9711 9711
6635 9712
3589 9712
9712 9712
9712 9712
9712 3589
9712 6635
9712 9712
9712 9712
3591 9583
3590 9583
9584 9583
8544 9583
8543 9583
9713 9583
9585 9583
9583 9583
9583 9583
9583 3590
9583 3591
9583 8543
9583 8544
9583 9584
9583 9585
9583 9713
9583 9583
9583 9583
9583 9713
6751 9713
9713 9713
9713 9713
9713 6751
9713 9583
9713 9713
9713 9713
9714 9714
9714 9714
9714 9714
9714 9714
8557 9715
9715 9715
9715 9715
9715 8557
9715 9715
9715 9715
9716 9716
9716 9716
9716 9716
9716 9716
9717 9717
9717 9717
9717 9717
9717 9717
4549 9718
4548 9718
3592 9718
3593 9718
9718 9718
9718 9718
9718 3592
9718 3593
9718 4548
9718 4549
9718 9718
9718 9718
3595 9719
5835 9719
3596 9719
3594 9719
3597 9719
3599 9719
3598 9719
3600 9719
7958 9719
9719 9719
9719 9719
9719 3594
9719 3595
9719 3596
9719 3597
9719 3598
9719 3599
9719 3600
9719 5835
9719 7958
9719 9719
9719 9719
5919 9720
3601 9720
9720 9720
9720 9720
9720 3601
9720 5919
9720 9720
9720 9720
5415 9721
9013 9721
6593 9721
6874 9721
9721 9721
9721 9721
9721 5415
9721 6593
9721 6874
9721 9013
9721 9721
9721 9721
3602 9722
9722 9722
9722 9722
9722 3602
9722 9722
9722 9722
9723 9723
9723 9723
9723 9723
9723 9723
9724 9724
9724 9724
9724 9724
9724 9724
9725 9725
9725 9725
9725 9725
9725 9725
9726 9726
9726 9726
9726 9726
9726 9726
3606 9727
3605 9727
3604 9727
3603 9727
8852 9727
9727 9727
9727 9727
9727 3603
9727 3604
9727 3605
9727 3606
9727 8852
9727 9727
9727 9727
9565 9564
9564 9564
9564 9564
9564 9565
9564 9564
9564 9564
5684 9728
3607 9728
9728 9728
9728 9728
9728 3607
9728 5684
9728 9728
9728 9728
6530 9729
3608 9729
3609 9729
7218 9729
8148 9729
9729 9729
9729 9729
9729 3608
9729 3609
9729 6530
9729 7218
9729 8148
9729 9729
9729 9729
3611 9730
3610 9730
3612 9730
3613 9730
9730 9730
9730 9730
9730 3610
9730 3611
9730 3612
9730 3613
9730 9730
9730 9730
3614 9731
5589 9731
9731 9731
9731 9731
9731 3614
9731 5589
9731 9731
9731 9731
3615 9732
3616 9732
3618 9732
3619 9732
3620 9732
7934 9732
3617 9732
5595 9732
9732 9732
9732 9732
9732 3615
9732 3616
9732 3617
9732 3618
9732 3619
9732 3620
9732 5595
9732 7934
9732 9732
9732 9732
2061 9733
3625 9733
5857 9733
5867 9733
6843 9733
3624 9733
3623 9733
3622 9733
8624 9733
8346 9733
8623 9733
3621 9733
9733 9733
9733 9733
9733 3621
9733 3622
9733 3623
9733 3624
9733 3625
9733 2061
9733 5857
9733 5867
9733 6843
9733 8346
9733 8623
9733 8624
9733 9733
9733 9733
3627 9734
9241 9734
7847 9734
3628 9734
3629 9734
3626 9734
9734 9734
9734 9734
9734 3626
9734 3627
9734 3628
9734 3629
9734 7847
9734 9241
9734 9734
9734 9734
3630 9735
9735 9735
9735 9735
9735 3630
9735 9735
9735 9735
3632 9736
3631 9736
9736 9736
9736 9736
9736 3631
9736 3632
9736 9736
9736 9736
3633 9737
9737 9737
9737 9737
9737 3633
9737 9737
9737 9737
9738 9738
9738 9738
9738 9738
9738 9738
9739 9739
9739 9739
9739 9739
9739 9739
9740 9740
9740 9740
9740 9740
9740 9740
9741 9741
9741 9741
9741 9741
9741 9741
9742 9742
9742 9742
9742 9742
9742 9742
9743 9743
9743 9743
9743 9743
9743 9743
9744 9744
9744 9744
9744 9744
9744 9744
3636 9745
3634 9745
3638 9745
3635 9745
3637 9745
9745 9745
9745 9745
9745 3634
9745 3635
9745 3636
9745 3637
9745 3638
9745 9745
9745 9745
9746 9746
9746 9746
9746 9746
9746 9746
3642 9747
3643 9747
3644 9747
3640 9747
3645 9747
3639 9747
3106 9747
9266 9747
3641 9747
3646 9747
3647 9747
3648 9747
3649 9747
5929 9747
9747 9747
9747 9747
9747 3106
9747 3639
9747 3640
9747 3641
9747 3642
9747 3643
9747 3644
9747 3645
9747 3646
9747 3647
9747 3648
9747 3649
9747 5929
9747 9266
9747 9747
9747 9747
5087 9340
3657 9340
3656 9340
3655 9340
8095 9340
3654 9340
3653 9340
3652 9340
3651 9340
8357 9340
3650 9340
3154 9340
8096 9340
9341 9340
9340 9340
9340 9340
9340 3154
9340 3650
9340 3651
9340 3652
9340 3653
9340 3654
9340 3655
9340 3656
9340 3657
9340 5087
9340 8095
9340 8096
9340 8357
9340 9341
9340 9340
9340 9340
5249 9748
6729 9748
9748 9748
9748 9748
9748 5249
9748 6729
9748 9748
9748 9748
9546 9545
8505 9545
8427 9545
3658 9545
1583 9545
9673 9545
5749 9545
9545 9545
9545 9545
9545 3658
9545 1583
9545 5749
9545 8427
9545 8505
9545 9546
9545 9673
9545 9545
9545 9545
4453 9749
6721 9749
9749 9749
9749 9749
9749 4453
9749 6721
9749 9749
9749 9749
9750 9750
9750 9750
9750 9750
9750 9750
9751 9751
9751 9751
9751 9751
9751 9751
5165 9752
9752 9752
9752 9752
9752 5165
9752 9752
9752 9752
9753 9753
9753 9753
9753 9753
9753 9753
9754 9754
9754 9754
9754 9754
9754 9754
9755 9755
9755 9755
9755 9755
9755 9755
9756 9756
9756 9756
9756 9756
9756 9756
9757 9757
9757 9757
9757 9757
9757 9757
9758 9758
9758 9758
9758 9758
9758 9758
9759 9759
9759 9759
9759 9759
9759 9759
9760 9760
9760 9760
9760 9760
9760 9760
9761 9761
9761 9761
9761 9761
9761 9761
9762 9762
9762 9762
9762 9762
9762 9762
9763 9763
9763 9763
9763 9763
9763 9763
9764 9765
3732 9765
3663 9765
3733 9765
5326 9765
3659 9765
3660 9765
3662 9765
4889 9765
3661 9765
4893 9765
4897 9765
4894 9765
9765 9765
9765 9765
9765 3659
9765 3660
9765 3661
9765 3662
9765 3663
9765 3732
9765 3733
9765 4889
9765 4893
9765 4894
9765 4897
9765 5326
9765 9764
9765 9765
9765 9765
9766 9766
9766 9766
9766 9766
9766 9766
9767 9767
9767 9767
9767 9767
9767 9767
7566 9768
9768 9768
9768 9768
9768 7566
9768 9768
9768 9768
9769 9769
9769 9769
9769 9769
9769 9769
9770 9770
9770 9770
9770 9770
9770 9770
9771 9771
9771 9771
9771 9771
9771 9771
9772 9772
9772 9772
9772 9772
9772 9772
9773 9773
9773 9773
9773 9773
9773 9773
9774 9774
9774 9774
9774 9774
9774 9774
9775 9775
9775 9775
9775 9775
9775 9775
9776 9776
9776 9776
9776 9776
9776 9776
9777 9777
9777 9777
9777 9777
9777 9777
3664 9778
6404 9778
6403 9778
5003 9778
9778 9778
9778 9778
9778 3664
9778 5003
9778 6403
9778 6404
9778 9778
9778 9778
3666 9779
3665 9779
5190 9779
5188 9779
9779 9779
9779 9779
9779 3665
9779 3666
9779 5188
9779 5190
9779 9779
9779 9779
9780 9780
9780 9780
9780 9780
9780 9780
9781 9781
9781 9781
9781 9781
9781 9781
9782 9782
9782 9782
9782 9782
9782 9782
3668 9783
3667 9783
3670 9783
3669 9783
4060 9783
9783 9783
9783 9783
9783 3668
9783 3667
9783 3669
9783 3670
9783 4060
9783 9783
9783 9783
9784 9784
9784 9784
9784 9784
9784 9784
9785 9785
9785 9785
9785 9785
9785 9785
9786 9786
9786 9786
9786 9786
9786 9786
9787 9787
9787 9787
9787 9787
9787 9787
9788 9788
9788 9788
9788 9788
9788 9788
9789 9789
9789 9789
9789 9789
9789 9789
9790 9790
9790 9790
9790 9790
9790 9790
4459 9791
3671 9791
9791 9791
9791 9791
9791 3671
9791 4459
9791 9791
9791 9791
9792 9792
9792 9792
9792 9792
9792 9792
3673 9793
3672 9793
9793 9793
9793 9793
9793 3672
9793 3673
9793 9793
9793 9793
9794 9794
9794 9794
9794 9794
9794 9794
9795 9795
9795 9795
9795 9795
9795 9795
9796 9796
9796 9796
9796 9796
9796 9796
9797 9797
9797 9797
9797 9797
9797 9797
9798 9798
9798 9798
9798 9798
9798 9798
9799 9799
9799 9799
9799 9799
9799 9799
9800 9800
9800 9800
9800 9800
9800 9800
9801 9801
9801 9801
9801 9801
9801 9801
9802 9802
9802 9802
9802 9802
9802 9802
9803 9803
9803 9803
9803 9803
9803 9803
9804 9804
9804 9804
9804 9804
9804 9804
9805 9805
9805 9805
9805 9805
9805 9805
3674 9806
3675 9806
3676 9806
7426 9806
9806 9806
9806 9806
9806 3674
9806 3675
9806 3676
9806 7426
9806 9806
9806 9806
3473 9807
2058 9807
5866 9807
3682 9807
3681 9807
3680 9807
3679 9807
3677 9807
3678 9807
9807 9807
9807 9807
9807 3677
9807 3678
9807 3679
9807 3680
9807 3681
9807 3682
9807 2058
9807 3473
9807 5866
9807 9807
9807 9807
3685 9808
3684 9808
4070 9808
9808 9808
9808 9808
9808 3684
9808 3685
9808 4070
9808 9808
9808 9808
3688 9809
3686 9809
3687 9809
9809 9809
9809 9809
9809 3686
9809 3687
9809 3688
9809 9809
9809 9809
9810 9810
9810 9810
9810 9810
9810 9810
9811 9811
9811 9811
9811 9811
9811 9811
9262 9812
9812 9812
9812 9812
9812 9262
9812 9812
9812 9812
9813 9813
9813 9813
9813 9813
9813 9813
9814 9814
9814 9814
9814 9814
9814 9814
9815 9815
9815 9815
9815 9815
9815 9815
9816 9816
9816 9816
9816 9816
9816 9816
9817 9817
9817 9817
9817 9817
9817 9817
9818 9818
9818 9818
9818 9818
9818 9818
9819 9819
9819 9819
9819 9819
9819 9819
9820 9820
9820 9820
9820 9820
9820 9820
7804 9821
3689 9821
9821 9821
9821 9821
9821 3689
9821 7804
9821 9821
9821 9821
4027 9822
3801 9822
9822 9822
9822 9822
9822 3801
9822 4027
9822 9822
9822 9822
9823 9823
9823 9823
9823 9823
9823 9823
9824 9824
9824 9824
9824 9824
9824 9824
9825 9825
9825 9825
9825 9825
9825 9825
9826 9826
9826 9826
9826 9826
9826 9826
9827 9827
9827 9827
9827 9827
9827 9827
9828 9828
9828 9828
9828 9828
9828 9828
9829 9829
9829 9829
9829 9829
9829 9829
9830 9830
9830 9830
9830 9830
9830 9830
9831 9831
9831 9831
9831 9831
9831 9831
9832 9832
9832 9832
9832 9832
9832 9832
9833 9833
9833 9833
9833 9833
9833 9833
7696 9537
7697 9537
9003 9537
9011 9537
6608 9537
9012 9537
3694 9537
3691 9537
3692 9537
3690 9537
3693 9537
9539 9537
9537 9537
9537 9537
9537 3690
9537 3691
9537 3692
9537 3693
9537 3694
9537 6608
9537 7696
9537 7697
9537 9003
9537 9011
9537 9012
9537 9539
9537 9537
9537 9537
8449 9835
9834 9835
5399 9835
8118 9835
9011 9835
9627 9835
8452 9835
5413 9835
8455 9835
3695 9835
8450 9835
9835 9835
9835 9835
9835 3695
9835 5399
9835 5413
9835 8118
9835 8449
9835 8450
9835 8452
9835 8455
9835 9011
9835 9627
9835 9834
9835 9835
9835 9835
5556 9837
8450 9837
5388 9837
5387 9837
8449 9837
8175 9837
5399 9837
9836 9837
8452 9837
8455 9837
9837 9837
9837 9837
9837 5387
9837 5388
9837 5399
9837 5556
9837 8175
9837 8449
9837 8450
9837 8452
9837 8455
9837 9836
9837 9837
9837 9837
9628 9627
9835 9627
9627 9627
9627 9627
9627 9628
9627 9835
9627 9627
9627 9627
9469 9838
8169 9838
8362 9838
3697 9838
9011 9838
3696 9838
6623 9838
9003 9838
9012 9838
9838 9838
9838 9838
9838 3696
9838 3697
9838 6623
9838 8169
9838 8362
9838 9003
9838 9011
9838 9012
9838 9469
9838 9838
9838 9838
9839 9840
8449 9840
8450 9840
8443 9840
5556 9840
8118 9840
9840 9840
9840 9840
9840 5556
9840 8118
9840 8443
9840 8449
9840 8450
9840 9839
9840 9840
9840 9840
8044 9618
8344 9618
3698 9618
9620 9618
3701 9618
5651 9618
5652 9618
8343 9618
3699 9618
9619 9618
3700 9618
9618 9618
9618 9618
9618 3698
9618 3699
9618 3700
9618 3701
9618 5651
9618 5652
9618 8344
9618 8343
9618 8044
9618 9619
9618 9620
9618 9618
9618 9618
4685 9834
8118 9834
9004 9834
9835 9834
9834 9834
9834 9834
9834 4685
9834 8118
9834 9004
9834 9835
9834 9834
9834 9834
6848 9841
3702 9841
5400 9841
9836 9841
5399 9841
9841 9841
9841 9841
9841 3702
9841 5399
9841 5400
9841 6848
9841 9836
9841 9841
9841 9841
9630 9629
5732 9629
6597 9629
8239 9629
9629 9629
9629 9629
9629 5732
9629 6597
9629 8239
9629 9630
9629 9629
9629 9629
3705 9842
3704 9842
3703 9842
8468 9842
9842 9842
9842 9842
9842 3703
9842 3704
9842 3705
9842 8468
9842 9842
9842 9842
1414 9839
1408 9839
8299 9839
9840 9839
2183 9839
3706 9839
9839 9839
9839 9839
9839 3706
9839 1408
9839 1414
9839 2183
9839 8299
9839 9840
9839 9839
9839 9839
3707 9843
3708 9843
8449 9843
9843 9843
9843 9843
9843 3707
9843 3708
9843 8449
9843 9843
9843 9843
9011 9844
3709 9844
9844 9844
9844 9844
9844 3709
9844 9011
9844 9844
9844 9844
3710 9845
9845 9845
9845 9845
9845 3710
9845 9845
9845 9845
9846 9846
9846 9846
9846 9846
9846 9846
8377 9847
3711 9847
3712 9847
9847 9847
9847 9847
9847 3711
9847 3712
9847 8377
9847 9847
9847 9847
3713 9848
6593 9848
9848 9848
9848 9848
9848 3713
9848 6593
9848 9848
9848 9848
3714 9849
9849 9849
9849 9849
9849 3714
9849 9849
9849 9849
9850 9850
9850 9850
9850 9850
9850 9850
9851 9851
9851 9851
9851 9851
9851 9851
9852 9852
9852 9852
9852 9852
9852 9852
9853 9853
9853 9853
9853 9853
9853 9853
9854 9854
9854 9854
9854 9854
9854 9854
9855 9855
9855 9855
9855 9855
9855 9855
9856 9856
9856 9856
9856 9856
9856 9856
9857 9857
9857 9857
9857 9857
9857 9857
9858 9858
9858 9858
9858 9858
9858 9858
9859 9859
9859 9859
9859 9859
9859 9859
9860 9860
9860 9860
9860 9860
9860 9860
9861 9861
9861 9861
9861 9861
9861 9861
9862 9862
9862 9862
9862 9862
9862 9862
9863 9863
9863 9863
9863 9863
9863 9863
9864 9864
9864 9864
9864 9864
9864 9864
1126 9865
3723 9865
1125 9865
3722 9865
3721 9865
3720 9865
3718 9865
1127 9865
1128 9865
3715 9865
3716 9865
3717 9865
3724 9865
3719 9865
9865 9865
9865 9865
9865 1126
9865 1125
9865 1127
9865 1128
9865 3715
9865 3716
9865 3717
9865 3718
9865 3719
9865 3720
9865 3721
9865 3722
9865 3723
9865 3724
9865 9865
9865 9865
3725 9866
3796 9866
3726 9866
4458 9866
9866 9866
9866 9866
9866 3725
9866 3726
9866 3796
9866 4458
9866 9866
9866 9866
9422 9421
9421 9421
9421 9421
9421 9422
9421 9421
9421 9421
9867 9867
9867 9867
9867 9867
9867 9867
9660 9659
9659 9659
9659 9659
9659 9660
9659 9659
9659 9659
9868 9868
9868 9868
9868 9868
9868 9868
9869 9869
9869 9869
9869 9869
9869 9869
9870 9870
9870 9870
9870 9870
9870 9870
9871 9871
9871 9871
9871 9871
9871 9871
9872 9872
9872 9872
9872 9872
9872 9872
9873 9873
9873 9873
9873 9873
9873 9873
9874 9874
9874 9874
9874 9874
9874 9874
9875 9875
9875 9875
9875 9875
9875 9875
9876 9876
9876 9876
9876 9876
9876 9876
9877 9877
9877 9877
9877 9877
9877 9877
9878 9878
9878 9878
9878 9878
9878 9878
9879 9879
9879 9879
9879 9879
9879 9879
9880 9880
9880 9880
9880 9880
9880 9880
9881 9881
9881 9881
9881 9881
9881 9881
9882 9882
9882 9882
9882 9882
9882 9882
9883 9883
9883 9883
9883 9883
9883 9883
9884 9884
9884 9884
9884 9884
9884 9884
9885 9885
9885 9885
9885 9885
9885 9885
9886 9886
9886 9886
9886 9886
9886 9886
9887 9887
9887 9887
9887 9887
9887 9887
9888 9888
9888 9888
9888 9888
9888 9888
9889 9889
9889 9889
9889 9889
9889 9889
9890 9890
9890 9890
9890 9890
9890 9890
9841 9836
9837 9836
9836 9836
9836 9836
9836 9837
9836 9841
9836 9836
9836 9836
9891 9891
9891 9891
9891 9891
9891 9891
9892 9892
9892 9892
9892 9892
9892 9892
9893 9893
9893 9893
9893 9893
9893 9893
9838 9469
9622 9469
8442 9469
9470 9469
6593 9469
4622 9469
8292 9469
9469 9469
9469 9469
9469 4622
9469 6593
9469 8292
9469 8442
9469 9470
9469 9622
9469 9838
9469 9469
9469 9469
7500 9894
9894 9894
9894 9894
9894 7500
9894 9894
9894 9894
9007 9895
9895 9895
9895 9895
9895 9007
9895 9895
9895 9895
9028 9896
7500 9896
9896 9896
9896 9896
9896 7500
9896 9028
9896 9896
9896 9896
9897 9897
9897 9897
9897 9897
9897 9897
9898 9898
9898 9898
9898 9898
9898 9898
9899 9899
9899 9899
9899 9899
9899 9899
7411 9900
7554 9900
3727 9900
9900 9900
9900 9900
9900 3727
9900 7411
9900 7554
9900 9900
9900 9900
9901 9901
9901 9901
9901 9901
9901 9901
9902 9902
9902 9902
9902 9902
9902 9902
9903 9903
9903 9903
9903 9903
9903 9903
9904 9904
9904 9904
9904 9904
9904 9904
9905 9905
9905 9905
9905 9905
9905 9905
9906 9906
9906 9906
9906 9906
9906 9906
4195 9907
7801 9907
9907 9907
9907 9907
9907 4195
9907 7801
9907 9907
9907 9907
9908 9908
9908 9908
9908 9908
9908 9908
9909 9909
9909 9909
9909 9909
9909 9909
9910 9910
9910 9910
9910 9910
9910 9910
9911 9911
9911 9911
9911 9911
9911 9911
9912 9912
9912 9912
9912 9912
9912 9912
9913 9913
9913 9913
9913 9913
9913 9913
9914 9914
9914 9914
9914 9914
9914 9914
9915 9915
9915 9915
9915 9915
9915 9915
9916 9916
9916 9916
9916 9916
9916 9916
9917 9917
9917 9917
9917 9917
9917 9917
9918 9918
9918 9918
9918 9918
9918 9918
9919 9919
9919 9919
9919 9919
9919 9919
9920 9920
9920 9920
9920 9920
9920 9920
9921 9921
9921 9921
9921 9921
9921 9921
9922 9922
9922 9922
9922 9922
9922 9922
9923 9923
9923 9923
9923 9923
9923 9923
9924 9924
9924 9924
9924 9924
9924 9924
9925 9925
9925 9925
9925 9925
9925 9925
9926 9926
9926 9926
9926 9926
9926 9926
9927 9927
9927 9927
9927 9927
9927 9927
9928 9929
9929 9929
9929 9929
9929 9928
9929 9929
9929 9929
9930 9930
9930 9930
9930 9930
9930 9930
9931 9931
9931 9931
9931 9931
9931 9931
9932 9932
9932 9932
9932 9932
9932 9932
9933 9933
9933 9933
9933 9933
9933 9933
9934 9934
9934 9934
9934 9934
9934 9934
9935 9935
9935 9935
9935 9935
9935 9935
8867 9936
9936 9936
9936 9936
9936 8867
9936 9936
9936 9936
9937 9937
9937 9937
9937 9937
9937 9937
9938 9938
9938 9938
9938 9938
9938 9938
9939 9939
9939 9939
9939 9939
9939 9939
9940 9940
9940 9940
9940 9940
9940 9940
9941 9941
9941 9941
9941 9941
9941 9941
9942 9942
9942 9942
9942 9942
9942 9942
9943 9943
9943 9943
9943 9943
9943 9943
9944 9944
9944 9944
9944 9944
9944 9944
9945 9945
9945 9945
9945 9945
9945 9945
9946 9946
9946 9946
9946 9946
9946 9946
9947 9947
9947 9947
9947 9947
9947 9947
9948 9948
9948 9948
9948 9948
9948 9948
9949 9949
9949 9949
9949 9949
9949 9949
9950 9950
9950 9950
9950 9950
9950 9950
9951 9951
9951 9951
9951 9951
9951 9951
9952 9952
9952 9952
9952 9952
9952 9952
9953 9953
9953 9953
9953 9953
9953 9953
9954 9954
9954 9954
9954 9954
9954 9954
9955 9955
9955 9955
9955 9955
9955 9955
9956 9956
9956 9956
9956 9956
9956 9956
9957 9957
9957 9957
9957 9957
9957 9957
9958 9958
9958 9958
9958 9958
9958 9958
9959 9959
9959 9959
9959 9959
9959 9959
9960 9960
9960 9960
9960 9960
9960 9960
9961 9962
7573 9962
7574 9962
6643 9962
7575 9962
9962 9962
9962 9962
9962 6643
9962 7573
9962 7574
9962 7575
9962 9961
9962 9962
9962 9962
9963 9963
9963 9963
9963 9963
9963 9963
9964 9964
9964 9964
9964 9964
9964 9964
9965 9965
9965 9965
9965 9965
9965 9965
9966 9966
9966 9966
9966 9966
9966 9966
9967 9967
9967 9967
9967 9967
9967 9967
9968 9968
9968 9968
9968 9968
9968 9968
9969 9969
9969 9969
9969 9969
9969 9969
9970 9971
9971 9971
9971 9971
9971 9970
9971 9971
9971 9971
9972 9972
9972 9972
9972 9972
9972 9972
9973 9973
9973 9973
9973 9973
9973 9973
9974 9974
9974 9974
9974 9974
9974 9974
9975 9975
9975 9975
9975 9975
9975 9975
9976 9976
9976 9976
9976 9976
9976 9976
9977 9977
9977 9977
9977 9977
9977 9977
9978 9978
9978 9978
9978 9978
9978 9978
9979 9979
9979 9979
9979 9979
9979 9979
9980 9980
9980 9980
9980 9980
9980 9980
9981 9981
9981 9981
9981 9981
9981 9981
9982 9982
9982 9982
9982 9982
9982 9982
9983 9983
9983 9983
9983 9983
9983 9983
9984 9984
9984 9984
9984 9984
9984 9984
9985 9985
9985 9985
9985 9985
9985 9985
9986 9986
9986 9986
9986 9986
9986 9986
9987 9987
9987 9987
9987 9987
9987 9987
9703 9709
9709 9709
9709 9709
9709 9703
9709 9709
9709 9709
9988 9988
9988 9988
9988 9988
9988 9988
9989 9989
9989 9989
9989 9989
9989 9989
3728 9990
9990 9990
9990 9990
9990 3728
9990 9990
9990 9990
3730 9928
3731 9928
3729 9928
9929 9928
9928 9928
9928 9928
9928 3729
9928 3730
9928 3731
9928 9929
9928 9928
9928 9928
3742 9764
3737 9764
3734 9764
3738 9764
3739 9764
3733 9764
3740 9764
4893 9764
3741 9764
3743 9764
3744 9764
3736 9764
7219 9764
9765 9764
4851 9764
4850 9764
3732 9764
4655 9764
4657 9764
3735 9764
9764 9764
9764 9764
9764 3732
9764 3733
9764 3734
9764 3735
9764 3736
9764 3737
9764 3738
9764 3739
9764 3740
9764 3741
9764 3742
9764 3743
9764 3744
9764 4655
9764 4657
9764 4850
9764 4851
9764 4893
9764 7219
9764 9765
9764 9764
9764 9764
1373 9991
9991 9991
9991 9991
9991 1373
9991 9991
9991 9991
9992 9992
9992 9992
9992 9992
9992 9992
9993 9993
9993 9993
9993 9993
9993 9993
9994 9994
9994 9994
9994 9994
9994 9994
9995 9995
9995 9995
9995 9995
9995 9995
9996 9996
9996 9996
9996 9996
9996 9996
9997 9997
9997 9997
9997 9997
9997 9997
9998 9998
9998 9998
9998 9998
9998 9998
9999 9999
9999 9999
9999 9999
9999 9999
10000 10000
10000 10000
10000 10000
10000 10000
9962 9961
10001 9961
9961 9961
9961 9961
9961 9962
9961 10001
9961 9961
9961 9961
7549 10002
3974 10002
3984 10002
7548 10002
10002 10002
10002 10002
10002 3974
10002 3984
10002 7548
10002 7549
10002 10002
10002 10002
3975 10001
9961 10001
3745 10001
7547 10001
10001 10001
10001 10001
10001 3745
10001 3975
10001 7547
10001 9961
10001 10001
10001 10001
3745 10003
3746 10003
7552 10003
3979 10003
10003 10003
10003 10003
10003 3745
10003 3746
10003 3979
10003 7552
10003 10003
10003 10003
7549 10004
10004 10004
10004 10004
10004 7549
10004 10004
10004 10004
3748 9970
3747 9970
7584 9970
5192 9970
9971 9970
7152 9970
3749 9970
5611 9970
3750 9970
4648 9970
9970 9970
9970 9970
9970 3747
9970 3748
9970 3749
9970 3750
9970 4648
9970 5192
9970 5611
9970 7152
9970 7584
9970 9971
9970 9970
9970 9970
10005 10005
10005 10005
10005 10005
10005 10005
10006 10006
10006 10006
10006 10006
10006 10006
10007 10007
10007 10007
10007 10007
10007 10007
10008 10008
10008 10008
10008 10008
10008 10008
10009 10009
10009 10009
10009 10009
10009 10009
