5915 5915
5915 5915
5915 5915
5915 5915
5916 5916
5916 5916
5916 5916
5916 5916
5917 5917
5917 5917
5917 5917
5917 5917
5918 5918
5918 5918
5918 5918
5918 5918
5919 5919
5919 5919
5919 5919
5919 5919
5920 5920
5920 5920
5920 5920
5920 5920
5921 5921
5921 5921
5921 5921
5921 5921
5922 5922
5922 5922
5922 5922
5922 5922
5923 5923
5923 5923
5923 5923
5923 5923
5924 5924
5924 5924
5924 5924
5924 5924
5925 5925
5925 5925
5925 5925
5925 5925
5926 5926
5926 5926
5926 5926
5926 5926
1678 5927
594 5927
5927 5927
5927 5927
5927 1678
5927 594
5927 5927
5927 5927
5928 5928
5928 5928
5928 5928
5928 5928
5929 5929
5929 5929
5929 5929
5929 5929
5930 5930
5930 5930
5930 5930
5930 5930
5931 5931
5931 5931
5931 5931
5931 5931
5932 5932
5932 5932
5932 5932
5932 5932
5933 5933
5933 5933
5933 5933
5933 5933
5934 5934
5934 5934
5934 5934
5934 5934
5935 5935
5935 5935
5935 5935
5935 5935
5936 5936
5936 5936
5936 5936
5936 5936
5937 5937
5937 5937
5937 5937
5937 5937
5938 5938
5938 5938
5938 5938
5938 5938
5939 5939
5939 5939
5939 5939
5939 5939
5940 5940
5940 5940
5940 5940
5940 5940
5941 5941
5941 5941
5941 5941
5941 5941
5942 5942
5942 5942
5942 5942
5942 5942
5943 5943
5943 5943
5943 5943
5943 5943
5944 5944
5944 5944
5944 5944
5944 5944
5945 5945
5945 5945
5945 5945
5945 5945
1380 5946
1379 5946
5946 5946
5946 5946
5946 1380
5946 1379
5946 5946
5946 5946
5947 5947
5947 5947
5947 5947
5947 5947
5948 5948
5948 5948
5948 5948
5948 5948
5949 5949
5949 5949
5949 5949
5949 5949
5950 5950
5950 5950
5950 5950
5950 5950
5951 5951
5951 5951
5951 5951
5951 5951
5952 5953
594 5953
5953 5953
5953 5953
5953 594
5953 5952
5953 5953
5953 5953
5953 5952
596 5952
5952 5952
5952 5952
5952 596
5952 5953
5952 5952
5952 5952
1470 5954
1475 5954
5954 5954
5954 5954
5954 1470
5954 1475
5954 5954
5954 5954
5955 5955
5955 5955
5955 5955
5955 5955
5956 5956
5956 5956
5956 5956
5956 5956
5957 5957
5957 5957
5957 5957
5957 5957
1379 5958
5958 5958
5958 5958
5958 1379
5958 5958
5958 5958
5959 5959
5959 5959
5959 5959
5959 5959
5960 5960
5960 5960
5960 5960
5960 5960
5961 5961
5961 5961
5961 5961
5961 5961
5962 5962
5962 5962
5962 5962
5962 5962
5963 5963
5963 5963
5963 5963
5963 5963
5964 5964
5964 5964
5964 5964
5964 5964
5965 5965
5965 5965
5965 5965
5965 5965
5966 5966
5966 5966
5966 5966
5966 5966
742 5967
5967 5967
5967 5967
5967 742
5967 5967
5967 5967
5968 5968
5968 5968
5968 5968
5968 5968
5969 5969
5969 5969
5969 5969
5969 5969
5970 5970
5970 5970
5970 5970
5970 5970
4298 5972
5971 5972
1826 5972
5972 5972
5972 5972
5972 1826
5972 4298
5972 5971
5972 5972
5972 5972
5973 5973
5973 5973
5973 5973
5973 5973
5974 5974
5974 5974
5974 5974
5974 5974
5972 5971
5971 5971
5971 5971
5971 5972
5971 5971
5971 5971
5975 5975
5975 5975
5975 5975
5975 5975
5976 5976
5976 5976
5976 5976
5976 5976
5977 5977
5977 5977
5977 5977
5977 5977
5978 5978
5978 5978
5978 5978
5978 5978
5979 5980
1681 5980
1680 5980
5980 5980
5980 5980
5980 1680
5980 1681
5980 5979
5980 5980
5980 5980
5980 5979
5979 5979
5979 5979
5979 5980
5979 5979
5979 5979
4962 5982
4189 5982
1682 5982
5981 5982
5982 5982
5982 5982
5982 1682
5982 4189
5982 4962
5982 5981
5982 5982
5982 5982
5982 5981
5981 5981
5981 5981
5981 5982
5981 5981
5981 5981
5983 5983
5983 5983
5983 5983
5983 5983
5984 5984
5984 5984
5984 5984
5984 5984
5985 5985
5985 5985
5985 5985
5985 5985
5986 5986
5986 5986
5986 5986
5986 5986
5987 5987
5987 5987
5987 5987
5987 5987
5988 5988
5988 5988
5988 5988
5988 5988
5989 5989
5989 5989
5989 5989
5989 5989
5990 5990
5990 5990
5990 5990
5990 5990
5991 5991
5991 5991
5991 5991
5991 5991
5992 5992
5992 5992
5992 5992
5992 5992
5993 5993
5993 5993
5993 5993
5993 5993
5994 5994
5994 5994
5994 5994
5994 5994
5995 5995
5995 5995
5995 5995
5995 5995
5996 5996
5996 5996
5996 5996
5996 5996
5997 5997
5997 5997
5997 5997
5997 5997
5998 5998
5998 5998
5998 5998
5998 5998
5999 5999
5999 5999
5999 5999
5999 5999
6000 6000
6000 6000
6000 6000
6000 6000
6001 6001
6001 6001
6001 6001
6001 6001
6002 6002
6002 6002
6002 6002
6002 6002
6003 6003
6003 6003
6003 6003
6003 6003
6004 6004
6004 6004
6004 6004
6004 6004
6005 6005
6005 6005
6005 6005
6005 6005
6006 6006
6006 6006
6006 6006
6006 6006
6007 6007
6007 6007
6007 6007
6007 6007
6008 6008
6008 6008
6008 6008
6008 6008
6009 6009
6009 6009
6009 6009
6009 6009
6010 6010
6010 6010
6010 6010
6010 6010
6011 6011
6011 6011
6011 6011
6011 6011
6012 6012
6012 6012
6012 6012
6012 6012
6013 6013
6013 6013
6013 6013
6013 6013
6014 6014
6014 6014
6014 6014
6014 6014
6015 6015
6015 6015
6015 6015
6015 6015
6016 6016
6016 6016
6016 6016
6016 6016
6017 6017
6017 6017
6017 6017
6017 6017
6018 6018
6018 6018
6018 6018
6018 6018
6019 6019
6019 6019
6019 6019
6019 6019
6020 6020
6020 6020
6020 6020
6020 6020
6021 6021
6021 6021
6021 6021
6021 6021
6022 6022
6022 6022
6022 6022
6022 6022
6023 6023
6023 6023
6023 6023
6023 6023
6024 6024
6024 6024
6024 6024
6024 6024
6025 6025
6025 6025
6025 6025
6025 6025
6026 6026
6026 6026
6026 6026
6026 6026
6027 6027
6027 6027
6027 6027
6027 6027
6028 6028
6028 6028
6028 6028
6028 6028
6029 6029
6029 6029
6029 6029
6029 6029
1685 6030
1684 6030
1683 6030
6030 6030
6030 6030
6030 1683
6030 1684
6030 1685
6030 6030
6030 6030
6031 6031
6031 6031
6031 6031
6031 6031
6032 6032
6032 6032
6032 6032
6032 6032
6033 6033
6033 6033
6033 6033
6033 6033
6034 6034
6034 6034
6034 6034
6034 6034
6035 6035
6035 6035
6035 6035
6035 6035
6036 6036
6036 6036
6036 6036
6036 6036
6037 6037
6037 6037
6037 6037
6037 6037
6038 6038
6038 6038
6038 6038
6038 6038
6039 6039
6039 6039
6039 6039
6039 6039
6040 6040
6040 6040
6040 6040
6040 6040
6041 6041
6041 6041
6041 6041
6041 6041
6042 6042
6042 6042
6042 6042
6042 6042
6043 6043
6043 6043
6043 6043
6043 6043
6044 6044
6044 6044
6044 6044
6044 6044
6045 6045
6045 6045
6045 6045
6045 6045
6046 6046
6046 6046
6046 6046
6046 6046
6047 6047
6047 6047
6047 6047
6047 6047
6048 6048
6048 6048
6048 6048
6048 6048
1694 6049
1693 6049
1691 6049
1690 6049
3786 6049
1689 6049
1692 6049
1687 6049
5161 6049
1686 6049
720 6049
4093 6049
1688 6049
6049 6049
6049 6049
6049 1686
6049 1687
6049 1688
6049 1689
6049 1690
6049 1691
6049 1692
6049 1693
6049 1694
6049 720
6049 3786
6049 4093
6049 5161
6049 6049
6049 6049
6050 6050
6050 6050
6050 6050
6050 6050
6051 6051
6051 6051
6051 6051
6051 6051
6052 6052
6052 6052
6052 6052
6052 6052
6053 6053
6053 6053
6053 6053
6053 6053
6054 6054
6054 6054
6054 6054
6054 6054
6055 6055
6055 6055
6055 6055
6055 6055
6056 6056
6056 6056
6056 6056
6056 6056
6057 6057
6057 6057
6057 6057
6057 6057
6058 6058
6058 6058
6058 6058
6058 6058
6059 6059
6059 6059
6059 6059
6059 6059
6060 6060
6060 6060
6060 6060
6060 6060
6061 6061
6061 6061
6061 6061
6061 6061
6062 6062
6062 6062
6062 6062
6062 6062
1489 6063
6063 6063
6063 6063
6063 1489
6063 6063
6063 6063
1489 6064
6064 6064
6064 6064
6064 1489
6064 6064
6064 6064
6065 6065
6065 6065
6065 6065
6065 6065
6066 6066
6066 6066
6066 6066
6066 6066
6067 6067
6067 6067
6067 6067
6067 6067
6068 6068
6068 6068
6068 6068
6068 6068
6069 6069
6069 6069
6069 6069
6069 6069
6070 6070
6070 6070
6070 6070
6070 6070
6071 6071
6071 6071
6071 6071
6071 6071
4341 6072
3639 6072
1695 6072
6072 6072
6072 6072
6072 1695
6072 3639
6072 4341
6072 6072
6072 6072
598 6073
6073 6073
6073 6073
6073 598
6073 6073
6073 6073
6074 6074
6074 6074
6074 6074
6074 6074
598 6075
6075 6075
6075 6075
6075 598
6075 6075
6075 6075
6076 6076
6076 6076
6076 6076
6076 6076
6077 6077
6077 6077
6077 6077
6077 6077
6078 6078
6078 6078
6078 6078
6078 6078
6079 6079
6079 6079
6079 6079
6079 6079
6080 6080
6080 6080
6080 6080
6080 6080
6081 6081
6081 6081
6081 6081
6081 6081
6082 6082
6082 6082
6082 6082
6082 6082
6083 6083
6083 6083
6083 6083
6083 6083
6084 6084
6084 6084
6084 6084
6084 6084
6085 6085
6085 6085
6085 6085
6085 6085
6086 6086
6086 6086
6086 6086
6086 6086
6087 6087
6087 6087
6087 6087
6087 6087
6088 6088
6088 6088
6088 6088
6088 6088
6089 6089
6089 6089
6089 6089
6089 6089
6090 6090
6090 6090
6090 6090
6090 6090
1698 6091
6091 6091
6091 6091
6091 1698
6091 6091
6091 6091
1608 6092
6092 6092
6092 6092
6092 1608
6092 6092
6092 6092
1608 6093
6093 6093
6093 6093
6093 1608
6093 6093
6093 6093
6094 6094
6094 6094
6094 6094
6094 6094
6095 6095
6095 6095
6095 6095
6095 6095
6096 6096
6096 6096
6096 6096
6096 6096
6097 6097
6097 6097
6097 6097
6097 6097
6098 6098
6098 6098
6098 6098
6098 6098
6099 6099
6099 6099
6099 6099
6099 6099
6100 6100
6100 6100
6100 6100
6100 6100
6101 6101
6101 6101
6101 6101
6101 6101
3773 6102
6102 6102
6102 6102
6102 3773
6102 6102
6102 6102
6103 6103
6103 6103
6103 6103
6103 6103
6104 6104
6104 6104
6104 6104
6104 6104
6105 6105
6105 6105
6105 6105
6105 6105
6106 6106
6106 6106
6106 6106
6106 6106
6107 6107
6107 6107
6107 6107
6107 6107
6108 6108
6108 6108
6108 6108
6108 6108
5882 6109
3924 6109
1699 6109
2279 6109
2949 6109
6109 6109
6109 6109
6109 1699
6109 2949
6109 2279
6109 3924
6109 5882
6109 6109
6109 6109
1219 6110
1169 6110
6110 6110
6110 6110
6110 1169
6110 1219
6110 6110
6110 6110
6111 6111
6111 6111
6111 6111
6111 6111
6112 6112
6112 6112
6112 6112
6112 6112
6113 6113
6113 6113
6113 6113
6113 6113
6114 6114
6114 6114
6114 6114
6114 6114
6115 6115
6115 6115
6115 6115
6115 6115
6116 6116
6116 6116
6116 6116
6116 6116
6117 6117
6117 6117
6117 6117
6117 6117
6118 6118
6118 6118
6118 6118
6118 6118
6119 6119
6119 6119
6119 6119
6119 6119
6120 6120
6120 6120
6120 6120
6120 6120
6121 6121
6121 6121
6121 6121
6121 6121
6122 6122
6122 6122
6122 6122
6122 6122
6123 6123
6123 6123
6123 6123
6123 6123
6124 6124
6124 6124
6124 6124
6124 6124
6125 6125
6125 6125
6125 6125
6125 6125
6126 6126
6126 6126
6126 6126
6126 6126
6127 6127
6127 6127
6127 6127
6127 6127
6128 6128
6128 6128
6128 6128
6128 6128
6129 6129
6129 6129
6129 6129
6129 6129
6130 6130
6130 6130
6130 6130
6130 6130
6131 6131
6131 6131
6131 6131
6131 6131
6132 6132
6132 6132
6132 6132
6132 6132
6133 6133
6133 6133
6133 6133
6133 6133
6134 6134
6134 6134
6134 6134
6134 6134
6135 6135
6135 6135
6135 6135
6135 6135
6136 6136
6136 6136
6136 6136
6136 6136
6137 6137
6137 6137
6137 6137
6137 6137
6138 6138
6138 6138
6138 6138
6138 6138
6139 6139
6139 6139
6139 6139
6139 6139
6140 6140
6140 6140
6140 6140
6140 6140
6141 6141
6141 6141
6141 6141
6141 6141
6142 6142
6142 6142
6142 6142
6142 6142
6143 6143
6143 6143
6143 6143
6143 6143
6144 6144
6144 6144
6144 6144
6144 6144
6145 6145
6145 6145
6145 6145
6145 6145
6146 6146
6146 6146
6146 6146
6146 6146
6147 6147
6147 6147
6147 6147
6147 6147
6148 6148
6148 6148
6148 6148
6148 6148
6149 6149
6149 6149
6149 6149
6149 6149
6150 6150
6150 6150
6150 6150
6150 6150
6151 6151
6151 6151
6151 6151
6151 6151
6152 6152
6152 6152
6152 6152
6152 6152
6153 6153
6153 6153
6153 6153
6153 6153
6154 6154
6154 6154
6154 6154
6154 6154
6155 6155
6155 6155
6155 6155
6155 6155
6156 6156
6156 6156
6156 6156
6156 6156
6157 6157
6157 6157
6157 6157
6157 6157
6158 6158
6158 6158
6158 6158
6158 6158
6159 6159
6159 6159
6159 6159
6159 6159
1701 6160
1700 6160
1702 6160
6160 6160
6160 6160
6160 1700
6160 1701
6160 1702
6160 6160
6160 6160
1705 6162
1704 6162
6161 6162
1706 6162
1703 6162
6162 6162
6162 6162
6162 1703
6162 1704
6162 1705
6162 1706
6162 6161
6162 6162
6162 6162
1705 6161
6162 6161
1707 6161
1704 6161
1706 6161
6161 6161
6161 6161
6161 1704
6161 1705
6161 1706
6161 1707
6161 6162
6161 6161
6161 6161
4292 6163
602 6163
4247 6163
2785 6163
6163 6163
6163 6163
6163 602
6163 2785
6163 4247
6163 4292
6163 6163
6163 6163
1004 6164
1236 6164
6164 6164
6164 6164
6164 1004
6164 1236
6164 6164
6164 6164
1004 6165
6165 6165
6165 6165
6165 1004
6165 6165
6165 6165
6166 6166
6166 6166
6166 6166
6166 6166
6167 6167
6167 6167
6167 6167
6167 6167
1004 6168
6168 6168
6168 6168
6168 1004
6168 6168
6168 6168
6169 6169
6169 6169
6169 6169
6169 6169
6170 6170
6170 6170
6170 6170
6170 6170
6171 6171
6171 6171
6171 6171
6171 6171
6172 6172
6172 6172
6172 6172
6172 6172
6173 6173
6173 6173
6173 6173
6173 6173
6174 6174
6174 6174
6174 6174
6174 6174
6175 6175
6175 6175
6175 6175
6175 6175
6176 6176
6176 6176
6176 6176
6176 6176
1709 6177
1710 6177
603 6177
6177 6177
6177 6177
6177 603
6177 1709
6177 1710
6177 6177
6177 6177
1711 6178
1710 6178
6178 6178
6178 6178
6178 1711
6178 1710
6178 6178
6178 6178
605 6179
6179 6179
6179 6179
6179 605
6179 6179
6179 6179
6180 6180
6180 6180
6180 6180
6180 6180
6181 6181
6181 6181
6181 6181
6181 6181
6182 6182
6182 6182
6182 6182
6182 6182
6183 6183
6183 6183
6183 6183
6183 6183
6184 6184
6184 6184
6184 6184
6184 6184
6185 6185
6185 6185
6185 6185
6185 6185
6186 6186
6186 6186
6186 6186
6186 6186
6187 6187
6187 6187
6187 6187
6187 6187
6188 6188
6188 6188
6188 6188
6188 6188
6189 6189
6189 6189
6189 6189
6189 6189
6190 6191
1161 6191
6191 6191
6191 6191
6191 1161
6191 6190
6191 6191
6191 6191
1281 6192
6192 6192
6192 6192
6192 1281
6192 6192
6192 6192
6191 6190
6190 6190
6190 6190
6190 6191
6190 6190
6190 6190
6193 6193
6193 6193
6193 6193
6193 6193
6194 6194
6194 6194
6194 6194
6194 6194
6195 6195
6195 6195
6195 6195
6195 6195
6196 6196
6196 6196
6196 6196
6196 6196
6197 6197
6197 6197
6197 6197
6197 6197
1591 6198
1713 6198
6198 6198
6198 6198
6198 1713
6198 1591
6198 6198
6198 6198
6199 6199
6199 6199
6199 6199
6199 6199
6200 6200
6200 6200
6200 6200
6200 6200
6201 6201
6201 6201
6201 6201
6201 6201
6202 6202
6202 6202
6202 6202
6202 6202
6203 6203
6203 6203
6203 6203
6203 6203
6204 6204
6204 6204
6204 6204
6204 6204
6205 6205
6205 6205
6205 6205
6205 6205
6206 6206
6206 6206
6206 6206
6206 6206
6207 6207
6207 6207
6207 6207
6207 6207
6208 6208
6208 6208
6208 6208
6208 6208
6209 6209
6209 6209
6209 6209
6209 6209
6210 6210
6210 6210
6210 6210
6210 6210
6211 6211
6211 6211
6211 6211
6211 6211
6212 6212
6212 6212
6212 6212
6212 6212
1714 6213
1712 6213
607 6213
6213 6213
6213 6213
6213 1712
6213 607
6213 1714
6213 6213
6213 6213
6214 6214
6214 6214
6214 6214
6214 6214
6215 6215
6215 6215
6215 6215
6215 6215
6216 6216
6216 6216
6216 6216
6216 6216
6217 6217
6217 6217
6217 6217
6217 6217
6218 6218
6218 6218
6218 6218
6218 6218
6219 6219
6219 6219
6219 6219
6219 6219
6220 6220
6220 6220
6220 6220
6220 6220
6221 6221
6221 6221
6221 6221
6221 6221
6222 6222
6222 6222
6222 6222
6222 6222
6223 6223
6223 6223
6223 6223
6223 6223
6224 6224
6224 6224
6224 6224
6224 6224
6225 6225
6225 6225
6225 6225
6225 6225
6226 6226
6226 6226
6226 6226
6226 6226
1715 6227
2377 6227
1716 6227
1717 6227
6227 6227
6227 6227
6227 1715
6227 1716
6227 1717
6227 2377
6227 6227
6227 6227
6228 6228
6228 6228
6228 6228
6228 6228
6229 6229
6229 6229
6229 6229
6229 6229
6230 6230
6230 6230
6230 6230
6230 6230
6231 6231
6231 6231
6231 6231
6231 6231
6232 6232
6232 6232
6232 6232
6232 6232
6233 6233
6233 6233
6233 6233
6233 6233
6234 6234
6234 6234
6234 6234
6234 6234
6235 6235
6235 6235
6235 6235
6235 6235
6236 6236
6236 6236
6236 6236
6236 6236
1070 6237
6237 6237
6237 6237
6237 1070
6237 6237
6237 6237
6238 6238
6238 6238
6238 6238
6238 6238
6239 6239
6239 6239
6239 6239
6239 6239
6240 6240
6240 6240
6240 6240
6240 6240
6241 6241
6241 6241
6241 6241
6241 6241
6242 6242
6242 6242
6242 6242
6242 6242
6243 6243
6243 6243
6243 6243
6243 6243
6244 6244
6244 6244
6244 6244
6244 6244
6245 6245
6245 6245
6245 6245
6245 6245
6246 6246
6246 6246
6246 6246
6246 6246
6247 6247
6247 6247
6247 6247
6247 6247
6248 6248
6248 6248
6248 6248
6248 6248
6249 6249
6249 6249
6249 6249
6249 6249
3469 6250
3494 6250
3495 6250
6250 6250
6250 6250
6250 3469
6250 3495
6250 3494
6250 6250
6250 6250
1718 6251
3818 6251
6251 6251
6251 6251
6251 1718
6251 3818
6251 6251
6251 6251
6252 6252
6252 6252
6252 6252
6252 6252
6253 6253
6253 6253
6253 6253
6253 6253
6254 6254
6254 6254
6254 6254
6254 6254
6255 6255
6255 6255
6255 6255
6255 6255
6256 6256
6256 6256
6256 6256
6256 6256
6257 6257
6257 6257
6257 6257
6257 6257
6258 6258
6258 6258
6258 6258
6258 6258
6259 6259
6259 6259
6259 6259
6259 6259
4339 6260
4340 6260
1719 6260
6260 6260
6260 6260
6260 1719
6260 4339
6260 4340
6260 6260
6260 6260
6261 6261
6261 6261
6261 6261
6261 6261
608 6262
1720 6262
6262 6262
6262 6262
6262 608
6262 1720
6262 6262
6262 6262
6263 6263
6263 6263
6263 6263
6263 6263
6264 6264
6264 6264
6264 6264
6264 6264
1728 6265
1727 6265
1665 6265
1724 6265
1725 6265
1243 6265
1721 6265
1722 6265
1723 6265
1726 6265
6265 6265
6265 6265
6265 1243
6265 1721
6265 1722
6265 1723
6265 1724
6265 1725
6265 1726
6265 1727
6265 1728
6265 1665
6265 6265
6265 6265
4427 6266
4422 6266
4421 6266
2087 6266
1729 6266
1559 6266
6266 6266
6266 6266
6266 1729
6266 4421
6266 4422
6266 2087
6266 1559
6266 4427
6266 6266
6266 6266
6267 6268
1730 6268
1731 6268
6268 6268
6268 6268
6268 1730
6268 1731
6268 6267
6268 6268
6268 6268
6268 6267
6267 6267
6267 6267
6267 6268
6267 6267
6267 6267
6269 6269
6269 6269
6269 6269
6269 6269
6270 6270
6270 6270
6270 6270
6270 6270
609 6271
6271 6271
6271 6271
6271 609
6271 6271
6271 6271
6272 6272
6272 6272
6272 6272
6272 6272
6273 6273
6273 6273
6273 6273
6273 6273
6274 6274
6274 6274
6274 6274
6274 6274
6275 6275
6275 6275
6275 6275
6275 6275
6276 6276
6276 6276
6276 6276
6276 6276
6277 6277
6277 6277
6277 6277
6277 6277
6278 6278
6278 6278
6278 6278
6278 6278
6279 6279
6279 6279
6279 6279
6279 6279
6280 6280
6280 6280
6280 6280
6280 6280
6281 6281
6281 6281
6281 6281
6281 6281
6282 6282
6282 6282
6282 6282
6282 6282
6283 6283
6283 6283
6283 6283
6283 6283
6284 6284
6284 6284
6284 6284
6284 6284
6285 6285
6285 6285
6285 6285
6285 6285
6286 6286
6286 6286
6286 6286
6286 6286
6287 6287
6287 6287
6287 6287
6287 6287
6288 6288
6288 6288
6288 6288
6288 6288
6289 6289
6289 6289
6289 6289
6289 6289
6290 6290
6290 6290
6290 6290
6290 6290
6291 6291
6291 6291
6291 6291
6291 6291
6292 6292
6292 6292
6292 6292
6292 6292
6293 6293
6293 6293
6293 6293
6293 6293
6294 6294
6294 6294
6294 6294
6294 6294
6295 6295
6295 6295
6295 6295
6295 6295
6296 6296
6296 6296
6296 6296
6296 6296
1111 6297
6297 6297
6297 6297
6297 1111
6297 6297
6297 6297
1111 6298
6298 6298
6298 6298
6298 1111
6298 6298
6298 6298
6299 6299
6299 6299
6299 6299
6299 6299
6300 6300
6300 6300
6300 6300
6300 6300
6301 6301
6301 6301
6301 6301
6301 6301
6302 6302
6302 6302
6302 6302
6302 6302
6303 6303
6303 6303
6303 6303
6303 6303
6304 6304
6304 6304
6304 6304
6304 6304
6305 6305
6305 6305
6305 6305
6305 6305
6306 6306
6306 6306
6306 6306
6306 6306
6307 6307
6307 6307
6307 6307
6307 6307
6308 6308
6308 6308
6308 6308
6308 6308
6309 6309
6309 6309
6309 6309
6309 6309
6310 6310
6310 6310
6310 6310
6310 6310
6311 6311
6311 6311
6311 6311
6311 6311
6312 6312
6312 6312
6312 6312
6312 6312
6313 6313
6313 6313
6313 6313
6313 6313
6314 6314
6314 6314
6314 6314
6314 6314
6315 6315
6315 6315
6315 6315
6315 6315
6316 6316
6316 6316
6316 6316
6316 6316
6317 6317
6317 6317
6317 6317
6317 6317
6318 6318
6318 6318
6318 6318
6318 6318
6319 6319
6319 6319
6319 6319
6319 6319
6320 6320
6320 6320
6320 6320
6320 6320
6321 6321
6321 6321
6321 6321
6321 6321
6322 6322
6322 6322
6322 6322
6322 6322
6323 6323
6323 6323
6323 6323
6323 6323
6324 6324
6324 6324
6324 6324
6324 6324
6325 6325
6325 6325
6325 6325
6325 6325
1733 6326
4318 6326
2367 6326
1945 6326
1732 6326
1738 6326
1737 6326
1736 6326
1735 6326
1734 6326
6326 6326
6326 6326
6326 1732
6326 1733
6326 1734
6326 1735
6326 1736
6326 1737
6326 1738
6326 1945
6326 2367
6326 4318
6326 6326
6326 6326
6327 6327
6327 6327
6327 6327
6327 6327
6328 6328
6328 6328
6328 6328
6328 6328
6329 6329
6329 6329
6329 6329
6329 6329
6330 6330
6330 6330
6330 6330
6330 6330
6331 6331
6331 6331
6331 6331
6331 6331
612 6332
6332 6332
6332 6332
6332 612
6332 6332
6332 6332
6333 6333
6333 6333
6333 6333
6333 6333
6334 6334
6334 6334
6334 6334
6334 6334
6335 6335
6335 6335
6335 6335
6335 6335
6336 6336
6336 6336
6336 6336
6336 6336
624 6337
617 6337
6337 6337
6337 6337
6337 617
6337 624
6337 6337
6337 6337
6338 6338
6338 6338
6338 6338
6338 6338
6339 6339
6339 6339
6339 6339
6339 6339
6340 6340
6340 6340
6340 6340
6340 6340
6341 6341
6341 6341
6341 6341
6341 6341
6342 6342
6342 6342
6342 6342
6342 6342
6343 6343
6343 6343
6343 6343
6343 6343
6344 6344
6344 6344
6344 6344
6344 6344
6345 6345
6345 6345
6345 6345
6345 6345
6346 6346
6346 6346
6346 6346
6346 6346
6347 6347
6347 6347
6347 6347
6347 6347
6348 6348
6348 6348
6348 6348
6348 6348
6349 6349
6349 6349
6349 6349
6349 6349
6350 6350
6350 6350
6350 6350
6350 6350
6351 6351
6351 6351
6351 6351
6351 6351
6352 6352
6352 6352
6352 6352
6352 6352
6353 6353
6353 6353
6353 6353
6353 6353
6354 6354
6354 6354
6354 6354
6354 6354
6355 6355
6355 6355
6355 6355
6355 6355
6356 6356
6356 6356
6356 6356
6356 6356
6357 6357
6357 6357
6357 6357
6357 6357
6358 6358
6358 6358
6358 6358
6358 6358
6359 6359
6359 6359
6359 6359
6359 6359
687 6360
6360 6360
6360 6360
6360 687
6360 6360
6360 6360
6361 6361
6361 6361
6361 6361
6361 6361
6362 6362
6362 6362
6362 6362
6362 6362
6363 6363
6363 6363
6363 6363
6363 6363
6364 6364
6364 6364
6364 6364
6364 6364
6365 6365
6365 6365
6365 6365
6365 6365
6366 6366
6366 6366
6366 6366
6366 6366
6367 6367
6367 6367
6367 6367
6367 6367
6368 6368
6368 6368
6368 6368
6368 6368
6369 6369
6369 6369
6369 6369
6369 6369
6370 6370
6370 6370
6370 6370
6370 6370
6371 6371
6371 6371
6371 6371
6371 6371
6372 6372
6372 6372
6372 6372
6372 6372
6373 6373
6373 6373
6373 6373
6373 6373
6374 6374
6374 6374
6374 6374
6374 6374
6375 6375
6375 6375
6375 6375
6375 6375
