6874 6875
3026 6875
1962 6875
6875 6875
6875 6875
6875 1962
6875 3026
6875 6874
6875 6875
6875 6875
6876 6876
6876 6876
6876 6876
6876 6876
6877 6877
6877 6877
6877 6877
6877 6877
6878 6878
6878 6878
6878 6878
6878 6878
6879 6879
6879 6879
6879 6879
6879 6879
6880 6880
6880 6880
6880 6880
6880 6880
1963 6881
6076 6881
6077 6881
6074 6881
1964 6881
6881 6881
6881 6881
6881 1963
6881 1964
6881 6074
6881 6076
6881 6077
6881 6881
6881 6881
6858 6882
6882 6882
6882 6882
6882 6858
6882 6882
6882 6882
6883 6883
6883 6883
6883 6883
6883 6883
6884 6884
6884 6884
6884 6884
6884 6884
6885 6885
6885 6885
6885 6885
6885 6885
6886 6886
6886 6886
6886 6886
6886 6886
6887 6887
6887 6887
6887 6887
6887 6887
6888 6888
6888 6888
6888 6888
6888 6888
6889 6889
6889 6889
6889 6889
6889 6889
6890 6890
6890 6890
6890 6890
6890 6890
778 6891
6891 6891
6891 6891
6891 778
6891 6891
6891 6891
6892 6892
6892 6892
6892 6892
6892 6892
6893 6893
6893 6893
6893 6893
6893 6893
6894 6894
6894 6894
6894 6894
6894 6894
6895 6895
6895 6895
6895 6895
6895 6895
6896 6896
6896 6896
6896 6896
6896 6896
6897 6897
6897 6897
6897 6897
6897 6897
6898 6898
6898 6898
6898 6898
6898 6898
6899 6899
6899 6899
6899 6899
6899 6899
6900 6900
6900 6900
6900 6900
6900 6900
6901 6901
6901 6901
6901 6901
6901 6901
6902 6902
6902 6902
6902 6902
6902 6902
6903 6903
6903 6903
6903 6903
6903 6903
1423 6904
6904 6904
6904 6904
6904 1423
6904 6904
6904 6904
1386 6905
6905 6905
6905 6905
6905 1386
6905 6905
6905 6905
1386 6906
6906 6906
6906 6906
6906 1386
6906 6906
6906 6906
1423 6907
6907 6907
6907 6907
6907 1423
6907 6907
6907 6907
6908 6908
6908 6908
6908 6908
6908 6908
6909 6909
6909 6909
6909 6909
6909 6909
6910 6910
6910 6910
6910 6910
6910 6910
6911 6911
6911 6911
6911 6911
6911 6911
6912 6912
6912 6912
6912 6912
6912 6912
6913 6913
6913 6913
6913 6913
6913 6913
6914 6914
6914 6914
6914 6914
6914 6914
6915 6915
6915 6915
6915 6915
6915 6915
6916 6916
6916 6916
6916 6916
6916 6916
6917 6917
6917 6917
6917 6917
6917 6917
6918 6918
6918 6918
6918 6918
6918 6918
6919 6919
6919 6919
6919 6919
6919 6919
1966 6923
1965 6923
1968 6923
1969 6923
6920 6923
1970 6923
1971 6923
6380 6923
6921 6923
1967 6923
6922 6923
1972 6923
1973 6923
6433 6923
921 6923
5847 6923
1978 6923
1977 6923
4768 6923
1975 6923
1974 6923
1976 6923
6923 6923
6923 6923
6923 1965
6923 1966
6923 1967
6923 1968
6923 1969
6923 1970
6923 1971
6923 1972
6923 1973
6923 1974
6923 1975
6923 1976
6923 1977
6923 1978
6923 921
6923 4768
6923 5847
6923 6380
6923 6433
6923 6922
6923 6920
6923 6921
6923 6923
6923 6923
1983 6922
1982 6922
6924 6922
6433 6922
6923 6922
1981 6922
1980 6922
1979 6922
1978 6922
6434 6922
6752 6922
1977 6922
1984 6922
6922 6922
6922 6922
6922 1977
6922 1978
6922 1979
6922 1980
6922 1981
6922 1982
6922 1983
6922 1984
6922 6433
6922 6434
6922 6752
6922 6923
6922 6924
6922 6922
6922 6922
6922 6924
6924 6924
6924 6924
6924 6922
6924 6924
6924 6924
6923 6920
6920 6920
6920 6920
6920 6923
6920 6920
6920 6920
6923 6921
6921 6921
6921 6921
6921 6923
6921 6921
6921 6921
6925 6925
6925 6925
6925 6925
6925 6925
6926 6926
6926 6926
6926 6926
6926 6926
6927 6927
6927 6927
6927 6927
6927 6927
6928 6929
1987 6929
1985 6929
1986 6929
6929 6929
6929 6929
6929 1985
6929 1986
6929 1987
6929 6928
6929 6929
6929 6929
672 6930
6930 6930
6930 6930
6930 672
6930 6930
6930 6930
6931 6931
6931 6931
6931 6931
6931 6931
6932 6932
6932 6932
6932 6932
6932 6932
6933 6933
6933 6933
6933 6933
6933 6933
6934 6934
6934 6934
6934 6934
6934 6934
6935 6935
6935 6935
6935 6935
6935 6935
6936 6936
6936 6936
6936 6936
6936 6936
6937 6937
6937 6937
6937 6937
6937 6937
6938 6938
6938 6938
6938 6938
6938 6938
6929 6928
672 6928
6928 6928
6928 6928
6928 672
6928 6929
6928 6928
6928 6928
6939 6939
6939 6939
6939 6939
6939 6939
787 6940
6940 6940
6940 6940
6940 787
6940 6940
6940 6940
672 6941
6941 6941
6941 6941
6941 672
6941 6941
6941 6941
6942 6942
6942 6942
6942 6942
6942 6942
6943 6943
6943 6943
6943 6943
6943 6943
6944 6944
6944 6944
6944 6944
6944 6944
6945 6945
6945 6945
6945 6945
6945 6945
6946 6946
6946 6946
6946 6946
6946 6946
6947 6947
6947 6947
6947 6947
6947 6947
6948 6948
6948 6948
6948 6948
6948 6948
6949 6949
6949 6949
6949 6949
6949 6949
6950 6950
6950 6950
6950 6950
6950 6950
6951 6951
6951 6951
6951 6951
6951 6951
6952 6952
6952 6952
6952 6952
6952 6952
6953 6953
6953 6953
6953 6953
6953 6953
6954 6954
6954 6954
6954 6954
6954 6954
6955 6955
6955 6955
6955 6955
6955 6955
6956 6956
6956 6956
6956 6956
6956 6956
6957 6957
6957 6957
6957 6957
6957 6957
6958 6958
6958 6958
6958 6958
6958 6958
818 6959
6959 6959
6959 6959
6959 818
6959 6959
6959 6959
818 6960
6960 6960
6960 6960
6960 818
6960 6960
6960 6960
6961 6961
6961 6961
6961 6961
6961 6961
6962 6962
6962 6962
6962 6962
6962 6962
6963 6963
6963 6963
6963 6963
6963 6963
6964 6964
6964 6964
6964 6964
6964 6964
6965 6965
6965 6965
6965 6965
6965 6965
6966 6966
6966 6966
6966 6966
6966 6966
6967 6967
6967 6967
6967 6967
6967 6967
816 6968
6968 6968
6968 6968
6968 816
6968 6968
6968 6968
6969 6969
6969 6969
6969 6969
6969 6969
6970 6970
6970 6970
6970 6970
6970 6970
6971 6971
6971 6971
6971 6971
6971 6971
6972 6972
6972 6972
6972 6972
6972 6972
6973 6973
6973 6973
6973 6973
6973 6973
6974 6974
6974 6974
6974 6974
6974 6974
6975 6975
6975 6975
6975 6975
6975 6975
6976 6976
6976 6976
6976 6976
6976 6976
6977 6977
6977 6977
6977 6977
6977 6977
6978 6978
6978 6978
6978 6978
6978 6978
6979 6979
6979 6979
6979 6979
6979 6979
6980 6980
6980 6980
6980 6980
6980 6980
6981 6981
6981 6981
6981 6981
6981 6981
6982 6982
6982 6982
6982 6982
6982 6982
6983 6983
6983 6983
6983 6983
6983 6983
1988 6984
4576 6984
6984 6984
6984 6984
6984 1988
6984 4576
6984 6984
6984 6984
6985 6985
6985 6985
6985 6985
6985 6985
6986 6986
6986 6986
6986 6986
6986 6986
6529 6987
6987 6987
6987 6987
6987 6529
6987 6987
6987 6987
680 6988
6988 6988
6988 6988
6988 680
6988 6988
6988 6988
6989 6989
6989 6989
6989 6989
6989 6989
6990 6990
6990 6990
6990 6990
6990 6990
6991 6991
6991 6991
6991 6991
6991 6991
816 6992
6992 6992
6992 6992
6992 816
6992 6992
6992 6992
6993 6993
6993 6993
6993 6993
6993 6993
6994 6994
6994 6994
6994 6994
6994 6994
6995 6995
6995 6995
6995 6995
6995 6995
6996 6996
6996 6996
6996 6996
6996 6996
6997 6997
6997 6997
6997 6997
6997 6997
6998 6998
6998 6998
6998 6998
6998 6998
6999 6999
6999 6999
6999 6999
6999 6999
7000 7000
7000 7000
7000 7000
7000 7000
7001 7001
7001 7001
7001 7001
7001 7001
7002 7002
7002 7002
7002 7002
7002 7002
7003 7003
7003 7003
7003 7003
7003 7003
7004 7004
7004 7004
7004 7004
7004 7004
7005 7005
7005 7005
7005 7005
7005 7005
7006 7006
7006 7006
7006 7006
7006 7006
7007 7007
7007 7007
7007 7007
7007 7007
7008 7008
7008 7008
7008 7008
7008 7008
682 7009
7009 7009
7009 7009
7009 682
7009 7009
7009 7009
7010 7010
7010 7010
7010 7010
7010 7010
7011 7011
7011 7011
7011 7011
7011 7011
7012 7012
7012 7012
7012 7012
7012 7012
7013 7013
7013 7013
7013 7013
7013 7013
7014 7014
7014 7014
7014 7014
7014 7014
7015 7015
7015 7015
7015 7015
7015 7015
7016 7016
7016 7016
7016 7016
7016 7016
7017 7017
7017 7017
7017 7017
7017 7017
7018 7018
7018 7018
7018 7018
7018 7018
7019 7019
7019 7019
7019 7019
7019 7019
7020 7020
7020 7020
7020 7020
7020 7020
7021 7021
7021 7021
7021 7021
7021 7021
7022 7022
7022 7022
7022 7022
7022 7022
7023 7023
7023 7023
7023 7023
7023 7023
7024 7024
7024 7024
7024 7024
7024 7024
1004 7025
6462 7025
6459 7025
1190 7025
7025 7025
7025 7025
7025 1004
7025 1190
7025 6462
7025 6459
7025 7025
7025 7025
6459 7026
5972 7026
6464 7026
7026 7026
7026 7026
7026 5972
7026 6459
7026 6464
7026 7026
7026 7026
994 7027
1660 7027
7027 7027
7027 7027
7027 994
7027 1660
7027 7027
7027 7027
7028 7028
7028 7028
7028 7028
7028 7028
7029 7029
7029 7029
7029 7029
7029 7029
7030 7030
7030 7030
7030 7030
7030 7030
7031 7031
7031 7031
7031 7031
7031 7031
7032 7032
7032 7032
7032 7032
7032 7032
7033 7033
7033 7033
7033 7033
7033 7033
7034 7034
7034 7034
7034 7034
7034 7034
7035 7035
7035 7035
7035 7035
7035 7035
7036 7036
7036 7036
7036 7036
7036 7036
7037 7037
7037 7037
7037 7037
7037 7037
7038 7038
7038 7038
7038 7038
7038 7038
7039 7039
7039 7039
7039 7039
7039 7039
7040 7040
7040 7040
7040 7040
7040 7040
7041 7041
7041 7041
7041 7041
7041 7041
7042 7042
7042 7042
7042 7042
7042 7042
1990 7043
7043 7043
7043 7043
7043 1990
7043 7043
7043 7043
687 7044
7044 7044
7044 7044
7044 687
7044 7044
7044 7044
7045 7045
7045 7045
7045 7045
7045 7045
7046 7046
7046 7046
7046 7046
7046 7046
1991 7047
7047 7047
7047 7047
7047 1991
7047 7047
7047 7047
7048 7048
7048 7048
7048 7048
7048 7048
1038 7049
7049 7049
7049 7049
7049 1038
7049 7049
7049 7049
7050 7050
7050 7050
7050 7050
7050 7050
7051 7051
7051 7051
7051 7051
7051 7051
7052 7052
7052 7052
7052 7052
7052 7052
7053 7053
7053 7053
7053 7053
7053 7053
7054 7054
7054 7054
7054 7054
7054 7054
7055 7055
7055 7055
7055 7055
7055 7055
7056 7056
7056 7056
7056 7056
7056 7056
7057 7057
7057 7057
7057 7057
7057 7057
6834 7058
7058 7058
7058 7058
7058 6834
7058 7058
7058 7058
7059 7059
7059 7059
7059 7059
7059 7059
7060 7060
7060 7060
7060 7060
7060 7060
7061 7061
7061 7061
7061 7061
7061 7061
7062 7063
7063 7063
7063 7063
7063 7062
7063 7063
7063 7063
6693 7064
7064 7064
7064 7064
7064 6693
7064 7064
7064 7064
7065 7065
7065 7065
7065 7065
7065 7065
7066 7066
7066 7066
7066 7066
7066 7066
7067 7067
7067 7067
7067 7067
7067 7067
7068 7068
7068 7068
7068 7068
7068 7068
7069 7069
7069 7069
7069 7069
7069 7069
7070 7070
7070 7070
7070 7070
7070 7070
7071 7071
7071 7071
7071 7071
7071 7071
7072 7072
7072 7072
7072 7072
7072 7072
7073 7073
7073 7073
7073 7073
7073 7073
1578 7074
7074 7074
7074 7074
7074 1578
7074 7074
7074 7074
7075 7075
7075 7075
7075 7075
7075 7075
702 7076
698 7076
703 7076
7076 7076
7076 7076
7076 698
7076 702
7076 703
7076 7076
7076 7076
7077 7077
7077 7077
7077 7077
7077 7077
7078 7078
7078 7078
7078 7078
7078 7078
7079 7079
7079 7079
7079 7079
7079 7079
7080 7080
7080 7080
7080 7080
7080 7080
7081 7081
7081 7081
7081 7081
7081 7081
7082 7082
7082 7082
7082 7082
7082 7082
7083 7083
7083 7083
7083 7083
7083 7083
7084 7084
7084 7084
7084 7084
7084 7084
7085 7085
7085 7085
7085 7085
7085 7085
7086 7086
7086 7086
7086 7086
7086 7086
7087 7087
7087 7087
7087 7087
7087 7087
704 7088
7088 7088
7088 7088
7088 704
7088 7088
7088 7088
7089 7089
7089 7089
7089 7089
7089 7089
7090 7090
7090 7090
7090 7090
7090 7090
7091 7091
7091 7091
7091 7091
7091 7091
7092 7092
7092 7092
7092 7092
7092 7092
7093 7093
7093 7093
7093 7093
7093 7093
7094 7094
7094 7094
7094 7094
7094 7094
7095 7095
7095 7095
7095 7095
7095 7095
6693 7096
7096 7096
7096 7096
7096 6693
7096 7096
7096 7096
7097 7097
7097 7097
7097 7097
7097 7097
7098 7098
7098 7098
7098 7098
7098 7098
7099 7099
7099 7099
7099 7099
7099 7099
706 7100
7100 7100
7100 7100
7100 706
7100 7100
7100 7100
7101 7101
7101 7101
7101 7101
7101 7101
7102 7102
7102 7102
7102 7102
7102 7102
7103 7103
7103 7103
7103 7103
7103 7103
7104 7104
7104 7104
7104 7104
7104 7104
7105 7105
7105 7105
7105 7105
7105 7105
7106 7106
7106 7106
7106 7106
7106 7106
7107 7107
7107 7107
7107 7107
7107 7107
7108 7108
7108 7108
7108 7108
7108 7108
7109 7109
7109 7109
7109 7109
7109 7109
7110 7110
7110 7110
7110 7110
7110 7110
7111 7111
7111 7111
7111 7111
7111 7111
7112 7112
7112 7112
7112 7112
7112 7112
7113 7113
7113 7113
7113 7113
7113 7113
7114 7114
7114 7114
7114 7114
7114 7114
7115 7115
7115 7115
7115 7115
7115 7115
1993 7116
1992 7116
1123 7116
7116 7116
7116 7116
7116 1123
7116 1992
7116 1993
7116 7116
7116 7116
2386 7117
1994 7117
708 7117
7117 7117
7117 7117
7117 708
7117 1994
7117 2386
7117 7117
7117 7117
2747 7118
3501 7118
1995 7118
1996 7118
7118 7118
7118 7118
7118 1995
7118 1996
7118 2747
7118 3501
7118 7118
7118 7118
2000 7062
3477 7062
7063 7062
1999 7062
1997 7062
1998 7062
2002 7062
2001 7062
7062 7062
7062 7062
7062 1997
7062 1998
7062 1999
7062 2000
7062 2001
7062 2002
7062 3477
7062 7063
7062 7062
7062 7062
5761 7119
2004 7119
6333 7119
2006 7119
2003 7119
2005 7119
2393 7119
6301 7119
7119 7119
7119 7119
7119 2003
7119 2004
7119 2005
7119 2006
7119 2393
7119 5761
7119 6301
7119 6333
7119 7119
7119 7119
5761 7120
5717 7120
6301 7120
2007 7120
2004 7120
2005 7120
2006 7120
7120 7120
7120 7120
7120 2004
7120 2005
7120 2006
7120 2007
7120 5717
7120 5761
7120 6301
7120 7120
7120 7120
5452 7121
2010 7121
2512 7121
6301 7121
2008 7121
5447 7121
2009 7121
1619 7121
7121 7121
7121 7121
7121 2008
7121 2009
7121 2010
7121 2512
7121 1619
7121 5447
7121 5452
7121 6301
7121 7121
7121 7121
7122 7122
7122 7122
7122 7122
7122 7122
7123 7123
7123 7123
7123 7123
7123 7123
7124 7124
7124 7124
7124 7124
7124 7124
7125 7125
7125 7125
7125 7125
7125 7125
7126 7126
7126 7126
7126 7126
7126 7126
7127 7127
7127 7127
7127 7127
7127 7127
7128 7128
7128 7128
7128 7128
7128 7128
7129 7129
7129 7129
7129 7129
7129 7129
7130 7130
7130 7130
7130 7130
7130 7130
7131 7131
7131 7131
7131 7131
7131 7131
1111 7132
7132 7132
7132 7132
7132 1111
7132 7132
7132 7132
7133 7133
7133 7133
7133 7133
7133 7133
7134 7134
7134 7134
7134 7134
7134 7134
7135 7135
7135 7135
7135 7135
7135 7135
6516 7136
7136 7136
7136 7136
7136 6516
7136 7136
7136 7136
7137 7137
7137 7137
7137 7137
7137 7137
7138 7138
7138 7138
7138 7138
7138 7138
7139 7139
7139 7139
7139 7139
7139 7139
7140 7140
7140 7140
7140 7140
7140 7140
7141 7141
7141 7141
7141 7141
7141 7141
7142 7142
7142 7142
7142 7142
7142 7142
7143 7143
7143 7143
7143 7143
7143 7143
7144 7144
7144 7144
7144 7144
7144 7144
7145 7145
7145 7145
7145 7145
7145 7145
7146 7146
7146 7146
7146 7146
7146 7146
7147 7147
7147 7147
7147 7147
7147 7147
7148 7148
7148 7148
7148 7148
7148 7148
6496 7150
6468 7150
6490 7150
6479 7150
6464 7150
2011 7150
6486 7150
7149 7150
6491 7150
6478 7150
6326 7150
6859 7150
7150 7150
7150 7150
7150 2011
7150 6326
7150 6468
7150 6479
7150 6486
7150 6464
7150 6478
7150 6490
7150 6491
7150 6496
7150 6859
7150 7149
7150 7150
7150 7150
7150 7149
6859 7149
7149 7149
7149 7149
7149 6859
7149 7150
7149 7149
7149 7149
7151 7151
7151 7151
7151 7151
7151 7151
7152 7152
7152 7152
7152 7152
7152 7152
7153 7154
7154 7154
7154 7154
7154 7153
7154 7154
7154 7154
7154 7153
7153 7153
7153 7153
7153 7154
7153 7153
7153 7153
7155 7155
7155 7155
7155 7155
7155 7155
7156 7156
7156 7156
7156 7156
7156 7156
7157 7157
7157 7157
7157 7157
7157 7157
7158 7158
7158 7158
7158 7158
7158 7158
7159 7159
7159 7159
7159 7159
7159 7159
7160 7160
7160 7160
7160 7160
7160 7160
7161 7161
7161 7161
7161 7161
7161 7161
7162 7162
7162 7162
7162 7162
7162 7162
7163 7163
7163 7163
7163 7163
7163 7163
7164 7164
7164 7164
7164 7164
7164 7164
7165 7165
7165 7165
7165 7165
7165 7165
7166 7166
7166 7166
7166 7166
7166 7166
7167 7167
7167 7167
7167 7167
7167 7167
7168 7168
7168 7168
7168 7168
7168 7168
7169 7169
7169 7169
7169 7169
7169 7169
7170 7170
7170 7170
7170 7170
7170 7170
7171 7171
7171 7171
7171 7171
7171 7171
7172 7172
7172 7172
7172 7172
7172 7172
7173 7173
7173 7173
7173 7173
7173 7173
7174 7174
7174 7174
7174 7174
7174 7174
7175 7175
7175 7175
7175 7175
7175 7175
7176 7176
7176 7176
7176 7176
7176 7176
7177 7177
7177 7177
7177 7177
7177 7177
7178 7178
7178 7178
7178 7178
7178 7178
7179 7179
7179 7179
7179 7179
7179 7179
7180 7180
7180 7180
7180 7180
7180 7180
7181 7181
7181 7181
7181 7181
7181 7181
7182 7182
7182 7182
7182 7182
7182 7182
7183 7183
7183 7183
7183 7183
7183 7183
7184 7184
7184 7184
7184 7184
7184 7184
7185 7185
7185 7185
7185 7185
7185 7185
7186 7186
7186 7186
7186 7186
7186 7186
7187 7187
7187 7187
7187 7187
7187 7187
7188 7188
7188 7188
7188 7188
7188 7188
7189 7189
7189 7189
7189 7189
7189 7189
7190 7190
7190 7190
7190 7190
7190 7190
7191 7191
7191 7191
7191 7191
7191 7191
7192 7192
7192 7192
7192 7192
7192 7192
7193 7193
7193 7193
7193 7193
7193 7193
7194 7194
7194 7194
7194 7194
7194 7194
7195 7195
7195 7195
7195 7195
7195 7195
7196 7196
7196 7196
7196 7196
7196 7196
1412 7197
7197 7197
7197 7197
7197 1412
7197 7197
7197 7197
7198 7198
7198 7198
7198 7198
7198 7198
7199 7199
7199 7199
7199 7199
7199 7199
7200 7200
7200 7200
7200 7200
7200 7200
4494 7201
4022 7201
7201 7201
7201 7201
7201 4022
7201 4494
7201 7201
7201 7201
7202 7202
7202 7202
7202 7202
7202 7202
7203 7203
7203 7203
7203 7203
7203 7203
7204 7204
7204 7204
7204 7204
7204 7204
7205 7205
7205 7205
7205 7205
7205 7205
7206 7206
7206 7206
7206 7206
7206 7206
4022 7207
7207 7207
7207 7207
7207 4022
7207 7207
7207 7207
7208 7208
7208 7208
7208 7208
7208 7208
7209 7209
7209 7209
7209 7209
7209 7209
7210 7210
7210 7210
7210 7210
7210 7210
7211 7211
7211 7211
7211 7211
7211 7211
7212 7212
7212 7212
7212 7212
7212 7212
7213 7213
7213 7213
7213 7213
7213 7213
7214 7214
7214 7214
7214 7214
7214 7214
7215 7215
7215 7215
7215 7215
7215 7215
7216 7216
7216 7216
7216 7216
7216 7216
7217 7217
7217 7217
7217 7217
7217 7217
7218 7218
7218 7218
7218 7218
7218 7218
7219 7219
7219 7219
7219 7219
7219 7219
7220 7220
7220 7220
7220 7220
7220 7220
7221 7221
7221 7221
7221 7221
7221 7221
7222 7222
7222 7222
7222 7222
7222 7222
7223 7223
7223 7223
7223 7223
7223 7223
7224 7224
7224 7224
7224 7224
7224 7224
7225 7225
7225 7225
7225 7225
7225 7225
7226 7226
7226 7226
7226 7226
7226 7226
7227 7227
7227 7227
7227 7227
7227 7227
7228 7228
7228 7228
7228 7228
7228 7228
710 6874
6864 6874
6875 6874
6874 6874
6874 6874
6874 710
6874 6864
6874 6875
6874 6874
6874 6874
6864 7229
7229 7229
7229 7229
7229 6864
7229 7229
7229 7229
7230 7230
7230 7230
7230 7230
7230 7230
7231 7231
7231 7231
7231 7231
7231 7231
7232 7232
7232 7232
7232 7232
7232 7232
7233 7233
7233 7233
7233 7233
7233 7233
7234 7234
7234 7234
7234 7234
7234 7234
7235 7235
7235 7235
7235 7235
7235 7235
2012 7236
2013 7236
6563 7236
3911 7236
7236 7236
7236 7236
7236 2012
7236 2013
7236 3911
7236 6563
7236 7236
7236 7236
7237 7237
7237 7237
7237 7237
7237 7237
7238 7238
7238 7238
7238 7238
7238 7238
7239 7239
7239 7239
7239 7239
7239 7239
7240 7240
7240 7240
7240 7240
7240 7240
7241 7241
7241 7241
7241 7241
7241 7241
7242 7242
7242 7242
7242 7242
7242 7242
7243 7243
7243 7243
7243 7243
7243 7243
7244 7244
7244 7244
7244 7244
7244 7244
7245 7245
7245 7245
7245 7245
7245 7245
7246 7246
7246 7246
7246 7246
7246 7246
7247 7247
7247 7247
7247 7247
7247 7247
7248 7248
7248 7248
7248 7248
7248 7248
7249 7249
7249 7249
7249 7249
7249 7249
7250 7250
7250 7250
7250 7250
7250 7250
7251 7251
7251 7251
7251 7251
7251 7251
7252 7252
7252 7252
7252 7252
7252 7252
7253 7253
7253 7253
7253 7253
7253 7253
7254 7254
7254 7254
7254 7254
7254 7254
7255 7255
7255 7255
7255 7255
7255 7255
7256 7256
7256 7256
7256 7256
7256 7256
7257 7257
7257 7257
7257 7257
7257 7257
7258 7258
7258 7258
7258 7258
7258 7258
7259 7259
7259 7259
7259 7259
7259 7259
7260 7260
7260 7260
7260 7260
7260 7260
7261 7261
7261 7261
7261 7261
7261 7261
7262 7262
7262 7262
7262 7262
7262 7262
7263 7263
7263 7263
7263 7263
7263 7263
7264 7264
7264 7264
7264 7264
7264 7264
7265 7265
7265 7265
7265 7265
7265 7265
7266 7266
7266 7266
7266 7266
7266 7266
7267 7267
7267 7267
7267 7267
7267 7267
7268 7268
7268 7268
7268 7268
7268 7268
7269 7269
7269 7269
7269 7269
7269 7269
7270 7270
7270 7270
7270 7270
7270 7270
7271 7271
7271 7271
7271 7271
7271 7271
7272 7272
7272 7272
7272 7272
7272 7272
7273 7273
7273 7273
7273 7273
7273 7273
946 7274
7274 7274
7274 7274
7274 946
7274 7274
7274 7274
7275 7275
7275 7275
7275 7275
7275 7275
7276 7276
7276 7276
7276 7276
7276 7276
7277 7277
7277 7277
7277 7277
7277 7277
7278 7278
7278 7278
7278 7278
7278 7278
7279 7279
7279 7279
7279 7279
7279 7279
7280 7280
7280 7280
7280 7280
7280 7280
6162 7281
6161 7281
7281 7281
7281 7281
7281 6162
7281 6161
7281 7281
7281 7281
7282 7282
7282 7282
7282 7282
7282 7282
7283 7283
7283 7283
7283 7283
7283 7283
7284 7284
7284 7284
7284 7284
7284 7284
7285 7285
7285 7285
7285 7285
7285 7285
7286 7286
7286 7286
7286 7286
7286 7286
7287 7287
7287 7287
7287 7287
7287 7287
7288 7288
7288 7288
7288 7288
7288 7288
7289 7289
7289 7289
7289 7289
7289 7289
7290 7290
7290 7290
7290 7290
7290 7290
7291 7291
7291 7291
7291 7291
7291 7291
7292 7292
7292 7292
7292 7292
7292 7292
7293 7293
7293 7293
7293 7293
7293 7293
7294 7294
7294 7294
7294 7294
7294 7294
7295 7295
7295 7295
7295 7295
7295 7295
7296 7296
7296 7296
7296 7296
7296 7296
7297 7297
7297 7297
7297 7297
7297 7297
7298 7298
7298 7298
7298 7298
7298 7298
770 7299
7299 7299
7299 7299
7299 770
7299 7299
7299 7299
770 7300
7300 7300
7300 7300
7300 770
7300 7300
7300 7300
7301 7301
7301 7301
7301 7301
7301 7301
7302 7302
7302 7302
7302 7302
7302 7302
7303 7303
7303 7303
7303 7303
7303 7303
7304 7304
7304 7304
7304 7304
7304 7304
7305 7305
7305 7305
7305 7305
7305 7305
7306 7306
7306 7306
7306 7306
7306 7306
7307 7307
7307 7307
7307 7307
7307 7307
7308 7308
7308 7308
7308 7308
7308 7308
7309 7309
7309 7309
7309 7309
7309 7309
7310 7310
7310 7310
7310 7310
7310 7310
7311 7311
7311 7311
7311 7311
7311 7311
7312 7312
7312 7312
7312 7312
7312 7312
7313 7313
7313 7313
7313 7313
7313 7313
7314 7314
7314 7314
7314 7314
7314 7314
717 7315
7315 7315
7315 7315
7315 717
7315 7315
7315 7315
7316 7316
7316 7316
7316 7316
7316 7316
7317 7317
7317 7317
7317 7317
7317 7317
7318 7318
7318 7318
7318 7318
7318 7318
7319 7319
7319 7319
7319 7319
7319 7319
7320 7320
7320 7320
7320 7320
7320 7320
7321 7321
7321 7321
7321 7321
7321 7321
7322 7322
7322 7322
7322 7322
7322 7322
7323 7323
7323 7323
7323 7323
7323 7323
7324 7324
7324 7324
7324 7324
7324 7324
7325 7325
7325 7325
7325 7325
7325 7325
7326 7326
7326 7326
7326 7326
7326 7326
7327 7327
7327 7327
7327 7327
7327 7327
7328 7328
7328 7328
7328 7328
7328 7328
7329 7329
7329 7329
7329 7329
7329 7329
7330 7330
7330 7330
7330 7330
7330 7330
1111 7331
7331 7331
7331 7331
7331 1111
7331 7331
7331 7331
7332 7332
7332 7332
7332 7332
7332 7332
7333 7333
7333 7333
7333 7333
7333 7333
7334 7334
7334 7334
7334 7334
7334 7334
7335 7335
7335 7335
7335 7335
7335 7335
7336 7336
7336 7336
7336 7336
7336 7336
7337 7337
7337 7337
7337 7337
7337 7337
7338 7338
7338 7338
7338 7338
7338 7338
7339 7339
7339 7339
7339 7339
7339 7339
7340 7340
7340 7340
7340 7340
7340 7340
720 7341
7341 7341
7341 7341
7341 720
7341 7341
7341 7341
1032 7342
7342 7342
7342 7342
7342 1032
7342 7342
7342 7342
2014 7343
7343 7343
7343 7343
7343 2014
7343 7343
7343 7343
7344 7344
7344 7344
7344 7344
7344 7344
7345 7345
7345 7345
7345 7345
7345 7345
7346 7346
7346 7346
7346 7346
7346 7346
7347 7347
7347 7347
7347 7347
7347 7347
7348 7348
7348 7348
7348 7348
7348 7348
7349 7349
7349 7349
7349 7349
7349 7349
7350 7350
7350 7350
7350 7350
7350 7350
7351 7351
7351 7351
7351 7351
7351 7351
7352 7352
7352 7352
7352 7352
7352 7352
7353 7353
7353 7353
7353 7353
7353 7353
7354 7354
7354 7354
7354 7354
7354 7354
7355 7355
7355 7355
7355 7355
7355 7355
7356 7356
7356 7356
7356 7356
7356 7356
7357 7357
7357 7357
7357 7357
7357 7357
7358 7358
7358 7358
7358 7358
7358 7358
7359 7359
7359 7359
7359 7359
7359 7359
7360 7360
7360 7360
7360 7360
7360 7360
7361 7361
7361 7361
7361 7361
7361 7361
2015 7362
7362 7362
7362 7362
7362 2015
7362 7362
7362 7362
7363 7363
7363 7363
7363 7363
7363 7363
7364 7364
7364 7364
7364 7364
7364 7364
7365 7365
7365 7365
7365 7365
7365 7365
7366 7366
7366 7366
7366 7366
7366 7366
7367 7367
7367 7367
7367 7367
7367 7367
7368 7368
7368 7368
7368 7368
7368 7368
7369 7369
7369 7369
7369 7369
7369 7369
7370 7370
7370 7370
7370 7370
7370 7370
7371 7371
7371 7371
7371 7371
7371 7371
2016 7372
7372 7372
7372 7372
7372 2016
7372 7372
7372 7372
7373 7373
7373 7373
7373 7373
7373 7373
7374 7374
7374 7374
7374 7374
7374 7374
7375 7375
7375 7375
7375 7375
7375 7375
7376 7376
7376 7376
7376 7376
7376 7376
7377 7377
7377 7377
7377 7377
7377 7377
7378 7378
7378 7378
7378 7378
7378 7378
7379 7379
7379 7379
7379 7379
7379 7379
7380 7380
7380 7380
7380 7380
7380 7380
7381 7381
7381 7381
7381 7381
7381 7381
7382 7382
7382 7382
7382 7382
7382 7382
7383 7383
7383 7383
7383 7383
7383 7383
7384 7384
7384 7384
7384 7384
7384 7384
7385 7385
7385 7385
7385 7385
7385 7385
7386 7386
7386 7386
7386 7386
7386 7386
7387 7387
7387 7387
7387 7387
7387 7387
7388 7388
7388 7388
7388 7388
7388 7388
7389 7389
7389 7389
7389 7389
7389 7389
7390 7390
7390 7390
7390 7390
7390 7390
7391 7391
7391 7391
7391 7391
7391 7391
7392 7392
7392 7392
7392 7392
7392 7392
7393 7393
7393 7393
7393 7393
7393 7393
7394 7394
7394 7394
7394 7394
7394 7394
7395 7395
7395 7395
7395 7395
7395 7395
7396 7396
7396 7396
7396 7396
7396 7396
7397 7397
7397 7397
7397 7397
7397 7397
7398 7398
7398 7398
7398 7398
7398 7398
7399 7399
7399 7399
7399 7399
7399 7399
7400 7400
7400 7400
7400 7400
7400 7400
7401 7401
7401 7401
7401 7401
7401 7401
7402 7402
7402 7402
7402 7402
7402 7402
7403 7403
7403 7403
7403 7403
7403 7403
7404 7404
7404 7404
7404 7404
7404 7404
726 7405
7405 7405
7405 7405
7405 726
7405 7405
7405 7405
7406 7406
7406 7406
7406 7406
7406 7406
7407 7407
7407 7407
7407 7407
7407 7407
7408 7408
7408 7408
7408 7408
7408 7408
7409 7409
7409 7409
7409 7409
7409 7409
