8612 8612
8612 8612
8612 8612
8612 8612
6030 8613
8559 8613
8613 8613
8613 8613
8613 6030
8613 8559
8613 8613
8613 8613
8614 8614
8614 8614
8614 8614
8614 8614
8559 8615
8615 8615
8615 8615
8615 8559
8615 8615
8615 8615
8118 8616
8616 8616
8616 8616
8616 8118
8616 8616
8616 8616
8617 8618
8559 8618
8618 8618
8618 8618
8618 8559
8618 8617
8618 8618
8618 8618
8619 8619
8619 8619
8619 8619
8619 8619
8620 8620
8620 8620
8620 8620
8620 8620
8559 8621
8621 8621
8621 8621
8621 8559
8621 8621
8621 8621
8622 8622
8622 8622
8622 8622
8622 8622
8623 8623
8623 8623
8623 8623
8623 8623
8624 8624
8624 8624
8624 8624
8624 8624
8625 8625
8625 8625
8625 8625
8625 8625
8626 8626
8626 8626
8626 8626
8626 8626
8627 8627
8627 8627
8627 8627
8627 8627
8628 8628
8628 8628
8628 8628
8628 8628
8629 8629
8629 8629
8629 8629
8629 8629
8630 8630
8630 8630
8630 8630
8630 8630
8631 8631
8631 8631
8631 8631
8631 8631
8632 8632
8632 8632
8632 8632
8632 8632
8633 8633
8633 8633
8633 8633
8633 8633
8634 8634
8634 8634
8634 8634
8634 8634
8635 8635
8635 8635
8635 8635
8635 8635
8636 8636
8636 8636
8636 8636
8636 8636
8637 8637
8637 8637
8637 8637
8637 8637
8638 8638
8638 8638
8638 8638
8638 8638
8639 8639
8639 8639
8639 8639
8639 8639
8640 8640
8640 8640
8640 8640
8640 8640
8641 8641
8641 8641
8641 8641
8641 8641
8642 8642
8642 8642
8642 8642
8642 8642
8643 8644
8644 8644
8644 8644
8644 8643
8644 8644
8644 8644
7651 8646
8645 8646
8646 8646
8646 8646
8646 7651
8646 8645
8646 8646
8646 8646
8647 8647
8647 8647
8647 8647
8647 8647
8648 8648
8648 8648
8648 8648
8648 8648
8649 8650
8650 8650
8650 8650
8650 8649
8650 8650
8650 8650
8651 8651
8651 8651
8651 8651
8651 8651
8652 8652
8652 8652
8652 8652
8652 8652
8653 8653
8653 8653
8653 8653
8653 8653
8179 8656
2396 8656
2395 8656
2394 8656
2393 8656
2398 8656
6112 8656
8654 8656
2397 8656
8655 8656
4325 8656
2403 8656
3158 8656
6113 8656
2279 8656
2399 8656
2400 8656
5912 8656
2401 8656
2402 8656
8656 8656
8656 8656
8656 2393
8656 2394
8656 2395
8656 2396
8656 2397
8656 2398
8656 2399
8656 2400
8656 2401
8656 2402
8656 2403
8656 2279
8656 3158
8656 4325
8656 5912
8656 6112
8656 6113
8656 8179
8656 8654
8656 8655
8656 8656
8656 8656
8657 8657
8657 8657
8657 8657
8657 8657
8658 8658
8658 8658
8658 8658
8658 8658
8659 8659
8659 8659
8659 8659
8659 8659
8660 8660
8660 8660
8660 8660
8660 8660
7272 8661
2404 8661
8661 8661
8661 8661
8661 2404
8661 7272
8661 8661
8661 8661
8662 8662
8662 8662
8662 8662
8662 8662
8663 8663
8663 8663
8663 8663
8663 8663
8664 8664
8664 8664
8664 8664
8664 8664
8665 8665
8665 8665
8665 8665
8665 8665
8666 8666
8666 8666
8666 8666
8666 8666
8667 8667
8667 8667
8667 8667
8667 8667
8668 8668
8668 8668
8668 8668
8668 8668
8669 8669
8669 8669
8669 8669
8669 8669
8670 8670
8670 8670
8670 8670
8670 8670
8671 8671
8671 8671
8671 8671
8671 8671
8672 8672
8672 8672
8672 8672
8672 8672
8673 8673
8673 8673
8673 8673
8673 8673
8674 8674
8674 8674
8674 8674
8674 8674
8675 8675
8675 8675
8675 8675
8675 8675
8676 8676
8676 8676
8676 8676
8676 8676
8677 8678
2405 8678
5544 8678
8678 8678
8678 8678
8678 2405
8678 5544
8678 8677
8678 8678
8678 8678
8679 8679
8679 8679
8679 8679
8679 8679
8680 8680
8680 8680
8680 8680
8680 8680
8681 8681
8681 8681
8681 8681
8681 8681
8682 8682
8682 8682
8682 8682
8682 8682
8683 8683
8683 8683
8683 8683
8683 8683
8684 8684
8684 8684
8684 8684
8684 8684
8685 8685
8685 8685
8685 8685
8685 8685
8686 8686
8686 8686
8686 8686
8686 8686
8687 8687
8687 8687
8687 8687
8687 8687
8688 8688
8688 8688
8688 8688
8688 8688
8689 8689
8689 8689
8689 8689
8689 8689
8690 8690
8690 8690
8690 8690
8690 8690
8691 8691
8691 8691
8691 8691
8691 8691
8692 8692
8692 8692
8692 8692
8692 8692
8693 8693
8693 8693
8693 8693
8693 8693
8694 8694
8694 8694
8694 8694
8694 8694
8695 8695
8695 8695
8695 8695
8695 8695
8696 8696
8696 8696
8696 8696
8696 8696
8697 8697
8697 8697
8697 8697
8697 8697
6083 8698
2406 8698
6085 8698
8698 8698
8698 8698
8698 2406
8698 6083
8698 6085
8698 8698
8698 8698
8398 8700
8699 8700
8700 8700
8700 8700
8700 8398
8700 8699
8700 8700
8700 8700
8701 8702
8699 8702
8702 8702
8702 8702
8702 8699
8702 8701
8702 8702
8702 8702
8703 8703
8703 8703
8703 8703
8703 8703
8704 8704
8704 8704
8704 8704
8704 8704
1111 8705
8705 8705
8705 8705
8705 1111
8705 8705
8705 8705
8706 8706
8706 8706
8706 8706
8706 8706
8707 8707
8707 8707
8707 8707
8707 8707
8708 8708
8708 8708
8708 8708
8708 8708
8699 8709
8709 8709
8709 8709
8709 8699
8709 8709
8709 8709
8710 8710
8710 8710
8710 8710
8710 8710
8711 8711
8711 8711
8711 8711
8711 8711
8712 8712
8712 8712
8712 8712
8712 8712
8713 8713
8713 8713
8713 8713
8713 8713
8714 8714
8714 8714
8714 8714
8714 8714
2408 8715
2407 8715
5076 8715
6714 8715
8715 8715
8715 8715
8715 2407
8715 2408
8715 5076
8715 6714
8715 8715
8715 8715
2409 8716
8716 8716
8716 8716
8716 2409
8716 8716
8716 8716
8717 8717
8717 8717
8717 8717
8717 8717
8718 8718
8718 8718
8718 8718
8718 8718
8719 8719
8719 8719
8719 8719
8719 8719
8720 8720
8720 8720
8720 8720
8720 8720
8721 8721
8721 8721
8721 8721
8721 8721
8722 8722
8722 8722
8722 8722
8722 8722
8723 8723
8723 8723
8723 8723
8723 8723
8724 8724
8724 8724
8724 8724
8724 8724
8725 8725
8725 8725
8725 8725
8725 8725
2410 8726
4380 8726
2412 8726
5095 8726
2411 8726
8726 8726
8726 8726
8726 2410
8726 2411
8726 2412
8726 4380
8726 5095
8726 8726
8726 8726
2413 8727
2414 8727
8727 8727
8727 8727
8727 2413
8727 2414
8727 8727
8727 8727
8728 8728
8728 8728
8728 8728
8728 8728
8729 8729
8729 8729
8729 8729
8729 8729
8730 8730
8730 8730
8730 8730
8730 8730
1096 8731
8731 8731
8731 8731
8731 1096
8731 8731
8731 8731
8732 8732
8732 8732
8732 8732
8732 8732
8017 8733
8733 8733
8733 8733
8733 8017
8733 8733
8733 8733
8734 8734
8734 8734
8734 8734
8734 8734
2416 8735
2415 8735
8566 8735
3252 8735
899 8735
898 8735
8735 8735
8735 8735
8735 898
8735 899
8735 2415
8735 2416
8735 3252
8735 8566
8735 8735
8735 8735
8736 8736
8736 8736
8736 8736
8736 8736
8737 8737
8737 8737
8737 8737
8737 8737
8738 8738
8738 8738
8738 8738
8738 8738
8739 8739
8739 8739
8739 8739
8739 8739
8740 8740
8740 8740
8740 8740
8740 8740
8741 8741
8741 8741
8741 8741
8741 8741
8742 8742
8742 8742
8742 8742
8742 8742
8743 8743
8743 8743
8743 8743
8743 8743
8744 8744
8744 8744
8744 8744
8744 8744
8745 8745
8745 8745
8745 8745
8745 8745
8746 8746
8746 8746
8746 8746
8746 8746
8747 8747
8747 8747
8747 8747
8747 8747
8748 8748
8748 8748
8748 8748
8748 8748
8749 8749
8749 8749
8749 8749
8749 8749
8750 8750
8750 8750
8750 8750
8750 8750
8751 8751
8751 8751
8751 8751
8751 8751
2417 8753
5848 8753
8752 8753
8753 8753
8753 8753
8753 2417
8753 5848
8753 8752
8753 8753
8753 8753
8754 8755
8755 8755
8755 8755
8755 8754
8755 8755
8755 8755
6462 8757
8756 8757
8757 8757
8757 8757
8757 6462
8757 8756
8757 8757
8757 8757
8752 8758
8758 8758
8758 8758
8758 8752
8758 8758
8758 8758
8759 8759
8759 8759
8759 8759
8759 8759
8760 8760
8760 8760
8760 8760
8760 8760
8756 8761
8761 8761
8761 8761
8761 8756
8761 8761
8761 8761
8762 8762
8762 8762
8762 8762
8762 8762
8763 8763
8763 8763
8763 8763
8763 8763
8764 8764
8764 8764
8764 8764
8764 8764
8765 8765
8765 8765
8765 8765
8765 8765
8766 8766
8766 8766
8766 8766
8766 8766
8767 8767
8767 8767
8767 8767
8767 8767
8768 8768
8768 8768
8768 8768
8768 8768
8769 8769
8769 8769
8769 8769
8769 8769
8770 8770
8770 8770
8770 8770
8770 8770
8771 8771
8771 8771
8771 8771
8771 8771
8772 8772
8772 8772
8772 8772
8772 8772
8773 8773
8773 8773
8773 8773
8773 8773
2420 8699
2419 8699
2418 8699
7441 8699
8700 8699
8709 8699
8702 8699
8699 8699
8699 8699
8699 2418
8699 2419
8699 2420
8699 7441
8699 8700
8699 8702
8699 8709
8699 8699
8699 8699
900 8774
2422 8774
2421 8774
8774 8774
8774 8774
8774 900
8774 2421
8774 2422
8774 8774
8774 8774
7441 8775
2423 8775
8775 8775
8775 8775
8775 2423
8775 7441
8775 8775
8775 8775
8702 8701
8701 8701
8701 8701
8701 8702
8701 8701
8701 8701
2425 8776
2427 8776
4688 8776
6087 8776
2424 8776
2426 8776
8776 8776
8776 8776
8776 2424
8776 2425
8776 2426
8776 2427
8776 4688
8776 6087
8776 8776
8776 8776
8777 8778
8778 8778
8778 8778
8778 8777
8778 8778
8778 8778
8779 8779
8779 8779
8779 8779
8779 8779
8780 8780
8780 8780
8780 8780
8780 8780
2493 8781
8781 8781
8781 8781
8781 2493
8781 8781
8781 8781
918 8782
2428 8782
2429 8782
2430 8782
2431 8782
1256 8782
2433 8782
2434 8782
2435 8782
2436 8782
2437 8782
916 8782
2432 8782
8782 8782
8782 8782
8782 1256
8782 2428
8782 2429
8782 2430
8782 2431
8782 2432
8782 2433
8782 2434
8782 2435
8782 2436
8782 2437
8782 918
8782 916
8782 8782
8782 8782
2696 8784
4245 8784
6455 8784
2438 8784
8783 8784
2439 8784
8010 8784
2440 8784
8784 8784
8784 8784
8784 2438
8784 2439
8784 2440
8784 2696
8784 4245
8784 6455
8784 8010
8784 8783
8784 8784
8784 8784
8785 8787
2081 8787
2902 8787
2448 8787
2450 8787
8786 8787
2444 8787
2445 8787
2446 8787
2447 8787
8510 8787
2443 8787
2449 8787
2441 8787
2553 8787
2451 8787
2442 8787
8787 8787
8787 8787
8787 2081
8787 2441
8787 2442
8787 2443
8787 2444
8787 2445
8787 2446
8787 2447
8787 2448
8787 2449
8787 2450
8787 2451
8787 2553
8787 2902
8787 8510
8787 8785
8787 8786
8787 8787
8787 8787
8778 8777
8531 8777
8777 8777
8777 8777
8777 8531
8777 8778
8777 8777
8777 8777
2452 8788
2453 8788
2456 8788
2454 8788
2457 8788
2455 8788
8788 8788
8788 8788
8788 2452
8788 2453
8788 2454
8788 2455
8788 2456
8788 2457
8788 8788
8788 8788
1200 8790
8789 8790
2459 8790
2460 8790
2461 8790
2463 8790
2462 8790
2458 8790
8790 8790
8790 8790
8790 2458
8790 2459
8790 2460
8790 2461
8790 2462
8790 2463
8790 1200
8790 8789
8790 8790
8790 8790
6332 8792
5912 8792
8333 8792
2464 8792
4103 8792
3485 8792
8791 8792
1646 8792
2465 8792
2466 8792
2467 8792
2468 8792
2469 8792
8792 8792
8792 8792
8792 2464
8792 2465
8792 2466
8792 2467
8792 2468
8792 2469
8792 3485
8792 1646
8792 4103
8792 5912
8792 6332
8792 8333
8792 8791
8792 8792
8792 8792
8793 8796
8794 8796
8035 8796
8795 8796
8031 8796
8041 8796
8796 8796
8796 8796
8796 8041
8796 8031
8796 8035
8796 8793
8796 8794
8796 8795
8796 8796
8796 8796
8031 8798
8003 8798
8797 8798
8798 8798
8798 8798
8798 8003
8798 8031
8798 8797
8798 8798
8798 8798
8037 8799
8050 8799
8797 8799
8799 8799
8799 8799
8799 8037
8799 8050
8799 8797
8799 8799
8799 8799
8800 8801
8794 8801
8801 8801
8801 8801
8801 8800
8801 8794
8801 8801
8801 8801
8802 8802
8802 8802
8802 8802
8802 8802
8034 8803
8014 8803
8803 8803
8803 8803
8803 8014
8803 8034
8803 8803
8803 8803
8003 8804
7946 8804
8804 8804
8804 8804
8804 7946
8804 8003
8804 8804
8804 8804
8805 8805
8805 8805
8805 8805
8805 8805
8797 8806
8806 8806
8806 8806
8806 8797
8806 8806
8806 8806
8797 8807
8807 8807
8807 8807
8807 8797
8807 8807
8807 8807
8808 8808
8808 8808
8808 8808
8808 8808
8809 8809
8809 8809
8809 8809
8809 8809
8810 8810
8810 8810
8810 8810
8810 8810
8811 8811
8811 8811
8811 8811
8811 8811
8812 8812
8812 8812
8812 8812
8812 8812
8813 8814
8814 8814
8814 8814
8814 8813
8814 8814
8814 8814
8815 8816
8816 8816
8816 8816
8816 8815
8816 8816
8816 8816
8817 8818
8818 8818
8818 8818
8818 8817
8818 8818
8818 8818
8819 8819
8819 8819
8819 8819
8819 8819
8820 8820
8820 8820
8820 8820
8820 8820
8821 8821
8821 8821
8821 8821
8821 8821
6440 8824
2472 8824
8822 8824
8823 8824
2471 8824
5928 8824
2470 8824
8824 8824
8824 8824
8824 2470
8824 2471
8824 2472
8824 5928
8824 6440
8824 8822
8824 8823
8824 8824
8824 8824
2476 8825
2475 8825
2474 8825
2748 8825
2473 8825
8825 8825
8825 8825
8825 2473
8825 2474
8825 2475
8825 2476
8825 2748
8825 8825
8825 8825
2477 8826
2478 8826
2479 8826
5952 8826
2480 8826
8826 8826
8826 8826
8826 2477
8826 2478
8826 2479
8826 2480
8826 5952
8826 8826
8826 8826
2485 8827
2484 8827
2483 8827
2481 8827
2482 8827
8827 8827
8827 8827
8827 2481
8827 2482
8827 2483
8827 2484
8827 2485
8827 8827
8827 8827
5928 8828
6439 8828
8828 8828
8828 8828
8828 5928
8828 6439
8828 8828
8828 8828
8829 8830
8823 8830
8830 8830
8830 8830
8830 8829
8830 8823
8830 8830
8830 8830
8823 8829
8830 8829
8829 8829
8829 8829
8829 8830
8829 8823
8829 8829
8829 8829
2492 8813
2491 8813
2490 8813
3247 8813
2489 8813
2488 8813
2487 8813
2486 8813
901 8813
8817 8813
8814 8813
2697 8813
7073 8813
8528 8813
3372 8813
2877 8813
2700 8813
2698 8813
8813 8813
8813 8813
8813 901
8813 2486
8813 2487
8813 2488
8813 2489
8813 2490
8813 2491
8813 2492
8813 2697
8813 2698
8813 2700
8813 2877
8813 3247
8813 3372
8813 7073
8813 8528
8813 8814
8813 8817
8813 8813
8813 8813
2496 8831
2497 8831
2494 8831
2495 8831
2500 8831
8800 8831
2493 8831
2498 8831
2499 8831
8831 8831
8831 8831
8831 2493
8831 2494
8831 2495
8831 2496
8831 2497
8831 2498
8831 2499
8831 2500
8831 8800
8831 8831
8831 8831
2501 8832
8832 8832
8832 8832
8832 2501
8832 8832
8832 8832
8833 8833
8833 8833
8833 8833
8833 8833
2504 8815
3227 8815
902 8815
2502 8815
1739 8815
6295 8815
2503 8815
2505 8815
8816 8815
8815 8815
8815 8815
8815 902
8815 2502
8815 1739
8815 2503
8815 2504
8815 2505
8815 3227
8815 6295
8815 8816
8815 8815
8815 8815
2509 8834
2506 8834
2508 8834
2507 8834
8834 8834
8834 8834
8834 2506
8834 2507
8834 2508
8834 2509
8834 8834
8834 8834
8835 8835
8835 8835
8835 8835
8835 8835
8427 8836
2510 8836
6045 8836
8836 8836
8836 8836
8836 2510
8836 6045
8836 8427
8836 8836
8836 8836
2513 8837
2514 8837
2512 8837
1647 8837
2511 8837
1621 8837
8837 8837
8837 8837
8837 1621
8837 1647
8837 2511
8837 2512
8837 2513
8837 2514
8837 8837
8837 8837
2515 8838
8838 8838
8838 8838
8838 2515
8838 8838
8838 8838
906 8839
2517 8839
2516 8839
2518 8839
8839 8839
8839 8839
8839 906
8839 2516
8839 2517
8839 2518
8839 8839
8839 8839
911 8842
8840 8842
8841 8842
4252 8842
8817 8842
2520 8842
2519 8842
2935 8842
8842 8842
8842 8842
8842 911
8842 2519
8842 2520
8842 4252
8842 2935
8842 8840
8842 8841
8842 8817
8842 8842
8842 8842
1227 8840
2523 8840
2080 8840
2521 8840
2528 8840
2524 8840
2522 8840
2527 8840
2526 8840
8842 8840
2079 8840
2525 8840
8840 8840
8840 8840
8840 2079
8840 1227
8840 2080
8840 2521
8840 2522
8840 2523
8840 2524
8840 2525
8840 2526
8840 2527
8840 2528
8840 8842
8840 8840
8840 8840
8817 8843
6993 8843
6992 8843
2699 8843
2532 8843
2531 8843
3372 8843
2529 8843
2530 8843
6828 8843
8843 8843
8843 8843
8843 2529
8843 2530
8843 2531
8843 2532
8843 2699
8843 3372
8843 6828
8843 6992
8843 6993
8843 8817
8843 8843
8843 8843
2534 8800
2543 8800
2542 8800
5463 8800
2541 8800
2533 8800
2535 8800
4276 8800
2537 8800
8014 8800
2540 8800
2573 8800
1328 8800
8801 8800
2539 8800
2544 8800
8831 8800
2538 8800
2536 8800
8003 8800
8800 8800
8800 8800
8800 1328
8800 2533
8800 2534
8800 2535
8800 2536
8800 2537
8800 2538
8800 2539
8800 2540
8800 2541
8800 2542
8800 2543
8800 2544
8800 2573
8800 4276
8800 5463
8800 8014
8800 8003
8800 8801
8800 8831
8800 8800
8800 8800
8807 8797
8798 8797
8806 8797
8844 8797
2544 8797
1197 8797
8799 8797
2545 8797
8845 8797
8797 8797
8797 8797
8797 2544
8797 2545
8797 1197
8797 8798
8797 8799
8797 8806
8797 8807
8797 8844
8797 8845
8797 8797
8797 8797
916 8846
913 8846
918 8846
2548 8846
2553 8846
917 8846
2565 8846
2557 8846
2556 8846
1108 8846
2564 8846
2927 8846
2559 8846
2560 8846
4531 8846
2555 8846
2558 8846
2561 8846
2554 8846
2549 8846
2563 8846
2566 8846
2562 8846
2547 8846
8846 8846
8846 8846
8846 913
8846 918
8846 916
8846 2553
8846 2548
8846 2547
8846 2554
8846 2549
8846 917
8846 2555
8846 2556
8846 2557
8846 2558
8846 2559
8846 2560
8846 2561
8846 2562
8846 2563
8846 2564
8846 2565
8846 2566
8846 2927
8846 1108
8846 4531
8846 8846
8846 8846
8793 8847
2569 8847
8012 8847
8019 8847
2567 8847
8009 8847
2568 8847
2586 8847
8847 8847
8847 8847
8847 2567
8847 2568
8847 2569
8847 2586
8847 8009
8847 8012
8847 8019
8847 8793
8847 8847
8847 8847
2575 8848
7828 8848
2572 8848
2775 8848
2570 8848
2571 8848
8018 8848
8848 8848
8848 8848
8848 2570
8848 2571
8848 2572
8848 2575
8848 2775
8848 7828
8848 8018
8848 8848
8848 8848
8849 8793
1087 8793
2582 8793
2576 8793
8796 8793
3390 8793
2578 8793
2577 8793
2581 8793
2580 8793
8847 8793
2573 8793
3107 8793
2574 8793
2579 8793
5467 8793
2575 8793
8793 8793
8793 8793
8793 2573
8793 2574
8793 2575
8793 2576
8793 2577
8793 2578
8793 2579
8793 2580
8793 2581
8793 2582
8793 3107
8793 1087
8793 3390
8793 5467
8793 8796
8793 8847
8793 8849
8793 8793
8793 8793
5014 8850
5465 8850
2583 8850
2585 8850
1430 8850
2584 8850
8850 8850
8850 8850
8850 1430
8850 2583
8850 2584
8850 2585
8850 5014
8850 5465
8850 8850
8850 8850
2586 8851
2587 8851
2588 8851
8851 8851
8851 8851
8851 2586
8851 2587
8851 2588
8851 8851
8851 8851
8852 8852
8852 8852
8852 8852
8852 8852
8853 8853
8853 8853
8853 8853
8853 8853
8854 8854
8854 8854
8854 8854
8854 8854
8855 8855
8855 8855
8855 8855
8855 8855
8856 8856
8856 8856
8856 8856
8856 8856
2591 8857
1592 8857
6967 8857
7218 8857
2589 8857
2590 8857
8857 8857
8857 8857
8857 2589
8857 2590
8857 2591
8857 1592
8857 6967
8857 7218
8857 8857
8857 8857
5501 8858
2595 8858
2596 8858
919 8858
2592 8858
2593 8858
2594 8858
8858 8858
8858 8858
8858 919
8858 2592
8858 2593
8858 2594
8858 2595
8858 2596
8858 5501
8858 8858
8858 8858
1628 8859
2598 8859
2597 8859
8859 8859
8859 8859
8859 1628
8859 2597
8859 2598
8859 8859
8859 8859
8860 8860
8860 8860
8860 8860
8860 8860
8861 8861
8861 8861
8861 8861
8861 8861
8862 8862
8862 8862
8862 8862
8862 8862
8863 8864
8864 8864
8864 8864
8864 8863
8864 8864
8864 8864
8865 8865
8865 8865
8865 8865
8865 8865
8866 8866
8866 8866
8866 8866
8866 8866
2600 8867
2599 8867
7796 8867
2601 8867
8867 8867
8867 8867
8867 2599
8867 2600
8867 2601
8867 7796
8867 8867
8867 8867
8868 8868
8868 8868
8868 8868
8868 8868
8869 8869
8869 8869
8869 8869
8869 8869
8870 8870
8870 8870
8870 8870
8870 8870
8871 8871
8871 8871
8871 8871
8871 8871
8872 8872
8872 8872
8872 8872
8872 8872
3418 8873
8873 8873
8873 8873
8873 3418
8873 8873
8873 8873
8874 8876
7039 8876
8875 8876
2941 8876
7038 8876
2603 8876
2602 8876
7968 8876
2794 8876
5051 8876
2604 8876
1708 8876
8876 8876
8876 8876
8876 2602
8876 2603
8876 2604
8876 2794
8876 2941
8876 1708
8876 5051
8876 7038
8876 7039
8876 7968
8876 8874
8876 8875
8876 8876
8876 8876
2607 8877
2606 8877
2941 8877
2605 8877
1480 8877
7968 8877
1277 8877
1049 8877
8877 8877
8877 8877
8877 2605
8877 2606
8877 2607
8877 1277
8877 2941
8877 1049
8877 1480
8877 7968
8877 8877
8877 8877
6460 8879
6164 8879
2633 8879
6471 8879
6459 8879
6462 8879
6470 8879
6469 8879
6479 8879
8878 8879
2625 8879
2608 8879
4262 8879
1798 8879
4299 8879
1236 8879
8879 8879
8879 8879
8879 2608
8879 2625
8879 2633
8879 4262
8879 1798
8879 4299
8879 1236
8879 6164
8879 6460
8879 6471
8879 6462
8879 6470
8879 6469
8879 6479
8879 6459
8879 8878
8879 8879
8879 8879
2614 8881
8880 8881
2611 8881
2610 8881
2609 8881
8881 8881
8881 8881
8881 2609
8881 2610
8881 2611
8881 2614
8881 8880
8881 8881
8881 8881
8882 8880
8883 8880
2612 8880
8881 8880
8884 8880
2613 8880
8880 8880
8880 8880
8880 2612
8880 2613
8880 8881
8880 8882
8880 8883
8880 8884
8880 8880
8880 8880
8883 8882
8880 8882
2614 8882
8882 8882
8882 8882
8882 2614
8882 8880
8882 8883
8882 8882
8882 8882
8880 8883
8885 8883
8882 8883
8883 8883
8883 8883
8883 8880
8883 8882
8883 8885
8883 8883
8883 8883
8880 8884
8885 8884
8884 8884
8884 8884
8884 8880
8884 8885
8884 8884
8884 8884
2615 8887
921 8887
8886 8887
8887 8887
8887 8887
8887 921
8887 2615
8887 8886
8887 8887
8887 8887
8884 8885
8883 8885
2616 8885
8885 8885
8885 8885
8885 2616
8885 8883
8885 8884
8885 8885
8885 8885
2618 8888
2619 8888
7920 8888
2617 8888
8888 8888
8888 8888
8888 2617
8888 2618
8888 2619
8888 7920
8888 8888
8888 8888
2620 8889
8889 8889
8889 8889
8889 2620
8889 8889
8889 8889
4384 8890
4339 8890
8886 8890
8890 8890
8890 8890
8890 4339
8890 4384
8890 8886
8890 8890
8890 8890
8891 8891
8891 8891
8891 8891
8891 8891
6192 8892
8892 8892
8892 8892
8892 6192
8892 8892
8892 8892
8890 8886
8887 8886
8886 8886
8886 8886
8886 8887
8886 8890
8886 8886
8886 8886
8893 8894
8894 8894
8894 8894
8894 8893
8894 8894
8894 8894
8895 8895
8895 8895
8895 8895
8895 8895
8896 8896
8896 8896
8896 8896
8896 8896
8897 8897
8897 8897
8897 8897
8897 8897
2621 8898
8898 8898
8898 8898
8898 2621
8898 8898
8898 8898
8899 8899
8899 8899
8899 8899
8899 8899
922 8900
8900 8900
8900 8900
8900 922
8900 8900
8900 8900
8901 8901
8901 8901
8901 8901
8901 8901
8902 8902
8902 8902
8902 8902
8902 8902
8903 8903
8903 8903
8903 8903
8903 8903
8904 8904
8904 8904
8904 8904
8904 8904
8905 8905
8905 8905
8905 8905
8905 8905
8906 8906
8906 8906
8906 8906
8906 8906
8907 8907
8907 8907
8907 8907
8907 8907
8908 8908
8908 8908
8908 8908
8908 8908
8909 8909
8909 8909
8909 8909
8909 8909
8910 8911
8491 8911
8911 8911
8911 8911
8911 8491
8911 8910
8911 8911
8911 8911
8912 8912
8912 8912
8912 8912
8912 8912
8913 8913
8913 8913
8913 8913
8913 8913
8914 8914
8914 8914
8914 8914
8914 8914
8915 8915
8915 8915
8915 8915
8915 8915
8916 8916
8916 8916
8916 8916
8916 8916
8917 8917
8917 8917
8917 8917
8917 8917
2623 8919
2624 8919
8918 8919
2995 8919
8529 8919
8919 8919
8919 8919
8919 2623
8919 2624
8919 2995
8919 8529
8919 8918
8919 8919
8919 8919
6303 8756
6462 8756
6465 8756
8761 8756
7025 8756
6479 8756
1230 8756
1648 8756
8757 8756
2796 8756
7026 8756
1232 8756
6471 8756
1798 8756
2631 8756
6459 8756
2630 8756
6463 8756
2632 8756
2629 8756
2628 8756
2627 8756
2626 8756
2625 8756
4399 8756
8756 8756
8756 8756
8756 1232
8756 2625
8756 2626
8756 2627
8756 2628
8756 2629
8756 2630
8756 2631
8756 2632
8756 2796
8756 1230
8756 1798
8756 1648
8756 4399
8756 6303
8756 6465
8756 6471
8756 6462
8756 6479
8756 6463
8756 6459
8756 7025
8756 7026
8756 8757
8756 8761
8756 8756
8756 8756
2642 8921
2640 8921
6459 8921
5973 8921
1239 8921
2636 8921
2638 8921
2635 8921
2633 8921
2637 8921
8920 8921
2634 8921
2639 8921
6473 8921
2641 8921
4262 8921
8921 8921
8921 8921
8921 2633
8921 2634
8921 2635
8921 2636
8921 2637
8921 2638
8921 2639
8921 2640
8921 2641
8921 2642
8921 4262
8921 1239
8921 5973
8921 6473
8921 6459
8921 8920
8921 8921
8921 8921
4399 8649
2644 8649
1082 8649
5786 8649
3207 8649
2643 8649
8650 8649
8649 8649
8649 8649
8649 2643
8649 2644
8649 3207
8649 1082
8649 4399
8649 5786
8649 8650
8649 8649
8649 8649
4274 8922
6459 8922
2645 8922
4398 8922
2646 8922
2647 8922
8922 8922
8922 8922
8922 2645
8922 2646
8922 2647
8922 4274
8922 4398
8922 6459
8922 8922
8922 8922
6851 8923
3230 8923
6273 8923
2648 8923
2649 8923
2650 8923
2651 8923
2652 8923
6271 8923
2653 8923
2655 8923
2656 8923
2657 8923
2658 8923
2659 8923
8075 8923
2654 8923
8923 8923
8923 8923
8923 2648
8923 2649
8923 2650
8923 2651
8923 2652
8923 2653
8923 2654
8923 2655
8923 2656
8923 2657
8923 2658
8923 2659
8923 3230
8923 6271
8923 6273
8923 6851
8923 8075
8923 8923
8923 8923
2660 8924
2661 8924
8924 8924
8924 8924
8924 2660
8924 2661
8924 8924
8924 8924
8925 8926
8926 8926
8926 8926
8926 8925
8926 8926
8926 8926
8927 8927
8927 8927
8927 8927
8927 8927
8928 8928
8928 8928
8928 8928
8928 8928
8048 8929
8929 8929
8929 8929
8929 8048
8929 8929
8929 8929
8930 8930
8930 8930
8930 8930
8930 8930
8931 8931
8931 8931
8931 8931
8931 8931
8932 8932
8932 8932
8932 8932
8932 8932
8933 8933
8933 8933
8933 8933
8933 8933
8934 8934
8934 8934
8934 8934
8934 8934
8935 8935
8935 8935
8935 8935
8935 8935
8936 8936
8936 8936
8936 8936
8936 8936
8937 8937
8937 8937
8937 8937
8937 8937
8938 8938
8938 8938
8938 8938
8938 8938
8939 8939
8939 8939
8939 8939
8939 8939
8940 8940
8940 8940
8940 8940
8940 8940
8941 8941
8941 8941
8941 8941
8941 8941
8942 8942
8942 8942
8942 8942
8942 8942
8893 8943
8943 8943
8943 8943
8943 8893
8943 8943
8943 8943
8944 8944
8944 8944
8944 8944
8944 8944
8945 8945
8945 8945
8945 8945
8945 8945
8946 8946
8946 8946
8946 8946
8946 8946
8947 8948
8948 8948
8948 8948
8948 8947
8948 8948
8948 8948
8949 8949
8949 8949
8949 8949
8949 8949
8950 8950
8950 8950
8950 8950
8950 8950
2664 8954
6163 8954
1189 8954
4243 8954
983 8954
8951 8954
8841 8954
2663 8954
8952 8954
8953 8954
928 8954
2662 8954
8954 8954
8954 8954
8954 928
8954 2662
8954 2663
8954 2664
8954 983
8954 4243
8954 1189
8954 6163
8954 8841
8954 8953
8954 8952
8954 8951
8954 8954
8954 8954
8842 8841
2663 8841
2664 8841
8954 8841
8841 8841
8841 8841
8841 2663
8841 2664
8841 8842
8841 8954
8841 8841
8841 8841
8955 8956
2665 8956
8956 8956
8956 8956
8956 2665
8956 8955
8956 8956
8956 8956
956 8958
8957 8958
8958 8958
8958 8958
8958 956
8958 8957
8958 8958
8958 8958
8959 8959
8959 8959
8959 8959
8959 8959
8960 8960
8960 8960
8960 8960
8960 8960
8754 8961
8957 8961
8961 8961
8961 8961
8961 8957
8961 8754
8961 8961
8961 8961
6163 8963
8962 8963
8963 8963
8963 8963
8963 6163
8963 8962
8963 8963
8963 8963
8964 8964
8964 8964
8964 8964
8964 8964
8797 8844
8844 8844
8844 8844
8844 8797
8844 8844
8844 8844
8965 8965
8965 8965
8965 8965
8965 8965
6477 8966
8966 8966
8966 8966
8966 6477
8966 8966
8966 8966
8786 8785
8787 8785
8785 8785
8785 8785
8785 8787
8785 8786
8785 8785
8785 8785
8967 8967
8967 8967
8967 8967
8967 8967
8968 8968
8968 8968
8968 8968
8968 8968
8969 8969
8969 8969
8969 8969
8969 8969
1263 8971
2668 8971
2667 8971
2666 8971
3034 8971
8970 8971
2882 8971
8971 8971
8971 8971
8971 2666
8971 2667
8971 2668
8971 2882
8971 3034
8971 1263
8971 8970
8971 8971
8971 8971
5448 8972
2679 8972
2676 8972
2675 8972
2674 8972
2678 8972
2677 8972
5449 8972
2673 8972
2672 8972
2670 8972
2669 8972
5447 8972
5450 8972
5451 8972
2671 8972
8972 8972
8972 8972
8972 2669
8972 2670
8972 2671
8972 2672
8972 2673
8972 2674
8972 2675
8972 2676
8972 2677
8972 2678
8972 2679
8972 5447
8972 5448
8972 5449
8972 5450
8972 5451
8972 8972
8972 8972
2682 8973
2681 8973
2680 8973
2683 8973
8973 8973
8973 8973
8973 2680
8973 2681
8973 2682
8973 2683
8973 8973
8973 8973
2682 8974
2683 8974
2684 8974
8974 8974
8974 8974
8974 2682
8974 2683
8974 2684
8974 8974
8974 8974
2685 8975
2686 8975
8955 8975
8975 8975
8975 8975
8975 2685
8975 2686
8975 8955
8975 8975
8975 8975
8955 8976
2774 8976
2776 8976
2692 8976
2693 8976
2694 8976
2689 8976
2690 8976
2695 8976
2688 8976
2687 8976
2920 8976
2691 8976
8976 8976
8976 8976
8976 2687
8976 2688
8976 2689
8976 2690
8976 2691
8976 2692
8976 2693
8976 2694
8976 2695
8976 2774
8976 2776
8976 2920
8976 8955
8976 8976
8976 8976
2706 8817
8842 8817
8843 8817
2705 8817
2702 8817
2697 8817
2703 8817
8813 8817
2698 8817
2701 8817
2700 8817
2699 8817
8818 8817
2704 8817
2707 8817
2696 8817
2915 8817
2708 8817
2888 8817
2877 8817
3247 8817
3372 8817
2709 8817
8817 8817
8817 8817
8817 2696
8817 2697
8817 2698
8817 2699
8817 2700
8817 2701
8817 2702
8817 2703
8817 2704
8817 2705
8817 2706
8817 2707
8817 2708
8817 2709
8817 2877
8817 2888
8817 2915
8817 3247
8817 3372
8817 8818
8817 8813
8817 8842
8817 8843
8817 8817
8817 8817
2711 8977
2710 8977
8977 8977
8977 8977
8977 2710
8977 2711
8977 8977
8977 8977
930 8978
8978 8978
8978 8978
8978 930
8978 8978
8978 8978
930 8979
8979 8979
8979 8979
8979 930
8979 8979
8979 8979
8980 8980
8980 8980
8980 8980
8980 8980
8981 8981
8981 8981
8981 8981
8981 8981
8982 8982
8982 8982
8982 8982
8982 8982
8983 8983
8983 8983
8983 8983
8983 8983
8984 8984
8984 8984
8984 8984
8984 8984
2713 8985
2714 8985
2718 8985
2717 8985
2715 8985
2716 8985
2712 8985
8985 8985
8985 8985
8985 2712
8985 2713
8985 2714
8985 2715
8985 2716
8985 2717
8985 2718
8985 8985
8985 8985
933 8986
8986 8986
8986 8986
8986 933
8986 8986
8986 8986
8487 8987
8987 8987
8987 8987
8987 8487
8987 8987
8987 8987
8988 8988
8988 8988
8988 8988
8988 8988
8989 8989
8989 8989
8989 8989
8989 8989
8990 8990
8990 8990
8990 8990
8990 8990
8991 8991
8991 8991
8991 8991
8991 8991
2720 8992
2719 8992
8992 8992
8992 8992
8992 2719
8992 2720
8992 8992
8992 8992
7118 8993
8542 8993
8993 8993
8993 8993
8993 7118
8993 8542
8993 8993
8993 8993
8132 8994
8994 8994
8994 8994
8994 8132
8994 8994
8994 8994
2723 8995
2722 8995
8402 8995
2721 8995
3703 8995
8995 8995
8995 8995
8995 2721
8995 2722
8995 2723
8995 3703
8995 8402
8995 8995
8995 8995
5747 8617
3424 8617
5328 8617
8618 8617
2724 8617
8617 8617
8617 8617
8617 2724
8617 3424
8617 5328
8617 5747
8617 8618
8617 8617
8617 8617
8486 8996
4356 8996
5601 8996
8996 8996
8996 8996
8996 4356
8996 5601
8996 8486
8996 8996
8996 8996
8997 8997
8997 8997
8997 8997
8997 8997
946 8998
8998 8998
8998 8998
8998 946
8998 8998
8998 8998
8999 8999
8999 8999
8999 8999
8999 8999
9000 9000
9000 9000
9000 9000
9000 9000
9001 9001
9001 9001
9001 9001
9001 9001
3457 9002
7700 9002
2725 9002
5577 9002
2726 9002
2727 9002
8333 9002
9002 9002
9002 9002
9002 2725
9002 2726
9002 2727
9002 3457
9002 5577
9002 7700
9002 8333
9002 9002
9002 9002
9003 9004
2729 9004
8444 9004
2728 9004
6597 9004
5734 9004
4685 9004
9004 9004
9004 9004
9004 2728
9004 2729
9004 4685
9004 5734
9004 6597
9004 8444
9004 9003
9004 9004
9004 9004
9005 9005
9005 9005
9005 9005
9005 9005
5738 8863
8864 8863
9006 8863
2738 8863
2737 8863
2736 8863
2735 8863
2734 8863
8277 8863
2732 8863
2730 8863
2731 8863
2733 8863
8863 8863
8863 8863
8863 2730
8863 2731
8863 2732
8863 2733
8863 2734
8863 2735
8863 2736
8863 2737
8863 2738
8863 5738
8863 8277
8863 8864
8863 9006
8863 8863
8863 8863
4684 9007
2740 9007
8442 9007
2739 9007
8119 9007
8444 9007
9007 9007
9007 9007
9007 2739
9007 2740
9007 4684
9007 8119
9007 8442
9007 8444
9007 9007
9007 9007
2742 9008
2741 9008
9008 9008
9008 9008
9008 2741
9008 2742
9008 9008
9008 9008
2743 9009
7697 9009
5283 9009
5733 9009
6593 9009
7696 9009
9009 9009
9009 9009
9009 2743
9009 5283
9009 5733
9009 6593
9009 7696
9009 7697
9009 9009
9009 9009
8462 9010
9010 9010
9010 9010
9010 8462
9010 9010
9010 9010
9004 9003
9003 9003
9003 9003
9003 9004
9003 9003
9003 9003
9011 9011
9011 9011
9011 9011
9011 9011
9012 9012
9012 9012
9012 9012
9012 9012
9013 9013
9013 9013
9013 9013
9013 9013
7500 9014
9014 9014
9014 9014
9014 7500
9014 9014
9014 9014
1641 9015
9015 9015
9015 9015
9015 1641
9015 9015
9015 9015
9016 9016
9016 9016
9016 9016
9016 9016
9017 9017
9017 9017
9017 9017
9017 9017
9018 9018
9018 9018
9018 9018
9018 9018
9019 9019
9019 9019
9019 9019
9019 9019
9020 9020
9020 9020
9020 9020
9020 9020
1571 9021
9021 9021
9021 9021
9021 1571
9021 9021
9021 9021
9022 9022
9022 9022
9022 9022
9022 9022
9023 9023
9023 9023
9023 9023
9023 9023
9024 9024
9024 9024
9024 9024
9024 9024
6574 9025
8362 9025
2744 9025
2745 9025
9025 9025
9025 9025
9025 2744
9025 2745
9025 6574
9025 8362
9025 9025
9025 9025
949 9026
2073 9026
2746 9026
9026 9026
9026 9026
9026 2073
9026 949
9026 2746
9026 9026
9026 9026
950 9027
8240 9027
2753 9027
2755 9027
2754 9027
2747 9027
2752 9027
2748 9027
2750 9027
2749 9027
3879 9027
2751 9027
9027 9027
9027 9027
9027 950
9027 2747
9027 2748
9027 2749
9027 2750
9027 2751
9027 2752
9027 2753
9027 2754
9027 2755
9027 3879
9027 8240
9027 9027
9027 9027
3695 9028
2756 9028
2757 9028
6598 9028
8118 9028
9028 9028
9028 9028
9028 2756
9028 2757
9028 3695
9028 6598
9028 8118
9028 9028
9028 9028
9029 9030
9030 9030
9030 9030
9030 9029
9030 9030
9030 9030
8372 9031
9031 9031
9031 9031
9031 8372
9031 9031
9031 9031
9032 9032
9032 9032
9032 9032
9032 9032
9033 9033
9033 9033
9033 9033
9033 9033
6825 9034
9034 9034
9034 9034
9034 6825
9034 9034
9034 9034
9035 9035
9035 9035
9035 9035
9035 9035
9036 9036
9036 9036
9036 9036
9036 9036
9037 9037
9037 9037
9037 9037
9037 9037
9038 9038
9038 9038
9038 9038
9038 9038
9039 9039
9039 9039
9039 9039
9039 9039
9040 9040
9040 9040
9040 9040
9040 9040
9041 9041
9041 9041
9041 9041
9041 9041
9042 9042
9042 9042
9042 9042
9042 9042
9043 9043
9043 9043
9043 9043
9043 9043
9044 9044
9044 9044
9044 9044
9044 9044
9045 9045
9045 9045
9045 9045
9045 9045
9046 9046
9046 9046
9046 9046
9046 9046
9047 9047
9047 9047
9047 9047
9047 9047
9048 9048
9048 9048
9048 9048
9048 9048
9049 9049
9049 9049
9049 9049
9049 9049
9050 9050
9050 9050
9050 9050
9050 9050
2761 9051
2760 9051
2759 9051
2758 9051
9051 9051
9051 9051
9051 2758
9051 2759
9051 2760
9051 2761
9051 9051
9051 9051
2762 9052
7039 9052
2763 9052
2764 9052
9052 9052
9052 9052
9052 2762
9052 2763
9052 2764
9052 7039
9052 9052
9052 9052
2765 9053
2766 9053
7237 9053
9053 9053
9053 9053
9053 2765
9053 2766
9053 7237
9053 9053
9053 9053
9054 9054
9054 9054
9054 9054
9054 9054
9055 9055
9055 9055
9055 9055
9055 9055
9056 9056
9056 9056
9056 9056
9056 9056
9057 9057
9057 9057
9057 9057
9057 9057
9058 9058
9058 9058
9058 9058
9058 9058
2771 8925
2773 8925
8490 8925
2772 8925
9059 8925
2770 8925
2769 8925
5785 8925
2768 8925
2825 8925
2767 8925
4297 8925
2882 8925
980 8925
8519 8925
8926 8925
8925 8925
8925 8925
8925 980
8925 2767
8925 2768
8925 2769
8925 2770
8925 2771
8925 2772
8925 2773
8925 2825
8925 2882
8925 4297
8925 5785
8925 8519
8925 8490
8925 8926
8925 9059
8925 8925
8925 8925
2776 8955
2777 8955
8976 8955
2778 8955
2877 8955
2781 8955
2782 8955
2783 8955
8975 8955
2780 8955
8956 8955
2779 8955
5777 8955
2774 8955
2775 8955
8955 8955
8955 8955
8955 2774
8955 2775
8955 2776
8955 2777
8955 2778
8955 2779
8955 2780
8955 2781
8955 2782
8955 2783
8955 2877
8955 5777
8955 8956
8955 8975
8955 8976
8955 8955
8955 8955
951 8953
2786 8953
2787 8953
1659 8953
2920 8953
2791 8953
2785 8953
8954 8953
9060 8953
2788 8953
2784 8953
2790 8953
2789 8953
9061 8953
2792 8953
8953 8953
8953 8953
8953 2784
8953 2785
8953 951
8953 2786
8953 2787
8953 2788
8953 2789
8953 2790
8953 2791
8953 2792
8953 2920
8953 1659
8953 8954
8953 9060
8953 9061
8953 8953
8953 8953
2793 9062
9062 9062
9062 9062
9062 2793
9062 9062
9062 9062
1041 9063
9063 9063
9063 9063
9063 1041
9063 9063
9063 9063
8952 9064
9064 9064
9064 9064
9064 8952
9064 9064
9064 9064
9065 9065
9065 9065
9065 9065
9065 9065
6465 8920
6469 8920
1798 8920
2796 8920
6479 8920
6470 8920
6461 8920
4398 8920
6473 8920
2798 8920
1230 8920
8014 8920
6471 8920
6488 8920
2794 8920
1799 8920
5774 8920
6815 8920
2797 8920
1795 8920
2795 8920
8921 8920
8920 8920
8920 8920
8920 2794
8920 1795
8920 2795
8920 2796
8920 2797
8920 2798
8920 1799
8920 1230
8920 1798
8920 4398
8920 5774
8920 6465
8920 6471
8920 6461
8920 6470
8920 6469
8920 6479
8920 6473
8920 6488
8920 6815
8920 8014
8920 8921
8920 8920
8920 8920
2921 8878
8879 8878
2800 8878
2804 8878
2803 8878
2802 8878
9066 8878
2805 8878
5780 8878
1850 8878
2920 8878
2807 8878
2799 8878
1653 8878
8050 8878
5773 8878
2801 8878
2806 8878
8878 8878
8878 8878
8878 2799
8878 1850
8878 2800
8878 2801
8878 2802
8878 2803
8878 2804
8878 2805
8878 2806
8878 2807
8878 2920
8878 2921
8878 5773
8878 1653
8878 5780
8878 8050
8878 8879
8878 9066
8878 8878
8878 8878
9060 9066
5785 9066
8878 9066
2807 9066
5773 9066
2806 9066
9066 9066
9066 9066
9066 2806
9066 2807
9066 5773
9066 5785
9066 8878
9066 9060
9066 9066
9066 9066
2812 9029
2808 9029
2813 9029
2811 9029
2810 9029
1229 9029
6465 9029
2809 9029
9030 9029
1230 9029
4317 9029
2815 9029
9029 9029
9029 9029
9029 1229
9029 2808
9029 2809
9029 2810
9029 2811
9029 2812
9029 2813
9029 2815
9029 1230
9029 4317
9029 6465
9029 9030
9029 9029
9029 9029
2819 8752
5803 8752
2820 8752
8050 8752
2817 8752
5773 8752
2816 8752
2818 8752
8758 8752
2814 8752
8490 8752
8753 8752
2815 8752
8752 8752
8752 8752
8752 2814
8752 2815
8752 2816
8752 2817
8752 2818
8752 2819
8752 2820
8752 5773
8752 5803
8752 8050
8752 8490
8752 8753
8752 8758
8752 8752
8752 8752
2821 9067
9067 9067
9067 9067
9067 2821
9067 9067
9067 9067
1659 9068
2823 9068
2822 9068
2824 9068
9068 9068
9068 9068
9068 2822
9068 2823
9068 2824
9068 1659
9068 9068
9068 9068
1653 8893
1658 8893
2880 8893
2832 8893
8490 8893
2829 8893
2826 8893
2828 8893
5779 8893
2879 8893
5775 8893
2891 8893
8943 8893
2915 8893
8894 8893
2831 8893
2825 8893
2827 8893
2830 8893
8893 8893
8893 8893
8893 2825
8893 2826
8893 2827
8893 2828
8893 2829
8893 2830
8893 2831
8893 2832
8893 2879
8893 2880
8893 2891
8893 2915
8893 1653
8893 5775
8893 5779
8893 1658
8893 8490
8893 8894
8893 8943
8893 8893
8893 8893
9066 9060
2922 9060
1654 9060
2833 9060
2836 9060
2838 9060
6473 9060
2835 9060
5778 9060
2837 9060
8953 9060
2920 9060
2834 9060
9060 9060
9060 9060
9060 2833
9060 2834
9060 2835
9060 2836
9060 2837
9060 2838
9060 2920
9060 1654
9060 2922
9060 5778
9060 6473
9060 8953
9060 9066
9060 9060
9060 9060
9069 9070
9070 9070
9070 9070
9070 9069
9070 9070
9070 9070
9070 9069
9069 9069
9069 9069
9069 9070
9069 9069
9069 9069
9071 9071
9071 9071
9071 9071
9071 9071
9072 9072
9072 9072
9072 9072
9072 9072
9073 9073
9073 9073
9073 9073
9073 9073
1247 9075
9074 9075
5980 9075
9075 9075
9075 9075
9075 1247
9075 5980
9075 9074
9075 9075
9075 9075
9076 9078
2840 9078
2839 9078
2122 9078
3125 9078
8525 9078
9077 9078
9078 9078
9078 9078
9078 2122
9078 2839
9078 2840
9078 3125
9078 8525
9078 9077
9078 9076
9078 9078
9078 9078
8382 9080
9079 9080
9080 9080
9080 9080
9080 8382
9080 9079
9080 9080
9080 9080
8384 9081
953 9081
9081 9081
9081 9081
9081 953
9081 8384
9081 9081
9081 9081
9079 9082
9082 9082
9082 9082
9082 9079
9082 9082
9082 9082
9083 9083
9083 9083
9083 9083
9083 9083
8678 8677
8677 8677
8677 8677
8677 8678
8677 8677
8677 8677
9084 9084
9084 9084
9084 9084
9084 9084
9085 9085
9085 9085
9085 9085
9085 9085
9086 9086
9086 9086
9086 9086
9086 9086
9087 9087
9087 9087
9087 9087
9087 9087
9088 9088
9088 9088
9088 9088
9088 9088
9089 9089
9089 9089
9089 9089
9089 9089
9090 9090
9090 9090
9090 9090
9090 9090
9091 9091
9091 9091
9091 9091
9091 9091
9092 9092
9092 9092
9092 9092
9092 9092
9093 9093
9093 9093
9093 9093
9093 9093
9094 9094
9094 9094
9094 9094
9094 9094
9095 9095
9095 9095
9095 9095
9095 9095
9096 9096
9096 9096
9096 9096
9096 9096
9097 9097
9097 9097
9097 9097
9097 9097
9098 9098
9098 9098
9098 9098
9098 9098
9099 9099
9099 9099
9099 9099
9099 9099
9100 9100
9100 9100
9100 9100
9100 9100
9101 9101
9101 9101
9101 9101
9101 9101
2842 9102
2843 9102
9102 9102
9102 9102
9102 2842
9102 2843
9102 9102
9102 9102
2844 9103
2845 9103
9103 9103
9103 9103
9103 2844
9103 2845
9103 9103
9103 9103
2847 8957
3175 8957
2848 8957
2846 8957
8958 8957
8961 8957
5784 8957
8957 8957
8957 8957
8957 2846
8957 2847
8957 2848
8957 3175
8957 5784
8957 8958
8957 8961
8957 8957
8957 8957
9104 9104
9104 9104
9104 9104
9104 9104
9105 9105
9105 9105
9105 9105
9105 9105
9106 9106
9106 9106
9106 9106
9106 9106
9107 9107
9107 9107
9107 9107
9107 9107
9108 9108
9108 9108
9108 9108
9108 9108
9109 9109
9109 9109
9109 9109
9109 9109
9110 9110
9110 9110
9110 9110
9110 9110
9111 9111
9111 9111
9111 9111
9111 9111
2850 9112
2849 9112
9112 9112
9112 9112
9112 2849
9112 2850
9112 9112
9112 9112
9113 9113
9113 9113
9113 9113
9113 9113
9114 9114
9114 9114
9114 9114
9114 9114
9115 9115
9115 9115
9115 9115
9115 9115
9116 9116
9116 9116
9116 9116
9116 9116
9117 9117
9117 9117
9117 9117
9117 9117
9118 9118
9118 9118
9118 9118
9118 9118
9119 9119
9119 9119
9119 9119
9119 9119
9120 9120
9120 9120
9120 9120
9120 9120
2852 9123
2851 9123
9121 9123
9122 9123
2853 9123
2854 9123
2855 9123
955 9123
9123 9123
9123 9123
9123 955
9123 2851
9123 2852
9123 2853
9123 2854
9123 2855
9123 9122
9123 9121
9123 9123
9123 9123
9124 9124
9124 9124
9124 9124
9124 9124
9125 9125
9125 9125
9125 9125
9125 9125
9126 9126
9126 9126
9126 9126
9126 9126
9127 9127
9127 9127
9127 9127
9127 9127
9128 9128
9128 9128
9128 9128
9128 9128
9129 9129
9129 9129
9129 9129
9129 9129
9130 9130
9130 9130
9130 9130
9130 9130
2857 9131
2859 9131
2860 9131
2861 9131
2856 9131
2858 9131
9131 9131
9131 9131
9131 2856
9131 2857
9131 2858
9131 2859
9131 2860
9131 2861
9131 9131
9131 9131
2865 9132
2866 9132
2864 9132
2863 9132
2862 9132
9132 9132
9132 9132
9132 2862
9132 2863
9132 2864
9132 2865
9132 2866
9132 9132
9132 9132
9133 9133
9133 9133
9133 9133
9133 9133
2871 9134
8145 9134
2176 9134
2872 9134
2873 9134
2867 9134
2869 9134
2870 9134
2868 9134
9134 9134
9134 9134
9134 2176
9134 2867
9134 2868
9134 2869
9134 2870
9134 2871
9134 2872
9134 2873
9134 8145
9134 9134
9134 9134
9082 9079
8492 9079
2876 9079
9080 9079
2874 9079
2875 9079
9079 9079
9079 9079
9079 2874
9079 2875
9079 2876
9079 8492
9079 9080
9079 9082
9079 9079
9079 9079
8786 9135
9135 9135
9135 9135
9135 8786
9135 9135
9135 9135
9136 9136
9136 9136
9136 9136
9136 9136
9137 9138
8786 9138
9138 9138
9138 9138
9138 9137
9138 8786
9138 9138
9138 9138
956 9139
9139 9139
9139 9139
9139 956
9139 9139
9139 9139
9140 9140
9140 9140
9140 9140
9140 9140
8953 9061
9061 9061
9061 9061
9061 8953
9061 9061
9061 9061
9141 9141
9141 9141
9141 9141
9141 9141
9142 9142
9142 9142
9142 9142
9142 9142
2879 9137
2901 9137
8511 9137
2881 9137
2880 9137
9138 9137
9137 9137
9137 9137
9137 2879
9137 2880
9137 2881
9137 2901
9137 8511
9137 9138
9137 9137
9137 9137
2884 9143
2882 9143
2885 9143
2883 9143
2900 9143
9143 9143
9143 9143
9143 2882
9143 2883
9143 2884
9143 2885
9143 2900
9143 9143
9143 9143
2887 8947
2886 8947
8948 8947
8947 8947
8947 8947
8947 2886
8947 2887
8947 8948
8947 8947
8947 8947
2890 8952
8511 8952
2898 8952
2897 8952
2896 8952
2895 8952
2894 8952
2893 8952
2892 8952
2877 8952
2891 8952
2889 8952
2888 8952
8513 8952
8954 8952
9064 8952
8952 8952
8952 8952
8952 2877
8952 2888
8952 2889
8952 2890
8952 2891
8952 2892
8952 2893
8952 2894
8952 2895
8952 2896
8952 2897
8952 2898
8952 8511
8952 8513
8952 8954
8952 9064
8952 8952
8952 8952
8785 8786
962 8786
2906 8786
8510 8786
9135 8786
2904 8786
2903 8786
9138 8786
2902 8786
2901 8786
2900 8786
2905 8786
2907 8786
8787 8786
2908 8786
2909 8786
2910 8786
8786 8786
8786 8786
8786 962
8786 2900
8786 2901
8786 2902
8786 2903
8786 2904
8786 2905
8786 2906
8786 2907
8786 2908
8786 2909
8786 2910
8786 8510
8786 8787
8786 8785
8786 9135
8786 9138
8786 8786
8786 8786
9144 9144
9144 9144
9144 9144
9144 9144
8049 8783
1066 8783
964 8783
8010 8783
8784 8783
970 8783
968 8783
6826 8783
2911 8783
3942 8783
8783 8783
8783 8783
8783 964
8783 968
8783 970
8783 2911
8783 1066
8783 3942
8783 6826
8783 8010
8783 8049
8783 8784
8783 8783
8783 8783
971 9145
1326 9145
2912 9145
1121 9145
9145 9145
9145 9145
9145 2912
9145 971
9145 1121
9145 1326
9145 9145
9145 9145
971 9146
1326 9146
1121 9146
9146 9146
9146 9146
9146 971
9146 1121
9146 1326
9146 9146
9146 9146
974 9147
972 9147
9147 9147
9147 9147
9147 972
9147 974
9147 9147
9147 9147
977 9148
5962 9148
9148 9148
9148 9148
9148 977
9148 5962
9148 9148
9148 9148
3473 8910
2058 8910
8911 8910
2917 8910
2916 8910
981 8910
2918 8910
2915 8910
8910 8910
8910 8910
8910 2915
8910 981
8910 2916
8910 2917
8910 2918
8910 2058
8910 3473
8910 8911
8910 8910
8910 8910
2919 9006
8437 9006
8483 9006
7718 9006
5237 9006
8076 9006
8863 9006
9006 9006
9006 9006
9006 2919
9006 5237
9006 7718
9006 8076
9006 8437
9006 8483
9006 8863
9006 9006
9006 9006
1641 9149
7709 9149
8483 9149
6616 9149
8437 9149
4736 9149
8462 9149
9149 9149
9149 9149
9149 4736
9149 1641
9149 6616
9149 7709
9149 8437
9149 8483
9149 8462
9149 9149
9149 9149
2920 8754
6479 8754
2921 8754
6164 8754
2924 8754
2922 8754
7026 8754
7025 8754
2923 8754
1654 8754
8755 8754
6473 8754
6465 8754
8961 8754
8754 8754
8754 8754
8754 2920
8754 1654
8754 2921
8754 2922
8754 2923
8754 2924
8754 6164
8754 6465
8754 6479
8754 6473
8754 7025
8754 7026
8754 8755
8754 8961
8754 8754
8754 8754
6840 8794
2927 8794
2930 8794
2928 8794
2926 8794
2925 8794
3957 8794
2929 8794
8796 8794
8801 8794
8794 8794
8794 8794
8794 2925
8794 2926
8794 2927
8794 2928
8794 2929
8794 2930
8794 3957
8794 6840
8794 8796
8794 8801
8794 8794
8794 8794
2931 9152
982 9152
9150 9152
2934 9152
1277 9152
2933 9152
2932 9152
9151 9152
9152 9152
9152 9152
9152 1277
9152 982
9152 2931
9152 2932
9152 2933
9152 2934
9152 9150
9152 9151
9152 9152
9152 9152
8954 8951
4249 8951
4248 8951
1189 8951
4243 8951
2936 8951
983 8951
8951 8951
8951 8951
8951 983
8951 4243
8951 1189
8951 4248
8951 4249
8951 2936
8951 8954
8951 8951
8951 8951
2937 9150
2939 9150
2938 9150
991 9150
985 9150
2940 9150
9152 9150
9150 9150
9150 9150
9150 985
9150 991
9150 2938
9150 2939
9150 2937
9150 2940
9150 9152
9150 9150
9150 9150
9153 9154
8000 9154
9154 9154
9154 9154
9154 8000
9154 9153
9154 9154
9154 9154
8876 8874
8875 8874
8874 8874
8874 8874
8874 8876
8874 8875
8874 8874
8874 8874
1179 9155
1186 9155
9155 9155
9155 9155
9155 1179
9155 1186
9155 9155
9155 9155
8000 9156
9153 9156
9156 9156
9156 9156
9156 8000
9156 9153
9156 9156
9156 9156
9157 9157
9157 9157
9157 9157
9157 9157
8797 8845
8845 8845
8845 8845
8845 8797
8845 8845
8845 8845
1186 9158
9158 9158
9158 9158
9158 1186
9158 9158
9158 9158
8014 9159
9159 9159
9159 9159
9159 8014
9159 9159
9159 9159
9153 9160
9160 9160
9160 9160
9160 9153
9160 9160
9160 9160
9161 9161
9161 9161
9161 9161
9161 9161
9162 9162
9162 9162
9162 9162
9162 9162
9163 9163
9163 9163
9163 9163
9163 9163
2948 8875
2943 8875
2942 8875
2941 8875
7038 8875
994 8875
8876 8875
2944 8875
4401 8875
1665 8875
8000 8875
7968 8875
2945 8875
2946 8875
6891 8875
9153 8875
2947 8875
3809 8875
8874 8875
8875 8875
8875 8875
8875 994
8875 2941
8875 2942
8875 2943
8875 2944
8875 2945
8875 2946
8875 2947
8875 2948
8875 3809
8875 4401
8875 1665
8875 6891
8875 7038
8875 7968
8875 8000
8875 8876
8875 8874
8875 9153
8875 8875
8875 8875
2959 9153
2951 9153
4310 9153
9164 9153
3141 9153
9154 9153
2958 9153
2957 9153
2956 9153
2955 9153
2954 9153
9165 9153
2953 9153
8048 9153
7968 9153
8875 9153
6949 9153
2949 9153
2950 9153
9160 9153
9156 9153
2952 9153
2165 9153
9153 9153
9153 9153
9153 2949
9153 2950
9153 2951
9153 2952
9153 2953
9153 2954
9153 2955
9153 2956
9153 2957
9153 2958
9153 2959
9153 3141
9153 2165
9153 4310
9153 6949
9153 7968
9153 8048
9153 9154
9153 9156
9153 9160
9153 8875
9153 9165
9153 9164
9153 9153
9153 9153
7120 9166
7119 9166
9166 9166
9166 9166
9166 7119
9166 7120
9166 9166
9166 9166
2960 9167
5323 9167
4325 9167
9167 9167
9167 9167
9167 2960
9167 4325
9167 5323
9167 9167
9167 9167
9153 9165
9165 9165
9165 9165
9165 9153
9165 9165
9165 9165
9078 9077
9077 9077
9077 9077
9077 9078
9077 9077
9077 9077
9075 9074
9074 9074
9074 9074
9074 9075
9074 9074
9074 9074
9168 9168
9168 9168
9168 9168
9168 9168
9078 9076
9076 9076
9076 9076
9076 9078
9076 9076
9076 9076
9169 9169
9169 9169
9169 9169
9169 9169
5967 8849
5966 8849
8793 8849
2965 8849
2961 8849
8048 8849
2966 8849
3143 8849
2967 8849
2962 8849
996 8849
2963 8849
2964 8849
8849 8849
8849 8849
8849 996
8849 2961
8849 2962
8849 2963
8849 2964
8849 2965
8849 2966
8849 2967
8849 3143
8849 5966
8849 5967
8849 8048
8849 8793
8849 8849
8849 8849
8045 8795
2968 8795
1281 8795
8796 8795
2969 8795
1324 8795
4385 8795
2546 8795
2970 8795
2971 8795
2972 8795
8795 8795
8795 8795
8795 2968
8795 1281
8795 2969
8795 2970
8795 2971
8795 2972
8795 4385
8795 2546
8795 1324
8795 8045
8795 8796
8795 8795
8795 8795
4444 8962
9170 8962
2550 8962
2974 8962
6816 8962
1200 8962
8963 8962
4012 8962
4389 8962
6476 8962
2551 8962
8962 8962
8962 8962
8962 2550
8962 2974
8962 4012
8962 1200
8962 4389
8962 2551
8962 4444
8962 6476
8962 6816
8962 8963
8962 9170
8962 8962
8962 8962
2974 9170
2975 9170
2973 9170
2977 9170
2979 9170
2550 9170
1200 9170
2978 9170
2976 9170
8962 9170
6815 9170
9170 9170
9170 9170
9170 2550
9170 2973
9170 2974
9170 2975
9170 2976
9170 2977
9170 2978
9170 2979
9170 1200
9170 6815
9170 8962
9170 9170
9170 9170
4387 9171
1524 9171
2551 9171
998 9171
2983 9171
2984 9171
1319 9171
2980 9171
2982 9171
2981 9171
9171 9171
9171 9171
9171 998
9171 2980
9171 2981
9171 2982
9171 2983
9171 2984
9171 4387
9171 2551
9171 1319
9171 1524
9171 9171
9171 9171
2985 9172
3948 9172
2986 9172
2987 9172
2989 9172
2988 9172
3949 9172
9172 9172
9172 9172
9172 2985
9172 2986
9172 2987
9172 2988
9172 2989
9172 3948
9172 3949
9172 9172
9172 9172
6266 9151
9152 9151
9151 9151
9151 9151
9151 6266
9151 9152
9151 9151
9151 9151
9173 9173
9173 9173
9173 9173
9173 9173
7372 9174
9174 9174
9174 9174
9174 7372
9174 9174
9174 9174
9175 9175
9175 9175
9175 9175
9175 9175
9176 9176
9176 9176
9176 9176
9176 9176
8548 9177
9177 9177
9177 9177
9177 8548
9177 9177
9177 9177
9178 9178
9178 9178
9178 9178
9178 9178
9179 9179
9179 9179
9179 9179
9179 9179
9180 9180
9180 9180
9180 9180
9180 9180
9181 9181
9181 9181
9181 9181
9181 9181
9182 9182
9182 9182
9182 9182
9182 9182
9183 9183
9183 9183
9183 9183
9183 9183
9184 8645
9185 8645
9186 8645
9187 8645
9188 8645
9189 8645
5815 8645
2994 8645
9190 8645
4297 8645
8646 8645
8789 8645
2990 8645
8643 8645
8645 8645
8645 8645
8645 2990
8645 2994
8645 4297
8645 5815
8645 8646
8645 8789
8645 9184
8645 9185
8645 9187
8645 9186
8645 9188
8645 9189
8645 9190
8645 8643
8645 8645
8645 8645
1173 9191
6082 9191
6086 9191
2993 9191
6084 9191
6166 9191
2992 9191
2991 9191
9191 9191
9191 9191
9191 2991
9191 2992
9191 2993
9191 1173
9191 6082
9191 6084
9191 6086
9191 6166
9191 9191
9191 9191
9192 8789
8790 8789
1002 8789
2994 8789
8529 8789
1038 8789
8645 8789
8789 8789
8789 8789
8789 1002
8789 2994
8789 1038
8789 8529
8789 8790
8789 8645
8789 9192
8789 8789
8789 8789
2995 8918
2996 8918
5901 8918
8919 8918
8918 8918
8918 8918
8918 2995
8918 2996
8918 5901
8918 8919
8918 8918
8918 8918
9187 9184
2997 9184
8645 9184
2998 9184
9184 9184
9184 9184
9184 2997
9184 2998
9184 8645
9184 9187
9184 9184
9184 9184
8643 9185
8645 9185
9185 9185
9185 9185
9185 8645
9185 8643
9185 9185
9185 9185
9184 9187
8645 9187
9187 9187
9187 9187
9187 8645
9187 9184
9187 9187
9187 9187
1004 9186
8645 9186
9186 9186
9186 9186
9186 1004
9186 8645
9186 9186
9186 9186
8645 9188
9188 9188
9188 9188
9188 8645
9188 9188
9188 9188
9193 9193
9193 9193
9193 9193
9193 9193
8789 9192
9192 9192
9192 9192
9192 8789
9192 9192
9192 9192
9194 9194
9194 9194
9194 9194
9194 9194
8645 9189
9189 9189
9189 9189
9189 8645
9189 9189
9189 9189
9195 9195
9195 9195
9195 9195
9195 9195
1470 9196
1024 9196
1014 9196
9196 9196
9196 9196
9196 1014
9196 1024
9196 1470
9196 9196
9196 9196
1029 9197
8354 9197
1026 9197
9197 9197
9197 9197
9197 1026
9197 1029
9197 8354
9197 9197
9197 9197
6825 9198
9198 9198
9198 9198
9198 6825
9198 9198
9198 9198
1431 9199
9199 9199
9199 9199
9199 1431
9199 9199
9199 9199
9200 9200
9200 9200
9200 9200
9200 9200
9201 9201
9201 9201
9201 9201
9201 9201
6825 9202
9202 9202
9202 9202
9202 6825
9202 9202
9202 9202
9203 9203
9203 9203
9203 9203
9203 9203
9204 9204
9204 9204
9204 9204
9204 9204
9205 9205
9205 9205
9205 9205
9205 9205
9206 9206
9206 9206
9206 9206
9206 9206
9207 9207
9207 9207
9207 9207
9207 9207
8556 9208
9208 9208
9208 9208
9208 8556
9208 9208
9208 9208
9209 9209
9209 9209
9209 9209
9209 9209
8792 8791
8791 8791
8791 8791
8791 8792
8791 8791
8791 8791
9210 9210
9210 9210
9210 9210
9210 9210
9211 9211
9211 9211
9211 9211
9211 9211
9212 9212
9212 9212
9212 9212
9212 9212
9213 9213
9213 9213
9213 9213
9213 9213
9214 9214
9214 9214
9214 9214
9214 9214
9215 9215
9215 9215
9215 9215
9215 9215
8925 9059
8556 9059
9059 9059
9059 9059
9059 8556
9059 8925
9059 9059
9059 9059
1032 9216
9216 9216
9216 9216
9216 1032
9216 9216
9216 9216
9217 9217
9217 9217
9217 9217
9217 9217
3001 9218
3003 9218
3002 9218
3004 9218
3005 9218
3006 9218
9218 9218
9218 9218
9218 3001
9218 3002
9218 3003
9218 3004
9218 3005
9218 3006
9218 9218
9218 9218
9219 9220
9220 9220
9220 9220
9220 9219
9220 9220
9220 9220
1043 9221
9221 9221
9221 9221
9221 1043
9221 9221
9221 9221
9222 9222
9222 9222
9222 9222
9222 9222
9223 9223
9223 9223
9223 9223
9223 9223
9224 9224
9224 9224
9224 9224
9224 9224
9225 9225
9225 9225
9225 9225
9225 9225
9226 9226
9226 9226
9226 9226
9226 9226
9227 9227
9227 9227
9227 9227
9227 9227
9228 9228
9228 9228
9228 9228
9228 9228
9229 9229
9229 9229
9229 9229
9229 9229
9230 9230
9230 9230
9230 9230
9230 9230
9231 9231
9231 9231
9231 9231
9231 9231
9232 9232
9232 9232
9232 9232
9232 9232
9233 9233
9233 9233
9233 9233
9233 9233
9234 9234
9234 9234
9234 9234
9234 9234
9235 9235
9235 9235
9235 9235
9235 9235
9123 9122
9122 9122
9122 9122
9122 9123
9122 9122
9122 9122
9123 9121
9121 9121
9121 9121
9121 9123
9121 9121
9121 9121
9236 9236
9236 9236
9236 9236
9236 9236
9237 9237
9237 9237
9237 9237
9237 9237
9238 9238
9238 9238
9238 9238
9238 9238
9239 9240
9240 9240
9240 9240
9240 9239
9240 9240
9240 9240
9241 9241
9241 9241
9241 9241
9241 9241
9242 9242
9242 9242
9242 9242
9242 9242
7122 9239
3007 9239
9240 9239
9239 9239
9239 9239
9239 3007
9239 7122
9239 9240
9239 9239
9239 9239
1038 9243
9243 9243
9243 9243
9243 1038
9243 9243
9243 9243
8645 9190
9190 9190
9190 9190
9190 8645
9190 9190
9190 9190
9244 9244
9244 9244
9244 9244
9244 9244
9245 9245
9245 9245
9245 9245
9245 9245
9246 9246
9246 9246
9246 9246
9246 9246
9247 9247
9247 9247
9247 9247
9247 9247
9153 9164
1038 9164
9164 9164
9164 9164
9164 1038
9164 9153
9164 9164
9164 9164
9248 9248
9248 9248
9248 9248
9248 9248
8656 8654
8654 8654
8654 8654
8654 8656
8654 8654
8654 8654
8656 8655
8655 8655
8655 8655
8655 8656
8655 8655
8655 8655
9249 9249
9249 9249
9249 9249
9249 9249
9250 9250
9250 9250
9250 9250
9250 9250
9251 9251
9251 9251
9251 9251
9251 9251
9252 9252
9252 9252
9252 9252
9252 9252
9253 9253
9253 9253
9253 9253
9253 9253
9254 9254
9254 9254
9254 9254
9254 9254
7248 9255
3017 9255
3015 9255
3014 9255
3013 9255
3016 9255
3011 9255
3010 9255
3009 9255
3012 9255
8065 9255
9255 9255
9255 9255
9255 3009
9255 3010
9255 3011
9255 3012
9255 3013
9255 3014
9255 3015
9255 3016
9255 3017
9255 7248
9255 8065
9255 9255
9255 9255
3025 9256
3023 9256
3022 9256
6968 9256
3020 9256
3019 9256
3018 9256
3021 9256
3024 9256
9256 9256
9256 9256
9256 3018
9256 3019
9256 3020
9256 3021
9256 3022
9256 3023
9256 3024
9256 3025
9256 6968
9256 9256
9256 9256
3031 9257
3030 9257
3029 9257
3028 9257
8558 9257
3032 9257
8074 9257
3027 9257
3026 9257
9257 9257
9257 9257
9257 3026
9257 3027
9257 3028
9257 3029
9257 3030
9257 3031
9257 3032
9257 8074
9257 8558
9257 9257
9257 9257
3036 8970
8971 8970
3033 8970
3035 8970
3037 8970
3034 8970
8970 8970
8970 8970
8970 3033
8970 3034
8970 3035
8970 3036
8970 3037
8970 8971
8970 8970
8970 8970
3038 9258
7976 9258
7107 9258
3039 9258
6998 9258
9258 9258
9258 9258
9258 3038
9258 3039
9258 6998
9258 7107
9258 7976
9258 9258
9258 9258
3040 9259
3041 9259
9259 9259
9259 9259
9259 3040
9259 3041
9259 9259
9259 9259
3042 9260
3045 9260
3043 9260
6007 9260
3046 9260
3044 9260
3048 9260
3047 9260
9260 9260
9260 9260
9260 3042
9260 3043
9260 3044
9260 3045
9260 3046
9260 3047
9260 3048
9260 6007
9260 9260
9260 9260
4398 9261
6859 9261
3049 9261
9261 9261
9261 9261
9261 3049
9261 4398
9261 6859
9261 9261
9261 9261
3050 9219
3053 9219
3052 9219
3051 9219
9220 9219
9219 9219
9219 9219
9219 3050
9219 3051
9219 3052
9219 3053
9219 9220
9219 9219
9219 9219
3065 9262
6565 9262
3064 9262
3063 9262
3062 9262
6562 9262
7475 9262
3057 9262
3055 9262
3060 9262
3056 9262
3059 9262
3789 9262
3054 9262
3061 9262
3058 9262
9262 9262
9262 9262
9262 3054
9262 3055
9262 3056
9262 3057
9262 3058
9262 3059
9262 3060
9262 3061
9262 3062
9262 3063
9262 3064
9262 3065
9262 3789
9262 6562
9262 6565
9262 7475
9262 9262
9262 9262
3073 9263
6332 9263
9263 9263
9263 9263
9263 3073
9263 6332
9263 9263
9263 9263
9264 9264
9264 9264
9264 9264
9264 9264
3066 9265
9265 9265
9265 9265
9265 3066
9265 9265
9265 9265
9266 9266
9266 9266
9266 9266
9266 9266
9267 9267
9267 9267
9267 9267
9267 9267
8824 8822
8822 8822
8822 8822
8822 8824
8822 8822
8822 8822
9268 9268
9268 9268
9268 9268
9268 9268
9269 9269
9269 9269
9269 9269
9269 9269
9270 9270
9270 9270
9270 9270
9270 9270
6379 9271
3067 9271
3068 9271
5249 9271
3069 9271
3070 9271
8148 9271
3071 9271
9271 9271
9271 9271
9271 3067
9271 3068
9271 3069
9271 3070
9271 3071
9271 5249
9271 6379
9271 8148
9271 9271
9271 9271
3072 9272
6379 9272
9272 9272
9272 9272
9272 3072
9272 6379
9272 9272
9272 9272
1041 9273
9273 9273
9273 9273
9273 1041
9273 9273
9273 9273
6524 8823
8824 8823
8830 8823
8829 8823
6439 8823
8823 8823
8823 8823
8823 6439
8823 6524
8823 8824
8823 8830
8823 8829
8823 8823
8823 8823
9274 9274
9274 9274
9274 9274
9274 9274
3077 9275
3075 9275
3078 9275
3074 9275
3076 9275
6442 9275
5803 9275
1108 9275
9275 9275
9275 9275
9275 1108
9275 3074
9275 3075
9275 3076
9275 3077
9275 3078
9275 5803
9275 6442
9275 9275
9275 9275
3079 9276
3080 9276
3081 9276
4608 9276
4603 9276
7539 9276
4601 9276
4588 9276
3082 9276
7535 9276
4589 9276
4590 9276
4612 9276
6103 9276
4610 9276
9276 9276
9276 9276
9276 3079
9276 3080
9276 3081
9276 3082
9276 4588
9276 4589
9276 4590
9276 4601
9276 4603
9276 4610
9276 4612
9276 4608
9276 6103
9276 7535
9276 7539
9276 9276
9276 9276
3088 9277
3087 9277
3086 9277
6867 9277
3085 9277
3084 9277
3083 9277
3089 9277
3408 9277
9277 9277
9277 9277
9277 3083
9277 3084
9277 3085
9277 3086
9277 3087
9277 3088
9277 3089
9277 3408
9277 6867
9277 9277
9277 9277
9185 8643
3090 8643
3092 8643
3091 8643
4367 8643
3094 8643
3093 8643
8645 8643
8644 8643
8643 8643
8643 8643
8643 3090
8643 3091
8643 3092
8643 3093
8643 3094
8643 4367
8643 8644
8643 8645
8643 9185
8643 8643
8643 8643
5980 9278
9278 9278
9278 9278
9278 5980
9278 9278
9278 9278
9279 9279
9279 9279
9279 9279
9279 9279
9280 9280
9280 9280
9280 9280
9280 9280
9281 9281
9281 9281
9281 9281
9281 9281
9282 9282
9282 9282
9282 9282
9282 9282
3095 9283
3096 9283
8529 9283
9283 9283
9283 9283
9283 3095
9283 3096
9283 8529
9283 9283
9283 9283
1242 9284
1236 9284
9284 9284
9284 9284
9284 1236
9284 1242
9284 9284
9284 9284
