7410 7410
7410 7410
7410 7410
7410 7410
7411 7411
7411 7411
7411 7411
7411 7411
7412 7412
7412 7412
7412 7412
7412 7412
7413 7413
7413 7413
7413 7413
7413 7413
7414 7414
7414 7414
7414 7414
7414 7414
7415 7415
7415 7415
7415 7415
7415 7415
7416 7416
7416 7416
7416 7416
7416 7416
7417 7417
7417 7417
7417 7417
7417 7417
7418 7418
7418 7418
7418 7418
7418 7418
7419 7419
7419 7419
7419 7419
7419 7419
7420 7420
7420 7420
7420 7420
7420 7420
7421 7421
7421 7421
7421 7421
7421 7421
7422 7422
7422 7422
7422 7422
7422 7422
7423 7423
7423 7423
7423 7423
7423 7423
7424 7424
7424 7424
7424 7424
7424 7424
7425 7425
7425 7425
7425 7425
7425 7425
7426 7426
7426 7426
7426 7426
7426 7426
7427 7427
7427 7427
7427 7427
7427 7427
7428 7428
7428 7428
7428 7428
7428 7428
7429 7429
7429 7429
7429 7429
7429 7429
2018 7430
729 7430
7430 7430
7430 7430
7430 729
7430 2018
7430 7430
7430 7430
7431 7431
7431 7431
7431 7431
7431 7431
7432 7432
7432 7432
7432 7432
7432 7432
7433 7433
7433 7433
7433 7433
7433 7433
7434 7434
7434 7434
7434 7434
7434 7434
7435 7435
7435 7435
7435 7435
7435 7435
3354 7436
2019 7436
2025 7436
2020 7436
2021 7436
3353 7436
2022 7436
7436 7436
7436 7436
7436 2019
7436 2020
7436 2022
7436 3353
7436 3354
7436 2021
7436 2025
7436 7436
7436 7436
7437 7438
1157 7438
1158 7438
7438 7438
7438 7438
7438 1158
7438 1157
7438 7437
7438 7438
7438 7438
2023 7437
7438 7437
2024 7437
7439 7437
2022 7437
7437 7437
7437 7437
7437 2022
7437 2023
7437 2024
7437 7438
7437 7439
7437 7437
7437 7437
1157 7440
732 7440
7440 7440
7440 7440
7440 732
7440 1157
7440 7440
7440 7440
7441 7441
7441 7441
7441 7441
7441 7441
1157 7442
7442 7442
7442 7442
7442 1157
7442 7442
7442 7442
1157 7443
7443 7443
7443 7443
7443 1157
7443 7443
7443 7443
7444 7444
7444 7444
7444 7444
7444 7444
7445 7445
7445 7445
7445 7445
7445 7445
7446 7446
7446 7446
7446 7446
7446 7446
7437 7439
7439 7439
7439 7439
7439 7437
7439 7439
7439 7439
7447 7447
7447 7447
7447 7447
7447 7447
7448 7448
7448 7448
7448 7448
7448 7448
7449 7449
7449 7449
7449 7449
7449 7449
1157 7450
7450 7450
7450 7450
7450 1157
7450 7450
7450 7450
7451 7451
7451 7451
7451 7451
7451 7451
7452 7452
7452 7452
7452 7452
7452 7452
7453 7453
7453 7453
7453 7453
7453 7453
7454 7454
7454 7454
7454 7454
7454 7454
7455 7455
7455 7455
7455 7455
7455 7455
7456 7456
7456 7456
7456 7456
7456 7456
7457 7457
7457 7457
7457 7457
7457 7457
4494 7458
7458 7458
7458 7458
7458 4494
7458 7458
7458 7458
7459 7459
7459 7459
7459 7459
7459 7459
7460 7460
7460 7460
7460 7460
7460 7460
7461 7461
7461 7461
7461 7461
7461 7461
7462 7462
7462 7462
7462 7462
7462 7462
7463 7463
7463 7463
7463 7463
7463 7463
7464 7464
7464 7464
7464 7464
7464 7464
7465 7465
7465 7465
7465 7465
7465 7465
7466 7466
7466 7466
7466 7466
7466 7466
7467 7467
7467 7467
7467 7467
7467 7467
7468 7468
7468 7468
7468 7468
7468 7468
7469 7469
7469 7469
7469 7469
7469 7469
7470 7470
7470 7470
7470 7470
7470 7470
6406 7471
7471 7471
7471 7471
7471 6406
7471 7471
7471 7471
7472 7472
7472 7472
7472 7472
7472 7472
7473 7473
7473 7473
7473 7473
7473 7473
7474 7474
7474 7474
7474 7474
7474 7474
7475 7475
7475 7475
7475 7475
7475 7475
7476 7476
7476 7476
7476 7476
7476 7476
7477 7477
7477 7477
7477 7477
7477 7477
7478 7478
7478 7478
7478 7478
7478 7478
7479 7479
7479 7479
7479 7479
7479 7479
7480 7480
7480 7480
7480 7480
7480 7480
7481 7481
7481 7481
7481 7481
7481 7481
7482 7482
7482 7482
7482 7482
7482 7482
7483 7483
7483 7483
7483 7483
7483 7483
7484 7484
7484 7484
7484 7484
7484 7484
7485 7485
7485 7485
7485 7485
7485 7485
7486 7486
7486 7486
7486 7486
7486 7486
7487 7487
7487 7487
7487 7487
7487 7487
7488 7488
7488 7488
7488 7488
7488 7488
7489 7489
7489 7489
7489 7489
7489 7489
7490 7490
7490 7490
7490 7490
7490 7490
6265 7491
7491 7491
7491 7491
7491 6265
7491 7491
7491 7491
7492 7492
7492 7492
7492 7492
7492 7492
7493 7493
7493 7493
7493 7493
7493 7493
7494 7494
7494 7494
7494 7494
7494 7494
7495 7495
7495 7495
7495 7495
7495 7495
7496 7496
7496 7496
7496 7496
7496 7496
7497 7497
7497 7497
7497 7497
7497 7497
7498 7498
7498 7498
7498 7498
7498 7498
7499 7499
7499 7499
7499 7499
7499 7499
2027 7500
5412 7500
2028 7500
7500 7500
7500 7500
7500 2027
7500 2028
7500 5412
7500 7500
7500 7500
7501 7501
7501 7501
7501 7501
7501 7501
7502 7502
7502 7502
7502 7502
7502 7502
7503 7503
7503 7503
7503 7503
7503 7503
7504 7504
7504 7504
7504 7504
7504 7504
7505 7505
7505 7505
7505 7505
7505 7505
7506 7506
7506 7506
7506 7506
7506 7506
7507 7507
7507 7507
7507 7507
7507 7507
7508 7508
7508 7508
7508 7508
7508 7508
7509 7509
7509 7509
7509 7509
7509 7509
7510 7510
7510 7510
7510 7510
7510 7510
7511 7511
7511 7511
7511 7511
7511 7511
1156 7512
7512 7512
7512 7512
7512 1156
7512 7512
7512 7512
7513 7513
7513 7513
7513 7513
7513 7513
7514 7514
7514 7514
7514 7514
7514 7514
7515 7515
7515 7515
7515 7515
7515 7515
7516 7516
7516 7516
7516 7516
7516 7516
7517 7517
7517 7517
7517 7517
7517 7517
2029 7518
7518 7518
7518 7518
7518 2029
7518 7518
7518 7518
735 7519
7519 7519
7519 7519
7519 735
7519 7519
7519 7519
6713 7520
7520 7520
7520 7520
7520 6713
7520 7520
7520 7520
7521 7521
7521 7521
7521 7521
7521 7521
7522 7522
7522 7522
7522 7522
7522 7522
7523 7523
7523 7523
7523 7523
7523 7523
7524 7524
7524 7524
7524 7524
7524 7524
4698 7525
2031 7525
4699 7525
7525 7525
7525 7525
7525 2031
7525 4698
7525 4699
7525 7525
7525 7525
7526 7526
7526 7526
7526 7526
7526 7526
7527 7527
7527 7527
7527 7527
7527 7527
7528 7528
7528 7528
7528 7528
7528 7528
7529 7529
7529 7529
7529 7529
7529 7529
7530 7530
7530 7530
7530 7530
7530 7530
7531 7531
7531 7531
7531 7531
7531 7531
7532 7532
7532 7532
7532 7532
7532 7532
7533 7533
7533 7533
7533 7533
7533 7533
2035 7534
2034 7534
2037 7534
2033 7534
4550 7534
5318 7534
2036 7534
5545 7534
2032 7534
7534 7534
7534 7534
7534 2032
7534 2033
7534 2034
7534 2035
7534 2036
7534 2037
7534 4550
7534 5318
7534 5545
7534 7534
7534 7534
1376 7535
7535 7535
7535 7535
7535 1376
7535 7535
7535 7535
7536 7536
7536 7536
7536 7536
7536 7536
3773 7537
7537 7537
7537 7537
7537 3773
7537 7537
7537 7537
7538 7538
7538 7538
7538 7538
7538 7538
7539 7539
7539 7539
7539 7539
7539 7539
7540 7540
7540 7540
7540 7540
7540 7540
7541 7541
7541 7541
7541 7541
7541 7541
7542 7542
7542 7542
7542 7542
7542 7542
3773 7543
7543 7543
7543 7543
7543 3773
7543 7543
7543 7543
7544 7544
7544 7544
7544 7544
7544 7544
7545 7545
7545 7545
7545 7545
7545 7545
7546 7546
7546 7546
7546 7546
7546 7546
3978 7547
1373 7547
7547 7547
7547 7547
7547 3978
7547 1373
7547 7547
7547 7547
1373 7548
3978 7548
1166 7548
7548 7548
7548 7548
7548 3978
7548 1166
7548 1373
7548 7548
7548 7548
7549 7549
7549 7549
7549 7549
7549 7549
7550 7550
7550 7550
7550 7550
7550 7550
7551 7551
7551 7551
7551 7551
7551 7551
7552 7552
7552 7552
7552 7552
7552 7552
7553 7553
7553 7553
7553 7553
7553 7553
7554 7554
7554 7554
7554 7554
7554 7554
7555 7555
7555 7555
7555 7555
7555 7555
7556 7556
7556 7556
7556 7556
7556 7556
7557 7557
7557 7557
7557 7557
7557 7557
7558 7558
7558 7558
7558 7558
7558 7558
7559 7559
7559 7559
7559 7559
7559 7559
7560 7560
7560 7560
7560 7560
7560 7560
7561 7561
7561 7561
7561 7561
7561 7561
7562 7562
7562 7562
7562 7562
7562 7562
7563 7563
7563 7563
7563 7563
7563 7563
7564 7564
7564 7564
7564 7564
7564 7564
7565 7565
7565 7565
7565 7565
7565 7565
7566 7567
7567 7567
7567 7567
7567 7566
7567 7567
7567 7567
7568 7568
7568 7568
7568 7568
7568 7568
7569 7569
7569 7569
7569 7569
7569 7569
7570 7570
7570 7570
7570 7570
7570 7570
7571 7571
7571 7571
7571 7571
7571 7571
7572 7572
7572 7572
7572 7572
7572 7572
7573 7573
7573 7573
7573 7573
7573 7573
7574 7574
7574 7574
7574 7574
7574 7574
7575 7575
7575 7575
7575 7575
7575 7575
7576 7576
7576 7576
7576 7576
7576 7576
7577 7577
7577 7577
7577 7577
7577 7577
7578 7578
7578 7578
7578 7578
7578 7578
7579 7579
7579 7579
7579 7579
7579 7579
7580 7580
7580 7580
7580 7580
7580 7580
7581 7581
7581 7581
7581 7581
7581 7581
7582 7582
7582 7582
7582 7582
7582 7582
7583 7583
7583 7583
7583 7583
7583 7583
7584 7584
7584 7584
7584 7584
7584 7584
7585 7585
7585 7585
7585 7585
7585 7585
7586 7586
7586 7586
7586 7586
7586 7586
7587 7587
7587 7587
7587 7587
7587 7587
7588 7588
7588 7588
7588 7588
7588 7588
7589 7589
7589 7589
7589 7589
7589 7589
7590 7590
7590 7590
7590 7590
7590 7590
7591 7591
7591 7591
7591 7591
7591 7591
7592 7592
7592 7592
7592 7592
7592 7592
7593 7593
7593 7593
7593 7593
7593 7593
7594 7594
7594 7594
7594 7594
7594 7594
7595 7595
7595 7595
7595 7595
7595 7595
7596 7596
7596 7596
7596 7596
7596 7596
7597 7597
7597 7597
7597 7597
7597 7597
7598 7598
7598 7598
7598 7598
7598 7598
7599 7599
7599 7599
7599 7599
7599 7599
7600 7600
7600 7600
7600 7600
7600 7600
7601 7601
7601 7601
7601 7601
7601 7601
7602 7602
7602 7602
7602 7602
7602 7602
7603 7603
7603 7603
7603 7603
7603 7603
7604 7604
7604 7604
7604 7604
7604 7604
7605 7606
7606 7606
7606 7606
7606 7605
7606 7606
7606 7606
7607 7607
7607 7607
7607 7607
7607 7607
7608 7608
7608 7608
7608 7608
7608 7608
7609 7609
7609 7609
7609 7609
7609 7609
7610 7610
7610 7610
7610 7610
7610 7610
7611 7611
7611 7611
7611 7611
7611 7611
7612 7612
7612 7612
7612 7612
7612 7612
7613 7613
7613 7613
7613 7613
7613 7613
7614 7614
7614 7614
7614 7614
7614 7614
7615 7615
7615 7615
7615 7615
7615 7615
7616 7616
7616 7616
7616 7616
7616 7616
7617 7617
7617 7617
7617 7617
7617 7617
7618 7618
7618 7618
7618 7618
7618 7618
7619 7619
7619 7619
7619 7619
7619 7619
7620 7620
7620 7620
7620 7620
7620 7620
7621 7621
7621 7621
7621 7621
7621 7621
7622 7622
7622 7622
7622 7622
7622 7622
7623 7623
7623 7623
7623 7623
7623 7623
7624 7624
7624 7624
7624 7624
7624 7624
7625 7625
7625 7625
7625 7625
7625 7625
7626 7626
7626 7626
7626 7626
7626 7626
7627 7627
7627 7627
7627 7627
7627 7627
7628 7628
7628 7628
7628 7628
7628 7628
7629 7629
7629 7629
7629 7629
7629 7629
2042 7630
2041 7630
2040 7630
2038 7630
5632 7630
2017 7630
2039 7630
4479 7630
4152 7630
4153 7630
6894 7630
4469 7630
4163 7630
3809 7630
5134 7630
6386 7630
6385 7630
7630 7630
7630 7630
7630 2017
7630 2038
7630 2039
7630 2040
7630 2041
7630 2042
7630 3809
7630 4152
7630 4153
7630 4163
7630 4469
7630 4479
7630 5134
7630 5632
7630 6385
7630 6386
7630 6894
7630 7630
7630 7630
7631 7631
7631 7631
7631 7631
7631 7631
7632 7632
7632 7632
7632 7632
7632 7632
3773 7633
7633 7633
7633 7633
7633 3773
7633 7633
7633 7633
7634 7634
7634 7634
7634 7634
7634 7634
7635 7635
7635 7635
7635 7635
7635 7635
7636 7636
7636 7636
7636 7636
7636 7636
7637 7637
7637 7637
7637 7637
7637 7637
7638 7638
7638 7638
7638 7638
7638 7638
7639 7639
7639 7639
7639 7639
7639 7639
7152 7641
7640 7641
2043 7641
2044 7641
7200 7641
7605 7641
7204 7641
7203 7641
7209 7641
7205 7641
7206 7641
7641 7641
7641 7641
7641 2043
7641 2044
7641 7152
7641 7200
7641 7203
7641 7204
7641 7205
7641 7206
7641 7209
7641 7605
7641 7640
7641 7641
7641 7641
2045 7643
738 7643
741 7643
5953 7643
2046 7643
2047 7643
2049 7643
2048 7643
7642 7643
7643 7643
7643 7643
7643 738
7643 741
7643 2045
7643 2046
7643 2047
7643 2048
7643 2049
7643 5953
7643 7642
7643 7643
7643 7643
4197 7605
7606 7605
2050 7605
7208 7605
7152 7605
7642 7605
7641 7605
7605 7605
7605 7605
7605 2050
7605 4197
7605 7152
7605 7208
7605 7606
7605 7641
7605 7642
7605 7605
7605 7605
7205 7640
7204 7640
7641 7640
7640 7640
7640 7640
7640 7204
7640 7205
7640 7641
7640 7640
7640 7640
4584 7644
7644 7644
7644 7644
7644 4584
7644 7644
7644 7644
1550 7645
7645 7645
7645 7645
7645 1550
7645 7645
7645 7645
7605 7642
7643 7642
7642 7642
7642 7642
7642 7643
7642 7605
7642 7642
7642 7642
7646 7646
7646 7646
7646 7646
7646 7646
7647 7647
7647 7647
7647 7647
7647 7647
7648 7648
7648 7648
7648 7648
7648 7648
7649 7649
7649 7649
7649 7649
7649 7649
7650 7650
7650 7650
7650 7650
7650 7650
7567 7566
6054 7566
2051 7566
7566 7566
7566 7566
7566 2051
7566 6054
7566 7567
7566 7566
7566 7566
7200 7651
4214 7651
4184 7651
5814 7651
3982 7651
2052 7651
7651 7651
7651 7651
7651 2052
7651 3982
7651 4184
7651 4214
7651 5814
7651 7200
7651 7651
7651 7651
7652 7652
7652 7652
7652 7652
7652 7652
1177 7653
7653 7653
7653 7653
7653 1177
7653 7653
7653 7653
7654 7654
7654 7654
7654 7654
7654 7654
7655 7655
7655 7655
7655 7655
7655 7655
7656 7656
7656 7656
7656 7656
7656 7656
7657 7657
7657 7657
7657 7657
7657 7657
7658 7658
7658 7658
7658 7658
7658 7658
7659 7659
7659 7659
7659 7659
7659 7659
7660 7660
7660 7660
7660 7660
7660 7660
7661 7661
7661 7661
7661 7661
7661 7661
7662 7662
7662 7662
7662 7662
7662 7662
7663 7663
7663 7663
7663 7663
7663 7663
7664 7664
7664 7664
7664 7664
7664 7664
7665 7665
7665 7665
7665 7665
7665 7665
7666 7666
7666 7666
7666 7666
7666 7666
7667 7667
7667 7667
7667 7667
7667 7667
7668 7668
7668 7668
7668 7668
7668 7668
7669 7669
7669 7669
7669 7669
7669 7669
1539 7670
7670 7670
7670 7670
7670 1539
7670 7670
7670 7670
7671 7671
7671 7671
7671 7671
7671 7671
7672 7672
7672 7672
7672 7672
7672 7672
7673 7673
7673 7673
7673 7673
7673 7673
7674 7674
7674 7674
7674 7674
7674 7674
6635 7675
7675 7675
7675 7675
7675 6635
7675 7675
7675 7675
7676 7676
7676 7676
7676 7676
7676 7676
7677 7677
7677 7677
7677 7677
7677 7677
7678 7678
7678 7678
7678 7678
7678 7678
7679 7679
7679 7679
7679 7679
7679 7679
7680 7680
7680 7680
7680 7680
7680 7680
7681 7681
7681 7681
7681 7681
7681 7681
7682 7682
7682 7682
7682 7682
7682 7682
7683 7683
7683 7683
7683 7683
7683 7683
7684 7684
7684 7684
7684 7684
7684 7684
7685 7685
7685 7685
7685 7685
7685 7685
7686 7686
7686 7686
7686 7686
7686 7686
7687 7687
7687 7687
7687 7687
7687 7687
7688 7688
7688 7688
7688 7688
7688 7688
7689 7689
7689 7689
7689 7689
7689 7689
7690 7690
7690 7690
7690 7690
7690 7690
7691 7691
7691 7691
7691 7691
7691 7691
7692 7692
7692 7692
7692 7692
7692 7692
7693 7693
7693 7693
7693 7693
7693 7693
7694 7694
7694 7694
7694 7694
7694 7694
7695 7695
7695 7695
7695 7695
7695 7695
1502 7696
7696 7696
7696 7696
7696 1502
7696 7696
7696 7696
7697 7697
7697 7697
7697 7697
7697 7697
5125 7698
7698 7698
7698 7698
7698 5125
7698 7698
7698 7698
7699 7699
7699 7699
7699 7699
7699 7699
742 7700
7700 7700
7700 7700
7700 742
7700 7700
7700 7700
7701 7701
7701 7701
7701 7701
7701 7701
1497 7702
7702 7702
7702 7702
7702 1497
7702 7702
7702 7702
7703 7703
7703 7703
7703 7703
7703 7703
7704 7704
7704 7704
7704 7704
7704 7704
7705 7705
7705 7705
7705 7705
7705 7705
7706 7706
7706 7706
7706 7706
7706 7706
7707 7707
7707 7707
7707 7707
7707 7707
7708 7708
7708 7708
7708 7708
7708 7708
6659 7709
4528 7709
7709 7709
7709 7709
7709 4528
7709 6659
7709 7709
7709 7709
7710 7710
7710 7710
7710 7710
7710 7710
7711 7711
7711 7711
7711 7711
7711 7711
2057 7712
7712 7712
7712 7712
7712 2057
7712 7712
7712 7712
7713 7713
7713 7713
7713 7713
7713 7713
7714 7714
7714 7714
7714 7714
7714 7714
7715 7715
7715 7715
7715 7715
7715 7715
7716 7716
7716 7716
7716 7716
7716 7716
7717 7717
7717 7717
7717 7717
7717 7717
7718 7718
7718 7718
7718 7718
7718 7718
7719 7719
7719 7719
7719 7719
7719 7719
7720 7720
7720 7720
7720 7720
7720 7720
7721 7721
7721 7721
7721 7721
7721 7721
757 7722
7722 7722
7722 7722
7722 757
7722 7722
7722 7722
7723 7723
7723 7723
7723 7723
7723 7723
7724 7724
7724 7724
7724 7724
7724 7724
7725 7725
7725 7725
7725 7725
7725 7725
7726 7726
7726 7726
7726 7726
7726 7726
7727 7727
7727 7727
7727 7727
7727 7727
7728 7728
7728 7728
7728 7728
7728 7728
7729 7729
7729 7729
7729 7729
7729 7729
7730 7730
7730 7730
7730 7730
7730 7730
759 7731
7731 7731
7731 7731
7731 759
7731 7731
7731 7731
7732 7732
7732 7732
7732 7732
7732 7732
765 7733
7733 7733
7733 7733
7733 765
7733 7733
7733 7733
7734 7734
7734 7734
7734 7734
7734 7734
7735 7735
7735 7735
7735 7735
7735 7735
7736 7736
7736 7736
7736 7736
7736 7736
7737 7737
7737 7737
7737 7737
7737 7737
7738 7738
7738 7738
7738 7738
7738 7738
7739 7739
7739 7739
7739 7739
7739 7739
7740 7740
7740 7740
7740 7740
7740 7740
7741 7741
7741 7741
7741 7741
7741 7741
7742 7742
7742 7742
7742 7742
7742 7742
7743 7743
7743 7743
7743 7743
7743 7743
2063 7744
2062 7744
7744 7744
7744 7744
7744 2062
7744 2063
7744 7744
7744 7744
4069 7745
7745 7745
7745 7745
7745 4069
7745 7745
7745 7745
7746 7746
7746 7746
7746 7746
7746 7746
7747 7747
7747 7747
7747 7747
7747 7747
7748 7748
7748 7748
7748 7748
7748 7748
2064 7749
2065 7749
5016 7749
7299 7749
7749 7749
7749 7749
7749 2064
7749 2065
7749 5016
7749 7299
7749 7749
7749 7749
2067 7750
7299 7750
770 7750
7750 7750
7750 7750
7750 770
7750 2067
7750 7299
7750 7750
7750 7750
7751 7751
7751 7751
7751 7751
7751 7751
7752 7752
7752 7752
7752 7752
7752 7752
7753 7753
7753 7753
7753 7753
7753 7753
7754 7754
7754 7754
7754 7754
7754 7754
7755 7755
7755 7755
7755 7755
7755 7755
7756 7756
7756 7756
7756 7756
7756 7756
7757 7757
7757 7757
7757 7757
7757 7757
7758 7758
7758 7758
7758 7758
7758 7758
7759 7759
7759 7759
7759 7759
7759 7759
7760 7760
7760 7760
7760 7760
7760 7760
7761 7761
7761 7761
7761 7761
7761 7761
7762 7762
7762 7762
7762 7762
7762 7762
7763 7763
7763 7763
7763 7763
7763 7763
7764 7764
7764 7764
7764 7764
7764 7764
7765 7765
7765 7765
7765 7765
7765 7765
7766 7766
7766 7766
7766 7766
7766 7766
7767 7767
7767 7767
7767 7767
7767 7767
7768 7768
7768 7768
7768 7768
7768 7768
7769 7769
7769 7769
7769 7769
7769 7769
7770 7770
7770 7770
7770 7770
7770 7770
7771 7771
7771 7771
7771 7771
7771 7771
7772 7772
7772 7772
7772 7772
7772 7772
2068 7773
7773 7773
7773 7773
7773 2068
7773 7773
7773 7773
7774 7774
7774 7774
7774 7774
7774 7774
7775 7775
7775 7775
7775 7775
7775 7775
7776 7776
7776 7776
7776 7776
7776 7776
7777 7780
7778 7780
7779 7780
7780 7780
7780 7780
7780 7777
7780 7778
7780 7779
7780 7780
7780 7780
7781 7782
7782 7782
7782 7782
7782 7781
7782 7782
7782 7782
7783 7783
7783 7783
7783 7783
7783 7783
7784 7784
7784 7784
7784 7784
7784 7784
7785 7785
7785 7785
7785 7785
7785 7785
7786 7786
7786 7786
7786 7786
7786 7786
7787 7787
7787 7787
7787 7787
7787 7787
7788 7788
7788 7788
7788 7788
7788 7788
7789 7789
7789 7789
7789 7789
7789 7789
7790 7790
7790 7790
7790 7790
7790 7790
7791 7791
7791 7791
7791 7791
7791 7791
7792 7792
7792 7792
7792 7792
7792 7792
7793 7793
7793 7793
7793 7793
7793 7793
7794 7794
7794 7794
7794 7794
7794 7794
6302 7795
7795 7795
7795 7795
7795 6302
7795 7795
7795 7795
7796 7796
7796 7796
7796 7796
7796 7796
7797 7797
7797 7797
7797 7797
7797 7797
7798 7798
7798 7798
7798 7798
7798 7798
2069 7799
7799 7799
7799 7799
7799 2069
7799 7799
7799 7799
7782 7781
7781 7781
7781 7781
7781 7782
7781 7781
7781 7781
7800 7800
7800 7800
7800 7800
7800 7800
7801 7801
7801 7801
7801 7801
7801 7801
7802 7802
7802 7802
7802 7802
7802 7802
4528 7803
7803 7803
7803 7803
7803 4528
7803 7803
7803 7803
7804 7804
7804 7804
7804 7804
7804 7804
7780 7777
7777 7777
7777 7777
7777 7780
7777 7777
7777 7777
7805 7805
7805 7805
7805 7805
7805 7805
7806 7806
7806 7806
7806 7806
7806 7806
7807 7807
7807 7807
7807 7807
7807 7807
7780 7778
7778 7778
7778 7778
7778 7780
7778 7778
7778 7778
7808 7808
7808 7808
7808 7808
7808 7808
7780 7779
7779 7779
7779 7779
7779 7780
7779 7779
7779 7779
7809 7809
7809 7809
7809 7809
7809 7809
7810 7810
7810 7810
7810 7810
7810 7810
6693 7811
7811 7811
7811 7811
7811 6693
7811 7811
7811 7811
7812 7812
7812 7812
7812 7812
7812 7812
7813 7813
7813 7813
7813 7813
7813 7813
778 7814
7814 7814
7814 7814
7814 778
7814 7814
7814 7814
7815 7815
7815 7815
7815 7815
7815 7815
7816 7816
7816 7816
7816 7816
7816 7816
7817 7817
7817 7817
7817 7817
7817 7817
7818 7818
7818 7818
7818 7818
7818 7818
7819 7819
7819 7819
7819 7819
7819 7819
7820 7820
7820 7820
7820 7820
7820 7820
7821 7821
7821 7821
7821 7821
7821 7821
7822 7822
7822 7822
7822 7822
7822 7822
781 7823
7823 7823
7823 7823
7823 781
7823 7823
7823 7823
7824 7824
7824 7824
7824 7824
7824 7824
7825 7825
7825 7825
7825 7825
7825 7825
7826 7826
7826 7826
7826 7826
7826 7826
7827 7827
7827 7827
7827 7827
7827 7827
7828 7828
7828 7828
7828 7828
7828 7828
7829 7829
7829 7829
7829 7829
7829 7829
7830 7830
7830 7830
7830 7830
7830 7830
7831 7831
7831 7831
7831 7831
7831 7831
7832 7832
7832 7832
7832 7832
7832 7832
7833 7833
7833 7833
7833 7833
7833 7833
7834 7834
7834 7834
7834 7834
7834 7834
7835 7835
7835 7835
7835 7835
7835 7835
7836 7836
7836 7836
7836 7836
7836 7836
7837 7837
7837 7837
7837 7837
7837 7837
7838 7838
7838 7838
7838 7838
7838 7838
7839 7839
7839 7839
7839 7839
7839 7839
7840 7840
7840 7840
7840 7840
7840 7840
7841 7841
7841 7841
7841 7841
7841 7841
7842 7842
7842 7842
7842 7842
7842 7842
7843 7843
7843 7843
7843 7843
7843 7843
7844 7844
7844 7844
7844 7844
7844 7844
7845 7845
7845 7845
7845 7845
7845 7845
7846 7846
7846 7846
7846 7846
7846 7846
7847 7847
7847 7847
7847 7847
7847 7847
7848 7848
7848 7848
7848 7848
7848 7848
7849 7849
7849 7849
7849 7849
7849 7849
6445 7850
7850 7850
7850 7850
7850 6445
7850 7850
7850 7850
6445 7851
7851 7851
7851 7851
7851 6445
7851 7851
7851 7851
7852 7852
7852 7852
7852 7852
7852 7852
7853 7853
7853 7853
7853 7853
7853 7853
7854 7854
7854 7854
7854 7854
7854 7854
7855 7855
7855 7855
7855 7855
7855 7855
7856 7856
7856 7856
7856 7856
7856 7856
7857 7857
7857 7857
7857 7857
7857 7857
7858 7858
7858 7858
7858 7858
7858 7858
7859 7859
7859 7859
7859 7859
7859 7859
7860 7860
7860 7860
7860 7860
7860 7860
7861 7861
7861 7861
7861 7861
7861 7861
7862 7862
7862 7862
7862 7862
7862 7862
7863 7863
7863 7863
7863 7863
7863 7863
7864 7864
7864 7864
7864 7864
7864 7864
7865 7865
7865 7865
7865 7865
7865 7865
7866 7866
7866 7866
7866 7866
7866 7866
7867 7867
7867 7867
7867 7867
7867 7867
7868 7868
7868 7868
7868 7868
7868 7868
7869 7869
7869 7869
7869 7869
7869 7869
7870 7870
7870 7870
7870 7870
7870 7870
7871 7871
7871 7871
7871 7871
7871 7871
7872 7872
7872 7872
7872 7872
7872 7872
7873 7873
7873 7873
7873 7873
7873 7873
7874 7874
7874 7874
7874 7874
7874 7874
7875 7875
7875 7875
7875 7875
7875 7875
7876 7876
7876 7876
7876 7876
7876 7876
7877 7877
7877 7877
7877 7877
7877 7877
7878 7878
7878 7878
7878 7878
7878 7878
7879 7879
7879 7879
7879 7879
7879 7879
2070 7880
7880 7880
7880 7880
7880 2070
7880 7880
7880 7880
7881 7881
7881 7881
7881 7881
7881 7881
7882 7882
7882 7882
7882 7882
7882 7882
7883 7883
7883 7883
7883 7883
7883 7883
7884 7884
7884 7884
7884 7884
7884 7884
7885 7885
7885 7885
7885 7885
7885 7885
7886 7886
7886 7886
7886 7886
7886 7886
7887 7887
7887 7887
7887 7887
7887 7887
7888 7888
7888 7888
7888 7888
7888 7888
7889 7889
7889 7889
7889 7889
7889 7889
7890 7890
7890 7890
7890 7890
7890 7890
7891 7891
7891 7891
7891 7891
7891 7891
7892 7892
7892 7892
7892 7892
7892 7892
7893 7893
7893 7893
7893 7893
7893 7893
7894 7894
7894 7894
7894 7894
7894 7894
7895 7895
7895 7895
7895 7895
7895 7895
7896 7896
7896 7896
7896 7896
7896 7896
7897 7897
7897 7897
7897 7897
7897 7897
7898 7898
7898 7898
7898 7898
7898 7898
7899 7899
7899 7899
7899 7899
7899 7899
7900 7900
7900 7900
7900 7900
7900 7900
7901 7901
7901 7901
7901 7901
7901 7901
2076 7902
783 7902
3542 7902
5005 7902
1386 7902
7902 7902
7902 7902
7902 783
7902 2076
7902 3542
7902 1386
7902 5005
7902 7902
7902 7902
7903 7903
7903 7903
7903 7903
7903 7903
7904 7904
7904 7904
7904 7904
7904 7904
7905 7905
7905 7905
7905 7905
7905 7905
6906 7907
7906 7907
7907 7907
7907 7907
7907 6906
7907 7906
7907 7907
7907 7907
7908 7908
7908 7908
7908 7908
7908 7908
7907 7906
7906 7906
7906 7906
7906 7907
7906 7906
7906 7906
7909 7909
7909 7909
7909 7909
7909 7909
787 7910
6929 7910
789 7910
7910 7910
7910 7910
7910 787
7910 789
7910 6929
7910 7910
7910 7910
7911 7911
7911 7911
7911 7911
7911 7911
789 7912
7912 7912
7912 7912
7912 789
7912 7912
7912 7912
7913 7913
7913 7913
7913 7913
7913 7913
7914 7914
7914 7914
7914 7914
7914 7914
7915 7915
7915 7915
7915 7915
7915 7915
7916 7916
7916 7916
7916 7916
7916 7916
7917 7917
7917 7917
7917 7917
7917 7917
7918 7918
7918 7918
7918 7918
7918 7918
6177 7919
792 7919
2082 7919
2083 7919
2084 7919
1710 7919
6179 7919
2634 7919
2113 7919
7919 7919
7919 7919
7919 1710
7919 792
7919 2082
7919 2083
7919 2084
7919 2113
7919 2634
7919 6177
7919 6179
7919 7919
7919 7919
7920 7920
7920 7920
7920 7920
7920 7920
7921 7921
7921 7921
7921 7921
7921 7921
794 7922
7922 7922
7922 7922
7922 794
7922 7922
7922 7922
7923 7926
803 7926
3303 7926
807 7926
810 7926
7924 7926
7925 7926
2086 7926
7926 7926
7926 7926
7926 803
7926 807
7926 810
7926 2086
7926 3303
7926 7925
7926 7923
7926 7924
7926 7926
7926 7926
7926 7925
1121 7925
2087 7925
7927 7925
7925 7925
7925 7925
7925 1121
7925 2087
7925 7926
7925 7927
7925 7925
7925 7925
1121 7923
7927 7923
2087 7923
7926 7923
7923 7923
7923 7923
7923 1121
7923 2087
7923 7926
7923 7927
7923 7923
7923 7923
2087 7927
7925 7927
7924 7927
7923 7927
2088 7927
7927 7927
7927 7927
7927 2088
7927 2087
7927 7925
7927 7923
7927 7924
7927 7927
7927 7927
7926 7924
7927 7924
1121 7924
7924 7924
7924 7924
7924 1121
7924 7926
7924 7927
7924 7924
7924 7924
7928 7928
7928 7928
7928 7928
7928 7928
7929 7929
7929 7929
7929 7929
7929 7929
7930 7930
7930 7930
7930 7930
7930 7930
7931 7931
7931 7931
7931 7931
7931 7931
7932 7932
7932 7932
7932 7932
7932 7932
7933 7933
7933 7933
7933 7933
7933 7933
7934 7934
7934 7934
7934 7934
7934 7934
811 7935
7935 7935
7935 7935
7935 811
7935 7935
7935 7935
813 7936
7936 7936
7936 7936
7936 813
7936 7936
7936 7936
2089 7937
4451 7937
7937 7937
7937 7937
7937 2089
7937 4451
7937 7937
7937 7937
7938 7938
7938 7938
7938 7938
7938 7938
7939 7939
7939 7939
7939 7939
7939 7939
7940 7940
7940 7940
7940 7940
7940 7940
7941 7941
7941 7941
7941 7941
7941 7941
7942 7942
7942 7942
7942 7942
7942 7942
7943 7943
7943 7943
7943 7943
7943 7943
7944 7944
7944 7944
7944 7944
7944 7944
7945 7945
7945 7945
7945 7945
7945 7945
2091 7946
2554 7946
2090 7946
5466 7946
1337 7946
1338 7946
4388 7946
2119 7946
2092 7946
7946 7946
7946 7946
7946 1337
7946 2090
7946 2091
7946 2092
7946 2119
7946 2554
7946 4388
7946 1338
7946 5466
7946 7946
7946 7946
815 7947
7947 7947
7947 7947
7947 815
7947 7947
7947 7947
7948 7948
7948 7948
7948 7948
7948 7948
7949 7949
7949 7949
7949 7949
7949 7949
7950 7950
7950 7950
7950 7950
7950 7950
6160 7951
7951 7951
7951 7951
7951 6160
7951 7951
7951 7951
930 7952
7952 7952
7952 7952
7952 930
7952 7952
7952 7952
7953 7953
7953 7953
7953 7953
7953 7953
2093 7954
7954 7954
7954 7954
7954 2093
7954 7954
7954 7954
7955 7955
7955 7955
7955 7955
7955 7955
7956 7956
7956 7956
7956 7956
7956 7956
7957 7957
7957 7957
7957 7957
7957 7957
7958 7958
7958 7958
7958 7958
7958 7958
7959 7959
7959 7959
7959 7959
7959 7959
7960 7960
7960 7960
7960 7960
7960 7960
7961 7961
7961 7961
7961 7961
7961 7961
7962 7962
7962 7962
7962 7962
7962 7962
7963 7963
7963 7963
7963 7963
7963 7963
7964 7964
7964 7964
7964 7964
7964 7964
7965 7965
7965 7965
7965 7965
7965 7965
7966 7966
7966 7966
7966 7966
7966 7966
7967 7967
7967 7967
7967 7967
7967 7967
885 7968
826 7968
7968 7968
7968 7968
7968 826
7968 885
7968 7968
7968 7968
7969 7969
7969 7969
7969 7969
7969 7969
6160 7970
7970 7970
7970 7970
7970 6160
7970 7970
7970 7970
7971 7971
7971 7971
7971 7971
7971 7971
7972 7972
7972 7972
7972 7972
7972 7972
7973 7973
7973 7973
7973 7973
7973 7973
7974 7974
7974 7974
7974 7974
7974 7974
7975 7975
7975 7975
7975 7975
7975 7975
7976 7976
7976 7976
7976 7976
7976 7976
7977 7977
7977 7977
7977 7977
7977 7977
7978 7978
7978 7978
7978 7978
7978 7978
7979 7979
7979 7979
7979 7979
7979 7979
7980 7980
7980 7980
7980 7980
7980 7980
7981 7981
7981 7981
7981 7981
7981 7981
7982 7982
7982 7982
7982 7982
7982 7982
7983 7983
7983 7983
7983 7983
7983 7983
1049 7984
7984 7984
7984 7984
7984 1049
7984 7984
7984 7984
1049 7985
7985 7985
7985 7985
7985 1049
7985 7985
7985 7985
7986 7986
7986 7986
7986 7986
7986 7986
7987 7987
7987 7987
7987 7987
7987 7987
