10010 10010
10010 10010
10010 10010
10010 10010
10011 10011
10011 10011
10011 10011
10011 10011
10012 10012
10012 10012
10012 10012
10012 10012
10013 10013
10013 10013
10013 10013
10013 10013
10014 10014
10014 10014
10014 10014
10014 10014
10015 10015
10015 10015
10015 10015
10015 10015
10016 10016
10016 10016
10016 10016
10016 10016
10017 10017
10017 10017
10017 10017
10017 10017
10018 10018
10018 10018
10018 10018
10018 10018
10019 10019
10019 10019
10019 10019
10019 10019
10020 10020
10020 10020
10020 10020
10020 10020
10021 10021
10021 10021
10021 10021
10021 10021
10022 10023
10023 10023
10023 10023
10023 10022
10023 10023
10023 10023
10024 10024
10024 10024
10024 10024
10024 10024
10025 10025
10025 10025
10025 10025
10025 10025
10026 10026
10026 10026
10026 10026
10026 10026
10027 10027
10027 10027
10027 10027
10027 10027
10028 10028
10028 10028
10028 10028
10028 10028
10029 10029
10029 10029
10029 10029
10029 10029
10030 10031
10031 10031
10031 10031
10031 10030
10031 10031
10031 10031
10032 10032
10032 10032
10032 10032
10032 10032
10033 10033
10033 10033
10033 10033
10033 10033
10034 10034
10034 10034
10034 10034
10034 10034
5981 10035
4189 10035
5982 10035
5207 10035
3751 10035
10035 10035
10035 10035
10035 3751
10035 4189
10035 5207
10035 5982
10035 5981
10035 10035
10035 10035
10036 10036
10036 10036
10036 10036
10036 10036
10037 10041
10038 10041
10039 10041
10040 10041
10041 10041
10041 10041
10041 10040
10041 10039
10041 10038
10041 10037
10041 10041
10041 10041
10042 10042
10042 10042
10042 10042
10042 10042
10043 10043
10043 10043
10043 10043
10043 10043
10044 10044
10044 10044
10044 10044
10044 10044
10045 10045
10045 10045
10045 10045
10045 10045
10046 10046
10046 10046
10046 10046
10046 10046
10047 10047
10047 10047
10047 10047
10047 10047
10048 10048
10048 10048
10048 10048
10048 10048
10049 10051
10050 10051
10051 10051
10051 10051
10051 10050
10051 10049
10051 10051
10051 10051
10052 10052
10052 10052
10052 10052
10052 10052
10053 10054
10054 10054
10054 10054
10054 10053
10054 10054
10054 10054
10055 10055
10055 10055
10055 10055
10055 10055
10056 10056
10056 10056
10056 10056
10056 10056
10057 10057
10057 10057
10057 10057
10057 10057
10058 10059
10059 10059
10059 10059
10059 10058
10059 10059
10059 10059
10060 10060
10060 10060
10060 10060
10060 10060
10061 10061
10061 10061
10061 10061
10061 10061
10062 10062
10062 10062
10062 10062
10062 10062
10063 10063
10063 10063
10063 10063
10063 10063
10064 10064
10064 10064
10064 10064
10064 10064
10065 10065
10065 10065
10065 10065
10065 10065
9791 10066
10066 10066
10066 10066
10066 9791
10066 10066
10066 10066
3752 10067
10067 10067
10067 10067
10067 3752
10067 10067
10067 10067
10068 10072
10069 10072
10070 10072
4987 10072
4754 10072
10071 10072
10072 10072
10072 10072
10072 4754
10072 4987
10072 10071
10072 10069
10072 10068
10072 10070
10072 10072
10072 10072
10073 10076
10074 10076
5174 10076
5175 10076
7460 10076
10075 10076
10076 10076
10076 10076
10076 5174
10076 5175
10076 7460
10076 10073
10076 10075
10076 10074
10076 10076
10076 10076
10077 10078
5982 10078
10078 10078
10078 10078
10078 5982
10078 10077
10078 10078
10078 10078
10077 10079
10079 10079
10079 10079
10079 10077
10079 10079
10079 10079
10080 10080
10080 10080
10080 10080
10080 10080
10081 10081
10081 10081
10081 10081
10081 10081
10082 10082
10082 10082
10082 10082
10082 10082
10083 10083
10083 10083
10083 10083
10083 10083
9854 10040
4150 10040
10084 10040
10085 10040
10041 10040
10040 10040
10040 10040
10040 4150
10040 9854
10040 10041
10040 10084
10040 10085
10040 10040
10040 10040
10086 10086
10086 10086
10086 10086
10086 10086
10050 10087
10087 10087
10087 10087
10087 10050
10087 10087
10087 10087
10088 10088
10088 10088
10088 10088
10088 10088
10089 10089
10089 10089
10089 10089
10089 10089
5167 10090
4430 10090
3753 10090
4963 10090
7427 10090
3754 10090
9945 10090
10090 10090
10090 10090
10090 3753
10090 3754
10090 4430
10090 4963
10090 5167
10090 7427
10090 9945
10090 10090
10090 10090
10091 10092
9262 10092
1129 10092
10092 10092
10092 10092
10092 1129
10092 9262
10092 10091
10092 10092
10092 10092
10093 10095
10094 10095
10095 10095
10095 10095
10095 10094
10095 10093
10095 10095
10095 10095
10096 10096
10096 10096
10096 10096
10096 10096
10097 10097
10097 10097
10097 10097
10097 10097
10098 10099
10099 10099
10099 10099
10099 10098
10099 10099
10099 10099
10100 10103
4221 10103
2899 10103
7619 10103
3756 10103
7458 10103
10101 10103
3757 10103
3758 10103
10102 10103
10103 10103
10103 10103
10103 3756
10103 3757
10103 3758
10103 4221
10103 2899
10103 7458
10103 7619
10103 10100
10103 10101
10103 10102
10103 10103
10103 10103
3974 10022
10104 10022
10105 10022
7382 10022
3758 10022
3759 10022
10106 10022
4495 10022
9962 10022
10023 10022
10022 10022
10022 10022
10022 3758
10022 3759
10022 3974
10022 4495
10022 7382
10022 9962
10022 10023
10022 10105
10022 10106
10022 10104
10022 10022
10022 10022
8924 10107
6881 10107
10107 10107
10107 10107
10107 6881
10107 8924
10107 10107
10107 10107
10108 10108
10108 10108
10108 10108
10108 10108
10109 10109
10109 10109
10109 10109
10109 10109
10110 10110
10110 10110
10110 10110
10110 10110
10111 10111
10111 10111
10111 10111
10111 10111
10112 10112
10112 10112
10112 10112
10112 10112
10113 10114
10114 10114
10114 10114
10114 10113
10114 10114
10114 10114
10115 10117
10039 10117
10116 10117
10117 10117
10117 10117
10117 10116
10117 10039
10117 10115
10117 10117
10117 10117
10118 10118
10118 10118
10118 10118
10118 10118
10119 10119
10119 10119
10119 10119
10119 10119
10120 10120
10120 10120
10120 10120
10120 10120
10121 10121
10121 10121
10121 10121
10121 10121
10122 10122
10122 10122
10122 10122
10122 10122
10123 10123
10123 10123
10123 10123
10123 10123
10124 10124
10124 10124
10124 10124
10124 10124
10125 10125
10125 10125
10125 10125
10125 10125
10126 10126
10126 10126
10126 10126
10126 10126
10127 10127
10127 10127
10127 10127
10127 10127
10128 10128
10128 10128
10128 10128
10128 10128
3765 10130
3764 10130
3760 10130
3763 10130
3762 10130
3766 10130
10129 10130
3761 10130
10130 10130
10130 10130
10130 3760
10130 3761
10130 3762
10130 3763
10130 3764
10130 3765
10130 3766
10130 10129
10130 10130
10130 10130
3767 10077
4535 10077
7169 10077
7563 10077
10131 10077
10079 10077
10078 10077
3790 10077
4189 10077
10132 10077
10077 10077
10077 10077
10077 3767
10077 3790
10077 4189
10077 4535
10077 7169
10077 7563
10077 10078
10077 10079
10077 10131
10077 10132
10077 10077
10077 10077
10133 10133
10133 10133
10133 10133
10133 10133
10039 10030
10031 10030
10030 10030
10030 10030
10030 10031
10030 10039
10030 10030
10030 10030
10077 10131
10131 10131
10131 10131
10131 10077
10131 10131
10131 10131
10134 10134
10134 10134
10134 10134
10134 10134
10135 10135
10135 10135
10135 10135
10135 10135
10136 10136
10136 10136
10136 10136
10136 10136
10137 10137
10137 10137
10137 10137
10137 10137
10115 10138
9791 10138
10138 10138
10138 10138
10138 9791
10138 10115
10138 10138
10138 10138
10139 10139
10139 10139
10139 10139
10139 10139
10140 10140
10140 10140
10140 10140
10140 10140
10141 10141
10141 10141
10141 10141
10141 10141
10142 10144
10143 10144
10144 10144
10144 10144
10144 10143
10144 10142
10144 10144
10144 10144
1131 10145
3768 10145
10145 10145
10145 10145
10145 1131
10145 3768
10145 10145
10145 10145
10146 10146
10146 10146
10146 10146
10146 10146
10147 10147
10147 10147
10147 10147
10147 10147
10148 10148
10148 10148
10148 10148
10148 10148
1200 10149
10149 10149
10149 10149
10149 1200
10149 10149
10149 10149
10150 10150
10150 10150
10150 10150
10150 10150
10151 10151
10151 10151
10151 10151
10151 10151
10152 10152
10152 10152
10152 10152
10152 10152
10153 10153
10153 10153
10153 10153
10153 10153
10154 10154
10154 10154
10154 10154
10154 10154
10076 10073
10073 10073
10073 10073
10073 10076
10073 10073
10073 10073
10155 10156
10156 10156
10156 10156
10156 10155
10156 10156
10156 10156
10157 10157
10157 10157
10157 10157
10157 10157
1133 10158
10158 10158
10158 10158
10158 1133
10158 10158
10158 10158
10159 10159
10159 10159
10159 10159
10159 10159
10160 10160
10160 10160
10160 10160
10160 10160
10161 10161
10161 10161
10161 10161
10161 10161
10162 10162
10162 10162
10162 10162
10162 10162
10163 10163
10163 10163
10163 10163
10163 10163
10164 10164
10164 10164
10164 10164
10164 10164
10165 10165
10165 10165
10165 10165
10165 10165
10166 10166
10166 10166
10166 10166
10166 10166
10167 10170
10168 10170
10169 10170
10170 10170
10170 10170
10170 10169
10170 10167
10170 10168
10170 10170
10170 10170
10171 10171
10171 10171
10171 10171
10171 10171
10172 10176
3772 10176
4625 10176
10173 10176
10174 10176
10175 10176
3771 10176
10176 10176
10176 10176
10176 3772
10176 3771
10176 4625
10176 10172
10176 10175
10176 10173
10176 10174
10176 10176
10176 10176
3769 10177
4666 10177
3770 10177
6386 10177
6384 10177
10177 10177
10177 10177
10177 3769
10177 3770
10177 4666
10177 6384
10177 6386
10177 10177
10177 10177
3771 10172
9992 10172
10176 10172
10175 10172
3772 10172
10172 10172
10172 10172
10172 3772
10172 3771
10172 9992
10172 10176
10172 10175
10172 10172
10172 10172
10178 10178
10178 10178
10178 10178
10178 10178
10179 10179
10179 10179
10179 10179
10179 10179
10180 10180
10180 10180
10180 10180
10180 10180
10181 10181
10181 10181
10181 10181
10181 10181
10182 10182
10182 10182
10182 10182
10182 10182
10169 10183
10168 10183
10183 10183
10183 10183
10183 10169
10183 10168
10183 10183
10183 10183
10184 10184
10184 10184
10184 10184
10184 10184
10185 10185
10185 10185
10185 10185
10185 10185
9962 10186
10186 10186
10186 10186
10186 9962
10186 10186
10186 10186
4934 10187
3782 10187
3774 10187
3785 10187
3775 10187
3776 10187
3777 10187
3779 10187
3780 10187
3781 10187
7799 10187
3784 10187
3778 10187
3783 10187
10187 10187
10187 10187
10187 3774
10187 3775
10187 3776
10187 3777
10187 3778
10187 3779
10187 3780
10187 3781
10187 3782
10187 3783
10187 3784
10187 3785
10187 4934
10187 7799
10187 10187
10187 10187
3787 10190
6051 10190
6137 10190
6050 10190
3788 10190
3786 10190
10188 10190
10189 10190
7566 10190
10113 10190
9365 10190
10190 10190
10190 10190
10190 3786
10190 3787
10190 3788
10190 6050
10190 6051
10190 6137
10190 7566
10190 9365
10190 10189
10190 10113
10190 10188
10190 10190
10190 10190
6566 10143
3792 10143
3791 10143
3790 10143
3789 10143
3793 10143
10144 10143
4962 10143
9812 10143
10143 10143
10143 10143
10143 3789
10143 3790
10143 3791
10143 3792
10143 3793
10143 4962
10143 6566
10143 9812
10143 10144
10143 10143
10143 10143
10191 10193
10192 10193
10193 10193
10193 10193
10193 10191
10193 10192
10193 10193
10193 10193
9962 10194
10194 10194
10194 10194
10194 9962
10194 10194
10194 10194
10195 10195
10195 10195
10195 10195
10195 10195
10196 10196
10196 10196
10196 10196
10196 10196
10197 10197
10197 10197
10197 10197
10197 10197
10198 10198
10198 10198
10198 10198
10198 10198
10199 10199
10199 10199
10199 10199
10199 10199
10200 10200
10200 10200
10200 10200
10200 10200
10201 10201
10201 10201
10201 10201
10201 10201
10202 10202
10202 10202
10202 10202
10202 10202
10203 10204
5164 10204
7488 10204
10204 10204
10204 10204
10204 5164
10204 7488
10204 10203
10204 10204
10204 10204
10205 10207
10206 10207
10050 10207
10207 10207
10207 10207
10207 10050
10207 10206
10207 10205
10207 10207
10207 10207
3794 10208
4544 10208
4455 10208
10053 10208
10208 10208
10208 10208
10208 3794
10208 4455
10208 4544
10208 10053
10208 10208
10208 10208
10209 10213
10210 10213
10211 10213
10212 10213
3795 10213
10205 10213
10213 10213
10213 10213
10213 3795
10213 10209
10213 10210
10213 10212
10213 10205
10213 10211
10213 10213
10213 10213
10214 10215
10215 10215
10215 10215
10215 10214
10215 10215
10215 10215
10169 10216
10216 10216
10216 10216
10216 10169
10216 10216
10216 10216
7744 10219
10217 10219
10218 10219
10219 10219
10219 10219
10219 7744
10219 10217
10219 10218
10219 10219
10219 10219
10220 10220
10220 10220
10220 10220
10220 10220
10116 10050
10209 10050
10221 10050
10212 10050
10087 10050
10051 10050
10211 10050
10222 10050
3796 10050
10206 10050
10223 10050
10224 10050
10207 10050
10225 10050
7619 10050
7389 10050
10050 10050
10050 10050
10050 3796
10050 7389
10050 7619
10050 10051
10050 10087
10050 10207
10050 10209
10050 10116
10050 10212
10050 10221
10050 10206
10050 10222
10050 10211
10050 10224
10050 10223
10050 10225
10050 10050
10050 10050
10226 10226
10226 10226
10226 10226
10226 10226
10227 10227
10227 10227
10227 10227
10227 10227
10228 10230
10229 10230
10230 10230
10230 10230
10230 10229
10230 10228
10230 10230
10230 10230
9686 10229
1169 10229
10230 10229
10229 10229
10229 10229
10229 1169
10229 9686
10229 10230
10229 10229
10229 10229
10092 10091
4923 10091
3800 10091
7547 10091
3799 10091
3798 10091
10053 10091
3797 10091
10091 10091
10091 10091
10091 3797
10091 3798
10091 3799
10091 3800
10091 4923
10091 7547
10091 10092
10091 10053
10091 10091
10091 10091
9822 10232
10231 10232
3801 10232
3802 10232
4027 10232
10232 10232
10232 10232
10232 3801
10232 3802
10232 4027
10232 9822
10232 10231
10232 10232
10232 10232
10233 10233
10233 10233
10233 10233
10233 10233
10232 10231
10231 10231
10231 10231
10231 10232
10231 10231
10231 10231
10234 10234
10234 10234
10234 10234
10234 10234
10235 10235
10235 10235
10235 10235
10235 10235
10236 10236
10236 10236
10236 10236
10236 10236
10237 10239
10238 10239
10239 10239
10239 10239
10239 10238
10239 10237
10239 10239
10239 10239
10105 10243
10240 10243
10174 10243
10241 10243
5139 10243
10242 10243
10175 10243
10004 10243
10238 10243
10243 10243
10243 10243
10243 5139
10243 10004
10243 10175
10243 10242
10243 10241
10243 10240
10243 10105
10243 10238
10243 10174
10243 10243
10243 10243
4625 10245
10175 10245
3807 10245
3806 10245
10174 10245
7820 10245
1166 10245
3803 10245
10104 10245
7822 10245
7547 10245
3805 10245
3804 10245
10244 10245
3808 10245
10245 10245
10245 10245
10245 3803
10245 3804
10245 3805
10245 3806
10245 3807
10245 3808
10245 1166
10245 4625
10245 7547
10245 7820
10245 7822
10245 10175
10245 10174
10245 10244
10245 10104
10245 10245
10245 10245
10105 10094
10106 10094
7202 10094
7549 10094
10244 10094
10095 10094
10246 10094
10247 10094
7548 10094
4028 10094
10173 10094
10248 10094
10094 10094
10094 10094
10094 4028
10094 7202
10094 7548
10094 7549
10094 10095
10094 10105
10094 10173
10094 10248
10094 10247
10094 10106
10094 10244
10094 10246
10094 10094
10094 10094
10104 10249
7547 10249
3978 10249
4028 10249
10249 10249
10249 10249
10249 3978
10249 4028
10249 7547
10249 10104
10249 10249
10249 10249
10250 10251
3810 10251
3809 10251
3811 10251
3812 10251
6892 10251
9999 10251
4219 10251
10251 10251
10251 10251
10251 3809
10251 3810
10251 3811
10251 3812
10251 4219
10251 6892
10251 9999
10251 10250
10251 10251
10251 10251
7642 10252
7153 10252
10252 10252
10252 10252
10252 7153
10252 7642
10252 10252
10252 10252
9969 10254
10253 10254
10254 10254
10254 10254
10254 9969
10254 10253
10254 10254
10254 10254
9791 10255
10255 10255
10255 10255
10255 9791
10255 10255
10255 10255
10256 10256
10256 10256
10256 10256
10256 10256
10212 10209
10050 10209
3813 10209
10205 10209
4026 10209
7641 10209
10116 10209
1174 10209
10213 10209
10222 10209
10209 10209
10209 10209
10209 3813
10209 4026
10209 1174
10209 7641
10209 10213
10209 10050
10209 10116
10209 10212
10209 10205
10209 10222
10209 10209
10209 10209
10257 10257
10257 10257
10257 10257
10257 10257
10258 10258
10258 10258
10258 10258
10258 10258
10259 10259
10259 10259
10259 10259
10259 10259
10260 10260
10260 10260
10260 10260
10260 10260
10243 10175
10245 10175
10105 10175
10106 10175
10176 10175
10172 10175
10004 10175
3771 10175
10003 10175
10175 10175
10175 10175
10175 3771
10175 10003
10175 10004
10175 10176
10175 10172
10175 10243
10175 10245
10175 10105
10175 10106
10175 10175
10175 10175
10002 10242
10106 10242
9961 10242
1166 10242
10243 10242
10004 10242
10242 10242
10242 10242
10242 1166
10242 9961
10242 10002
10242 10004
10242 10243
10242 10106
10242 10242
10242 10242
10003 10241
10261 10241
10106 10241
10262 10241
10243 10241
10241 10241
10241 10241
10241 10003
10241 10243
10241 10262
10241 10106
10241 10261
10241 10241
10241 10241
5139 10240
9961 10240
10263 10240
10001 10240
10243 10240
10240 10240
10240 10240
10240 5139
10240 9961
10240 10001
10240 10243
10240 10263
10240 10240
10240 10240
10262 10264
10264 10264
10264 10264
10264 10262
10264 10264
10264 10264
10265 10265
10265 10265
10265 10265
10265 10265
9999 10266
3814 10266
9068 10266
10266 10266
10266 10266
10266 3814
10266 9068
10266 9999
10266 10266
10266 10266
7804 10267
1137 10267
10267 10267
10267 10267
10267 1137
10267 7804
10267 10267
10267 10267
10268 10268
10268 10268
10268 10268
10268 10268
10269 10269
10269 10269
10269 10269
10269 10269
10270 10270
10270 10270
10270 10270
10270 10270
10271 10271
10271 10271
10271 10271
10271 10271
10272 10272
10272 10272
10272 10272
10272 10272
8430 10273
10273 10273
10273 10273
10273 8430
10273 10273
10273 10273
10274 10274
10274 10274
10274 10274
10274 10274
10275 10275
10275 10275
10275 10275
10275 10275
10276 10276
10276 10276
10276 10276
10276 10276
10277 10277
10277 10277
10277 10277
10277 10277
10278 10278
10278 10278
10278 10278
10278 10278
10279 10279
10279 10279
10279 10279
10279 10279
10280 10280
10280 10280
10280 10280
10280 10280
10281 10281
10281 10281
10281 10281
10281 10281
10282 10282
10282 10282
10282 10282
10282 10282
10283 10283
10283 10283
10283 10283
10283 10283
10284 10284
10284 10284
10284 10284
10284 10284
10285 10285
10285 10285
10285 10285
10285 10285
10286 10286
10286 10286
10286 10286
10286 10286
10287 10287
10287 10287
10287 10287
10287 10287
10288 10288
10288 10288
10288 10288
10288 10288
10289 10289
10289 10289
10289 10289
10289 10289
10290 10290
10290 10290
10290 10290
10290 10290
10291 10295
3973 10295
10292 10295
10293 10295
9668 10295
10294 10295
1138 10295
9666 10295
10295 10295
10295 10295
10295 1138
10295 3973
10295 9668
10295 9666
10295 10294
10295 10292
10295 10291
10295 10293
10295 10295
10295 10295
10295 10294
10296 10294
10293 10294
10297 10294
9666 10294
8504 10294
10291 10294
10294 10294
10294 10294
10294 8504
10294 9666
10294 10295
10294 10296
10294 10297
10294 10291
10294 10293
10294 10294
10294 10294
5158 10298
3815 10298
1140 10298
7749 10298
10298 10298
10298 10298
10298 1140
10298 3815
10298 5158
10298 7749
10298 10298
10298 10298
10299 10301
10300 10301
2021 10301
9665 10301
10301 10301
10301 10301
10301 2021
10301 9665
10301 10300
10301 10299
10301 10301
10301 10301
10294 10296
9808 10296
6472 10296
10296 10296
10296 10296
10296 6472
10296 9808
10296 10294
10296 10296
10296 10296
10262 10302
10302 10302
10302 10302
10302 10262
10302 10302
10302 10302
10303 10303
10303 10303
10303 10303
10303 10303
10304 10304
10304 10304
10304 10304
10304 10304
9668 10297
10294 10297
10291 10297
9807 10297
10297 10297
10297 10297
10297 9668
10297 9807
10297 10294
10297 10291
10297 10297
10297 10297
6893 10305
3816 10305
4528 10305
7437 10305
7803 10305
9325 10305
10305 10305
10305 10305
10305 3816
10305 4528
10305 6893
10305 7437
10305 7803
10305 9325
10305 10305
10305 10305
8433 10306
7902 10306
4734 10306
10306 10306
10306 10306
10306 4734
10306 7902
10306 8433
10306 10306
10306 10306
10307 10307
10307 10307
10307 10307
10307 10307
10308 10308
10308 10308
10308 10308
10308 10308
9666 10292
3817 10292
10295 10292
10292 10292
10292 10292
10292 3817
10292 9666
10292 10295
10292 10292
10292 10292
10309 10309
10309 10309
10309 10309
10309 10309
9962 10310
10310 10310
10310 10310
10310 9962
10310 10310
10310 10310
10311 10312
3823 10312
3822 10312
3821 10312
3819 10312
1696 10312
3818 10312
8412 10312
3820 10312
1144 10312
10312 10312
10312 10312
10312 1144
10312 3818
10312 1696
10312 3819
10312 3820
10312 3821
10312 3822
10312 3823
10312 8412
10312 10311
10312 10312
10312 10312
10313 10313
10313 10313
10313 10313
10313 10313
10312 10311
10311 10311
10311 10311
10311 10312
10311 10311
10311 10311
10314 10314
10314 10314
10314 10314
10314 10314
10315 10315
10315 10315
10315 10315
10315 10315
1539 10316
10316 10316
10316 10316
10316 1539
10316 10316
10316 10316
5973 10318
10317 10318
3826 10318
3828 10318
9296 10318
3832 10318
1649 10318
3831 10318
3824 10318
3825 10318
7043 10318
3830 10318
3829 10318
1147 10318
3827 10318
10318 10318
10318 10318
10318 3824
10318 3825
10318 1649
10318 1147
10318 3826
10318 3827
10318 3828
10318 3829
10318 3830
10318 3831
10318 3832
10318 5973
10318 7043
10318 9296
10318 10317
10318 10318
10318 10318
3838 10319
3833 10319
3834 10319
3835 10319
3836 10319
3837 10319
3841 10319
3842 10319
6369 10319
5092 10319
3840 10319
3839 10319
6310 10319
3844 10319
3843 10319
3845 10319
10319 10319
10319 10319
10319 3833
10319 3834
10319 3835
10319 3836
10319 3837
10319 3838
10319 3839
10319 3840
10319 3841
10319 3842
10319 3843
10319 3844
10319 3845
10319 5092
10319 6310
10319 6369
10319 10319
10319 10319
3846 10320
6866 10320
3847 10320
6865 10320
3849 10320
8281 10320
3848 10320
10320 10320
10320 10320
10320 3846
10320 3847
10320 3848
10320 3849
10320 6865
10320 6866
10320 8281
10320 10320
10320 10320
8196 10321
6957 10321
6849 10321
3850 10321
3852 10321
3853 10321
3854 10321
3851 10321
6958 10321
3855 10321
10321 10321
10321 10321
10321 3850
10321 3851
10321 3852
10321 3853
10321 3854
10321 3855
10321 6849
10321 6957
10321 6958
10321 8196
10321 10321
10321 10321
4070 10291
9668 10291
10295 10291
2058 10291
10294 10291
9669 10291
10297 10291
9671 10291
10291 10291
10291 10291
10291 4070
10291 2058
10291 9668
10291 9669
10291 9671
10291 10295
10291 10294
10291 10297
10291 10291
10291 10291
4398 10322
3856 10322
3857 10322
9261 10322
9517 10322
10322 10322
10322 10322
10322 3856
10322 3857
10322 4398
10322 9261
10322 9517
10322 10322
10322 10322
9739 10323
5749 10323
5697 10323
10323 10323
10323 10323
10323 5697
10323 5749
10323 9739
10323 10323
10323 10323
3858 10324
8167 10324
10324 10324
10324 10324
10324 3858
10324 8167
10324 10324
10324 10324
8317 10325
10325 10325
10325 10325
10325 8317
10325 10325
10325 10325
7652 10326
10326 10326
10326 10326
10326 7652
10326 10326
10326 10326
8404 10327
10327 10327
10327 10327
10327 8404
10327 10327
10327 10327
3861 10329
9257 10329
10328 10329
9080 10329
8195 10329
6874 10329
9081 10329
3860 10329
8191 10329
2175 10329
3859 10329
7218 10329
5544 10329
8121 10329
8190 10329
3862 10329
8248 10329
9685 10329
9084 10329
8128 10329
8494 10329
10329 10329
10329 10329
10329 3859
10329 3860
10329 3861
10329 3862
10329 2175
10329 5544
10329 7218
10329 6874
10329 8121
10329 8128
10329 8190
10329 8191
10329 8195
10329 8248
10329 8494
10329 9080
10329 9081
10329 9084
10329 9257
10329 9685
10329 10328
10329 10329
10329 10329
8493 10330
8127 10330
3870 10330
8188 10330
3871 10330
3864 10330
3869 10330
3865 10330
5271 10330
3863 10330
3868 10330
8492 10330
8186 10330
3866 10330
3867 10330
10330 10330
10330 10330
10330 3863
10330 3864
10330 3865
10330 3866
10330 3867
10330 3868
10330 3869
10330 3870
10330 3871
10330 5271
10330 8127
10330 8186
10330 8188
10330 8492
10330 8493
10330 10330
10330 10330
3873 10331
5272 10331
8130 10331
5543 10331
8249 10331
2175 10331
5123 10331
8570 10331
10328 10331
9431 10331
3872 10331
8494 10331
10331 10331
10331 10331
10331 2175
10331 3872
10331 3873
10331 5123
10331 5272
10331 5543
10331 8130
10331 8249
10331 8494
10331 8570
10331 9431
10331 10328
10331 10331
10331 10331
8700 10332
3875 10332
8708 10332
3877 10332
6807 10332
3874 10332
3876 10332
10332 10332
10332 10332
10332 3874
10332 3875
10332 3876
10332 3877
10332 6807
10332 8700
10332 8708
10332 10332
10332 10332
9426 10333
3878 10333
8127 10333
10333 10333
10333 10333
10333 3878
10333 8127
10333 9426
10333 10333
10333 10333
8129 10334
6864 10334
10334 10334
10334 10334
10334 6864
10334 8129
10334 10334
10334 10334
10335 10335
10335 10335
10335 10335
10335 10335
10336 10336
10336 10336
10336 10336
10336 10336
10337 10337
10337 10337
10337 10337
10337 10337
10338 10338
10338 10338
10338 10338
10338 10338
3881 10339
3880 10339
3882 10339
9495 10339
3883 10339
2252 10339
3879 10339
10339 10339
10339 10339
10339 3879
10339 2252
10339 3880
10339 3881
10339 3882
10339 3883
10339 9495
10339 10339
10339 10339
3890 10340
3891 10340
3889 10340
3892 10340
3884 10340
3888 10340
7323 10340
2053 10340
8326 10340
3886 10340
3885 10340
3887 10340
10340 10340
10340 10340
10340 2053
10340 3884
10340 3885
10340 3886
10340 3887
10340 3888
10340 3889
10340 3890
10340 3891
10340 3892
10340 7323
10340 8326
10340 10340
10340 10340
10341 10341
10341 10341
10341 10341
10341 10341
3896 10343
3893 10343
8372 10343
10342 10343
3894 10343
3895 10343
10343 10343
10343 10343
10343 3893
10343 3894
10343 3895
10343 3896
10343 8372
10343 10342
10343 10343
10343 10343
3901 10344
3900 10344
3899 10344
3898 10344
3902 10344
3904 10344
1148 10344
3897 10344
3903 10344
8065 10344
10344 10344
10344 10344
10344 3897
10344 1148
10344 3898
10344 3899
10344 3900
10344 3901
10344 3902
10344 3903
10344 3904
10344 8065
10344 10344
10344 10344
3905 10345
10345 10345
10345 10345
10345 3905
10345 10345
10345 10345
3909 10346
3908 10346
3907 10346
3906 10346
10346 10346
10346 10346
10346 3906
10346 3907
10346 3908
10346 3909
10346 10346
10346 10346
6454 10347
4672 10347
6665 10347
8356 10347
3910 10347
10347 10347
10347 10347
10347 3910
10347 4672
10347 6454
10347 6665
10347 8356
10347 10347
10347 10347
10348 10348
10348 10348
10348 10348
10348 10348
10349 10349
10349 10349
10349 10349
10349 10349
10350 10350
10350 10350
10350 10350
10350 10350
10351 10351
10351 10351
10351 10351
10351 10351
10352 10352
10352 10352
10352 10352
10352 10352
10353 10353
10353 10353
10353 10353
10353 10353
10354 10354
10354 10354
10354 10354
10354 10354
10355 10355
10355 10355
10355 10355
10355 10355
9256 10356
10356 10356
10356 10356
10356 9256
10356 10356
10356 10356
10357 10357
10357 10357
10357 10357
10357 10357
10358 10358
10358 10358
10358 10358
10358 10358
1149 10359
10359 10359
10359 10359
10359 1149
10359 10359
10359 10359
10360 10360
10360 10360
10360 10360
10360 10360
10361 10361
10361 10361
10361 10361
10361 10361
10362 10362
10362 10362
10362 10362
10362 10362
10363 10363
10363 10363
10363 10363
10363 10363
10364 10364
10364 10364
10364 10364
10364 10364
10365 10365
10365 10365
10365 10365
10365 10365
10366 10366
10366 10366
10366 10366
10366 10366
10367 10367
10367 10367
10367 10367
10367 10367
10368 10368
10368 10368
10368 10368
10368 10368
10369 10369
10369 10369
10369 10369
10369 10369
10370 10370
10370 10370
10370 10370
10370 10370
9764 10371
10371 10371
10371 10371
10371 9764
10371 10371
10371 10371
10372 10372
10372 10372
10372 10372
10372 10372
10373 10373
10373 10373
10373 10373
10373 10373
10374 10374
10374 10374
10374 10374
10374 10374
10375 10375
10375 10375
10375 10375
10375 10375
10376 10376
10376 10376
10376 10376
10376 10376
10377 10378
10378 10378
10378 10378
10378 10377
10378 10378
10378 10378
10379 10379
10379 10379
10379 10379
10379 10379
10380 10380
10380 10380
10380 10380
10380 10380
10381 10381
10381 10381
10381 10381
10381 10381
6379 10383
9271 10383
1248 10383
1151 10383
10382 10383
9272 10383
9686 10383
10383 10383
10383 10383
10383 1151
10383 1248
10383 6379
10383 9271
10383 9272
10383 9686
10383 10382
10383 10383
10383 10383
3911 10384
3913 10384
3914 10384
3915 10384
3916 10384
1657 10384
3912 10384
10384 10384
10384 10384
10384 1657
10384 3911
10384 3912
10384 3913
10384 3914
10384 3915
10384 3916
10384 10384
10384 10384
10385 10385
10385 10385
10385 10385
10385 10385
7218 10386
3917 10386
10386 10386
10386 10386
10386 3917
10386 7218
10386 10386
10386 10386
10387 10387
10387 10387
10387 10387
10387 10387
10388 10388
10388 10388
10388 10388
10388 10388
10389 10389
10389 10389
10389 10389
10389 10389
10390 10390
10390 10390
10390 10390
10390 10390
10391 10391
10391 10391
10391 10391
10391 10391
8050 10392
10392 10392
10392 10392
10392 8050
10392 10392
10392 10392
10393 10393
10393 10393
10393 10393
10393 10393
10394 10394
10394 10394
10394 10394
10394 10394
3918 10395
3919 10395
3922 10395
3920 10395
3921 10395
3923 10395
10395 10395
10395 10395
10395 3918
10395 3919
10395 3920
10395 3921
10395 3922
10395 3923
10395 10395
10395 10395
8892 10396
3928 10396
6180 10396
3927 10396
3925 10396
7959 10396
3924 10396
3929 10396
3926 10396
3930 10396
3931 10396
10396 10396
10396 10396
10396 3924
10396 3925
10396 3926
10396 3927
10396 3928
10396 3929
10396 3930
10396 3931
10396 6180
10396 7959
10396 8892
10396 10396
10396 10396
3932 10397
10397 10397
10397 10397
10397 3932
10397 10397
10397 10397
3937 10398
1155 10398
3934 10398
3933 10398
4012 10398
3935 10398
3936 10398
10398 10398
10398 10398
10398 1155
10398 3933
10398 3934
10398 3935
10398 3936
10398 3937
10398 4012
10398 10398
10398 10398
3938 10399
10399 10399
10399 10399
10399 3938
10399 10399
10399 10399
10400 10403
8756 10403
10401 10403
6462 10403
10402 10403
10403 10403
10403 10403
10403 6462
10403 8756
10403 10400
10403 10401
10403 10402
10403 10403
10403 10403
10404 10405
10405 10405
10405 10405
10405 10404
10405 10405
10405 10405
10406 10406
10406 10406
10406 10406
10406 10406
10407 10407
10407 10407
10407 10407
10407 10407
3939 10382
3940 10382
10383 10382
10382 10382
10382 10382
10382 3939
10382 3940
10382 10383
10382 10382
10382 10382
3151 10409
3945 10409
8345 10409
6826 10409
5751 10409
3942 10409
3946 10409
3943 10409
3941 10409
4672 10409
4086 10409
3947 10409
8420 10409
10408 10409
9531 10409
6435 10409
3944 10409
2238 10409
10409 10409
10409 10409
10409 3151
10409 3942
10409 3943
10409 3944
10409 3945
10409 3946
10409 3947
10409 4086
10409 4672
10409 3941
10409 2238
10409 5751
10409 6435
10409 6826
10409 8345
10409 8420
10409 9531
10409 10408
10409 10409
10409 10409
6827 10410
1796 10410
3948 10410
4287 10410
3956 10410
1798 10410
3949 10410
3950 10410
3951 10410
10401 10410
3953 10410
3955 10410
5971 10410
1219 10410
3952 10410
3954 10410
10410 10410
10410 10410
10410 3948
10410 1796
10410 3949
10410 3950
10410 3951
10410 3952
10410 3953
10410 3954
10410 3955
10410 3956
10410 1219
10410 4287
10410 1798
10410 5971
10410 6827
10410 10401
10410 10410
10410 10410
3965 10411
3960 10411
3959 10411
3958 10411
3966 10411
3961 10411
3964 10411
3962 10411
3963 10411
3957 10411
10411 10411
10411 10411
10411 3957
10411 3958
10411 3959
10411 3960
10411 3961
10411 3962
10411 3963
10411 3964
10411 3965
10411 3966
10411 10411
10411 10411
8805 10413
3967 10413
3968 10413
10412 10413
10413 10413
10413 10413
10413 3967
10413 3968
10413 8805
10413 10412
10413 10413
10413 10413
4618 10414
5160 10414
3971 10414
5866 10414
3970 10414
4619 10414
3969 10414
3972 10414
7710 10414
10414 10414
10414 10414
10414 3969
10414 3970
10414 3971
10414 3972
10414 4618
10414 4619
10414 5160
10414 5866
10414 7710
10414 10414
10414 10414
2021 10300
3973 10300
9665 10300
7445 10300
10299 10300
9542 10300
10301 10300
1157 10300
7436 10300
10300 10300
10300 10300
10300 3973
10300 1157
10300 2021
10300 7436
10300 7445
10300 9542
10300 9665
10300 10301
10300 10299
10300 10300
10300 10300
1157 10299
10300 10299
9662 10299
10301 10299
9665 10299
7436 10299
10299 10299
10299 10299
10299 1157
10299 7436
10299 9662
10299 9665
10299 10301
10299 10300
10299 10299
10299 10299
6457 10415
10415 10415
10415 10415
10415 6457
10415 10415
10415 10415
10416 10416
10416 10416
10416 10416
10416 10416
10417 10417
10417 10417
10417 10417
10417 10417
10418 10418
10418 10418
10418 10418
10418 10418
10419 10419
10419 10419
10419 10419
10419 10419
10420 10420
10420 10420
10420 10420
10420 10420
10421 10421
10421 10421
10421 10421
10421 10421
10422 10422
10422 10422
10422 10422
10422 10422
10423 10423
10423 10423
10423 10423
10423 10423
10424 10424
10424 10424
10424 10424
10424 10424
10425 10425
10425 10425
10425 10425
10425 10425
10426 10105
10175 10105
10022 10105
10094 10105
10002 10105
3975 10105
10243 10105
7547 10105
10427 10105
10246 10105
10004 10105
10238 10105
7549 10105
10001 10105
10428 10105
7548 10105
3974 10105
10228 10105
4635 10105
10105 10105
10105 10105
10105 3974
10105 3975
10105 4635
10105 7547
10105 7548
10105 7549
10105 10002
10105 10001
10105 10004
10105 10022
10105 10243
10105 10094
10105 10175
10105 10426
10105 10238
10105 10428
10105 10228
10105 10427
10105 10246
10105 10105
10105 10105
3977 10263
3980 10263
7821 10263
3976 10263
10244 10263
10240 10263
10263 10263
10263 10263
10263 3976
10263 3977
10263 3980
10263 7821
10263 10240
10263 10244
10263 10263
10263 10263
10241 10262
10302 10262
3979 10262
1161 10262
10104 10262
10264 10262
10262 10262
10262 10262
10262 1161
10262 3979
10262 10241
10262 10264
10262 10302
10262 10104
10262 10262
10262 10262
3980 10429
10104 10429
10244 10429
10429 10429
10429 10429
10429 3980
10429 10244
10429 10104
10429 10429
10429 10429
9991 10426
10106 10426
3981 10426
4024 10426
7547 10426
7548 10426
7549 10426
7550 10426
10105 10426
4028 10426
10426 10426
10426 10426
10426 3981
10426 4024
10426 4028
10426 7547
10426 7548
10426 7549
10426 7550
10426 9991
10426 10105
10426 10106
10426 10426
10426 10426
9992 10431
7201 10431
6390 10431
3983 10431
4164 10431
3982 10431
1162 10431
10430 10431
10431 10431
10431 10431
10431 1162
10431 3982
10431 3983
10431 4164
10431 6390
10431 7201
10431 9992
10431 10430
10431 10431
10431 10431
10002 10432
7202 10432
7548 10432
10106 10432
7550 10432
3984 10432
10248 10432
10228 10432
7547 10432
10432 10432
10432 10432
10432 3984
10432 7202
10432 7547
10432 7548
10432 7550
10432 10002
10432 10248
10432 10106
10432 10228
10432 10432
10432 10432
6385 10434
6384 10434
3985 10434
4173 10434
5134 10434
10433 10434
10434 10434
10434 10434
10434 3985
10434 4173
10434 5134
10434 6384
10434 6385
10434 10433
10434 10434
10434 10434
10435 10084
10101 10084
7201 10084
10040 10084
10084 10084
10084 10084
10084 7201
10084 10040
10084 10435
10084 10101
10084 10084
10084 10084
3995 10436
3994 10436
3993 10436
3986 10436
3988 10436
3989 10436
3990 10436
3991 10436
3987 10436
3992 10436
10436 10436
10436 10436
10436 3986
10436 3987
10436 3988
10436 3989
10436 3990
10436 3991
10436 3992
10436 3993
10436 3994
10436 3995
10436 10436
10436 10436
10437 10440
10438 10440
10439 10440
10440 10440
10440 10440
10440 10438
10440 10437
10440 10439
10440 10440
10440 10440
1164 10441
10437 10441
10438 10441
10441 10441
10441 10441
10441 1164
10441 10438
10441 10437
10441 10441
10441 10441
10442 10442
10442 10442
10442 10442
10442 10442
3997 10438
3996 10438
10441 10438
3999 10438
10440 10438
10438 10438
10438 10438
10438 3996
10438 3997
10438 3999
10438 10440
10438 10441
10438 10438
10438 10438
10443 10444
3998 10444
10444 10444
10444 10444
10444 3998
10444 10443
10444 10444
10444 10444
4002 10437
4000 10437
4001 10437
4003 10437
10441 10437
10440 10437
3999 10437
7433 10437
10437 10437
10437 10437
10437 3999
10437 4000
10437 4001
10437 4002
10437 4003
10437 7433
10437 10440
10437 10441
10437 10437
10437 10437
10440 10439
4004 10439
4005 10439
4006 10439
10439 10439
10439 10439
10439 4004
10439 4005
10439 4006
10439 10440
10439 10439
10439 10439
4008 10445
4007 10445
10445 10445
10445 10445
10445 4007
10445 4008
10445 10445
10445 10445
5266 10446
4009 10446
4010 10446
10446 10446
10446 10446
10446 4009
10446 4010
10446 5266
10446 10446
10446 10446
10447 10448
10448 10448
10448 10448
10448 10447
10448 10448
10448 10448
4011 10449
5948 10449
10449 10449
10449 10449
10449 4011
10449 5948
10449 10449
10449 10449
10077 10132
10132 10132
10132 10132
10132 10077
10132 10132
10132 10132
10450 10450
10450 10450
10450 10450
10450 10450
10451 10451
10451 10451
10451 10451
10451 10451
10191 10452
10452 10452
10452 10452
10452 10191
10452 10452
10452 10452
10103 10100
10100 10100
10100 10100
10100 10103
10100 10100
10100 10100
10453 10453
10453 10453
10453 10453
10453 10453
10454 10454
10454 10454
10454 10454
10454 10454
10455 10455
10455 10455
10455 10455
10455 10455
10456 10456
10456 10456
10456 10456
10456 10456
10457 10457
10457 10457
10457 10457
10457 10457
10458 10458
10458 10458
10458 10458
10458 10458
10459 10459
10459 10459
10459 10459
10459 10459
4223 10460
4013 10460
9330 10460
4015 10460
4014 10460
7438 10460
4012 10460
10460 10460
10460 10460
10460 4012
10460 4013
10460 4014
10460 4015
10460 4223
10460 7438
10460 9330
10460 10460
10460 10460
10461 10463
9330 10463
10462 10463
10463 10463
10463 10463
10463 9330
10463 10462
10463 10461
10463 10463
10463 10463
9480 10129
9006 10129
10464 10129
10130 10129
10129 10129
10129 10129
10129 9006
10129 9480
10129 10130
10129 10464
10129 10129
10129 10129
10465 10466
10464 10466
10466 10466
10466 10466
10466 10464
10466 10465
10466 10466
10466 10466
10464 10467
9511 10467
10467 10467
10467 10467
10467 9511
10467 10464
10467 10467
10467 10467
10464 10468
10468 10468
10468 10468
10468 10464
10468 10468
10468 10468
9480 10469
10469 10469
10469 10469
10469 9480
10469 10469
10469 10469
10464 10470
10470 10470
10470 10470
10470 10464
10470 10470
10470 10470
10464 10471
10471 10471
10471 10471
10471 10464
10471 10471
10471 10471
10464 10472
10472 10472
10472 10472
10472 10464
10472 10472
10472 10472
9660 10473
10473 10473
10473 10473
10473 9660
10473 10473
10473 10473
10474 10474
10474 10474
10474 10474
10474 10474
10475 10475
10475 10475
10475 10475
10475 10475
10476 10476
10476 10476
10476 10476
10476 10476
10477 10477
10477 10477
10477 10477
10477 10477
10478 10478
10478 10478
10478 10478
10478 10478
10479 10479
10479 10479
10479 10479
10479 10479
10480 10480
10480 10480
10480 10480
10480 10480
9852 10482
4016 10482
10038 10482
9766 10482
10481 10482
10071 10482
7411 10482
10482 10482
10482 10482
10482 4016
10482 7411
10482 9766
10482 9852
10482 10071
10482 10481
10482 10038
10482 10482
10482 10482
9920 10483
10483 10483
10483 10483
10483 9920
10483 10483
10483 10483
10484 10485
10485 10485
10485 10485
10485 10484
10485 10485
10485 10485
10037 10486
10486 10486
10486 10486
10486 10037
10486 10486
10486 10486
10487 10488
10488 10488
10488 10488
10488 10487
10488 10488
10488 10488
9962 10489
10489 10489
10489 10489
10489 9962
10489 10489
10489 10489
10490 10490
10490 10490
10490 10490
10490 10490
10491 10491
10491 10491
10491 10491
10491 10491
10224 10492
10492 10492
10492 10492
10492 10224
10492 10492
10492 10492
10222 10493
10493 10493
10493 10493
10493 10222
10493 10493
10493 10493
4017 10494
4019 10494
4018 10494
7471 10494
4020 10494
10494 10494
10494 10494
10494 4017
10494 4018
10494 4019
10494 4020
10494 7471
10494 10494
10494 10494
10222 10495
10495 10495
10495 10495
10495 10222
10495 10495
10495 10495
4022 10496
10496 10496
10496 10496
10496 4022
10496 10496
10496 10496
10497 10497
10497 10497
10497 10497
10497 10497
10461 10499
10498 10499
6408 10499
10499 10499
10499 10499
10499 6408
10499 10461
10499 10498
10499 10499
10499 10499
10222 10210
10500 10210
10501 10210
10213 10210
10210 10210
10210 10210
10210 10213
10210 10501
10210 10222
10210 10500
10210 10210
10210 10210
4026 10503
10500 10503
10502 10503
10503 10503
10503 10503
10503 4026
10503 10502
10503 10500
10503 10503
10503 10503
9365 10505
10504 10505
10505 10505
10505 10505
10505 9365
10505 10504
10505 10505
10505 10505
10506 10506
10506 10506
10506 10506
10506 10506
4026 10507
10507 10507
10507 10507
10507 4026
10507 10507
10507 10507
10508 10508
10508 10508
10508 10508
10508 10508
10509 10509
10509 10509
10509 10509
10509 10509
10510 10510
10510 10510
10510 10510
10510 10510
10511 10511
10511 10511
10511 10511
10511 10511
10512 10512
10512 10512
10512 10512
10512 10512
10513 10513
10513 10513
10513 10513
10513 10513
10211 10116
10212 10116
10205 10116
10221 10116
9866 10116
10514 10116
10117 10116
10050 10116
10223 10116
4023 10116
10515 10116
10224 10116
10209 10116
10116 10116
10116 10116
10116 4023
10116 9866
10116 10117
10116 10050
10116 10209
10116 10212
10116 10221
10116 10515
10116 10205
10116 10211
10116 10224
10116 10514
10116 10223
10116 10116
10116 10116
10213 10212
10155 10212
10209 10212
10116 10212
10222 10212
9866 10212
10500 10212
4026 10212
10206 10212
10221 10212
10050 10212
10212 10212
10212 10212
10212 4026
10212 9866
10212 10213
10212 10050
10212 10209
10212 10116
10212 10221
10212 10206
10212 10222
10212 10155
10212 10500
10212 10212
10212 10212
10431 10430
10214 10430
4026 10430
10430 10430
10430 10430
10430 4026
10430 10431
10430 10214
10430 10430
10430 10430
9474 10517
10516 10517
10517 10517
10517 10517
10517 9474
10517 10516
10517 10517
10517 10517
10518 10519
10504 10519
10155 10519
10519 10519
10519 10519
10519 10518
10519 10504
10519 10155
10519 10519
10519 10519
10487 10520
9866 10520
10221 10520
10520 10520
10520 10520
10520 9866
10520 10221
10520 10487
10520 10520
10520 10520
9866 10521
10521 10521
10521 10521
10521 9866
10521 10521
10521 10521
10502 10522
10522 10522
10522 10522
10522 10502
10522 10522
10522 10522
10523 10523
10523 10523
10523 10523
10523 10523
10524 10524
10524 10524
10524 10524
10524 10524
6616 10525
4042 10525
10525 10525
10525 10525
10525 4042
10525 6616
10525 10525
10525 10525
9542 10526
9478 10526
10526 10526
10526 10526
10526 9478
10526 9542
10526 10526
10526 10526
10527 10527
10527 10527
10527 10527
10527 10527
10001 10238
10428 10238
10528 10238
4027 10238
10243 10238
10105 10238
4028 10238
10174 10238
10239 10238
5129 10238
7547 10238
10228 10238
10238 10238
10238 10238
10238 4027
10238 4028
10238 5129
10238 7547
10238 10001
10238 10239
10238 10243
10238 10105
10238 10428
10238 10174
10238 10528
10238 10228
10238 10238
10238 10238
7548 10173
1166 10173
3978 10173
10428 10173
10174 10173
10176 10173
10106 10173
10094 10173
4029 10173
4028 10173
10173 10173
10173 10173
10173 3978
10173 4029
10173 1166
10173 4028
10173 7548
10173 10176
10173 10094
10173 10428
10173 10174
10173 10106
10173 10173
10173 10173
10238 10428
10106 10428
10173 10428
5139 10428
10105 10428
10261 10428
10428 10428
10428 10428
10428 5139
10428 10105
10428 10238
10428 10173
10428 10106
10428 10261
10428 10428
10428 10428
10432 10248
10094 10248
10248 10248
10248 10248
10248 10094
10248 10432
10248 10248
10248 10248
10246 10247
10094 10247
10247 10247
10247 10247
10247 10094
10247 10246
10247 10247
10247 10247
10529 10529
10529 10529
10529 10529
10529 10529
10530 10530
10530 10530
10530 10530
10530 10530
10531 10531
10531 10531
10531 10531
10531 10531
10532 10532
10532 10532
10532 10532
10532 10532
10533 10534
10534 10534
10534 10534
10534 10533
10534 10534
10534 10534
10535 10535
10535 10535
10535 10535
10535 10535
6505 10536
10536 10536
10536 10536
10536 6505
10536 10536
10536 10536
10444 10443
10537 10443
9359 10443
10443 10443
10443 10443
10443 9359
10443 10444
10443 10537
10443 10443
10443 10443
10537 10538
10538 10538
10538 10538
10538 10537
10538 10538
10538 10538
10539 10539
10539 10539
10539 10539
10539 10539
10295 10293
10540 10293
10294 10293
10541 10293
4030 10293
4032 10293
4031 10293
7200 10293
10293 10293
10293 10293
10293 4030
10293 4031
10293 4032
10293 7200
10293 10295
10293 10294
10293 10541
10293 10540
10293 10293
10293 10293
10293 10541
8541 10541
10542 10541
9540 10541
10541 10541
10541 10541
10541 8541
10541 9540
10541 10293
10541 10542
10541 10541
10541 10541
8541 10540
9672 10540
10543 10540
9666 10540
10293 10540
10540 10540
10540 10540
10540 8541
10540 9666
10540 9672
10540 10293
10540 10543
10540 10540
10540 10540
4035 10544
4036 10544
4037 10544
4034 10544
4033 10544
10544 10544
10544 10544
10544 4033
10544 4034
10544 4035
10544 4036
10544 4037
10544 10544
10544 10544
10504 10543
10540 10543
10543 10543
10543 10543
10543 10540
10543 10504
10543 10543
10543 10543
10463 10462
8441 10462
8422 10462
4039 10462
4040 10462
4038 10462
8443 10462
4041 10462
8472 10462
10462 10462
10462 10462
10462 4038
10462 4039
10462 4040
10462 4041
10462 8422
10462 8441
10462 8443
10462 8472
10462 10463
10462 10462
10462 10462
4043 10545
4044 10545
10545 10545
10545 10545
10545 4043
10545 4044
10545 10545
10545 10545
7803 10221
10116 10221
10520 10221
4471 10221
9866 10221
10211 10221
10050 10221
10212 10221
4045 10221
4458 10221
10221 10221
10221 10221
10221 4045
10221 4458
10221 4471
10221 7803
10221 9866
10221 10050
10221 10116
10221 10212
10221 10520
10221 10211
10221 10221
10221 10221
4046 10516
4047 10516
4107 10516
4818 10516
4819 10516
10517 10516
10516 10516
10516 10516
10516 4046
10516 4047
10516 4107
10516 4818
10516 4819
10516 10517
10516 10516
10516 10516
10546 10317
4816 10317
3473 10317
9733 10317
4255 10317
4049 10317
4048 10317
10318 10317
10317 10317
10317 10317
10317 4048
10317 4049
10317 3473
10317 4255
10317 4816
10317 9733
10317 10318
10317 10546
10317 10317
10317 10317
7378 10501
4178 10501
10210 10501
4101 10501
9912 10501
7435 10501
10205 10501
10501 10501
10501 10501
10501 4101
10501 4178
10501 7378
10501 7435
10501 9912
10501 10210
10501 10205
10501 10501
10501 10501
4050 10518
4051 10518
10547 10518
4052 10518
10519 10518
10518 10518
10518 10518
10518 4050
10518 4051
10518 4052
10518 10519
10518 10547
10518 10518
10518 10518
10463 10461
10499 10461
4053 10461
10461 10461
10461 10461
10461 4053
10461 10463
10461 10499
10461 10461
10461 10461
7377 10191
4055 10191
4430 10191
4054 10191
4429 10191
4941 10191
10193 10191
10452 10191
7544 10191
4056 10191
7600 10191
10191 10191
10191 10191
10191 4054
10191 4055
10191 4056
10191 4430
10191 4429
10191 4941
10191 7377
10191 7544
10191 7600
10191 10193
10191 10452
10191 10191
10191 10191
4058 10192
7815 10192
4059 10192
4057 10192
10189 10192
10548 10192
10549 10192
10193 10192
10550 10192
10500 10192
10192 10192
10192 10192
10192 4057
10192 4058
10192 4059
10192 7815
10192 10193
10192 10548
10192 10550
10192 10189
10192 10549
10192 10500
10192 10192
10192 10192
9783 10551
10515 10551
4510 10551
4060 10551
4061 10551
4222 10551
10551 10551
10551 10551
10551 4060
10551 4061
10551 4222
10551 4510
10551 9783
10551 10515
10551 10551
10551 10551
10212 10206
4062 10206
10050 10206
7600 10206
10207 10206
10206 10206
10206 10206
10206 4062
10206 7600
10206 10207
10206 10050
10206 10212
10206 10206
10206 10206
4063 10548
10192 10548
6518 10548
10548 10548
10548 10548
10548 4063
10548 6518
10548 10192
10548 10548
10548 10548
10176 10174
10003 10174
10173 10174
10106 10174
10245 10174
10243 10174
10238 10174
10174 10174
10174 10174
10174 10003
10174 10176
10174 10243
10174 10245
10174 10238
10174 10173
10174 10106
10174 10174
10174 10174
10238 10528
10224 10528
10528 10528
10528 10528
10528 10238
10528 10224
10528 10528
10528 10528
10552 10552
10552 10552
10552 10552
10552 10552
10224 10553
10553 10553
10553 10553
10553 10224
10553 10553
10553 10553
10554 10554
10554 10554
10554 10554
10554 10554
10555 10555
10555 10555
10555 10555
10555 10555
10556 10556
10556 10556
10556 10556
10556 10556
7620 10557
4064 10557
7565 10557
7616 10557
7586 10557
7774 10557
4534 10557
10557 10557
10557 10557
10557 4064
10557 4534
10557 7565
10557 7586
10557 7616
10557 7620
10557 7774
10557 10557
10557 10557
4065 10447
10448 10447
4066 10447
7734 10447
4775 10447
4067 10447
10447 10447
10447 10447
10447 4065
10447 4066
10447 4067
10447 4775
10447 7734
10447 10448
10447 10447
10447 10447
10075 10558
10558 10558
10558 10558
10558 10075
10558 10558
10558 10558
10261 10106
10426 10106
10427 10106
10022 10106
10428 10106
10002 10106
10174 10106
10432 10106
1373 10106
10104 10106
10173 10106
10241 10106
10175 10106
10242 10106
10094 10106
10228 10106
10106 10106
10106 10106
10106 1373
10106 10002
10106 10022
10106 10094
10106 10175
10106 10242
10106 10241
10106 10426
10106 10432
10106 10173
10106 10428
10106 10174
10106 10261
10106 10228
10106 10104
10106 10427
10106 10106
10106 10106
10094 10244
1373 10244
10429 10244
10245 10244
10261 10244
7821 10244
10263 10244
1166 10244
10104 10244
5139 10244
10244 10244
10244 10244
10244 1166
10244 1373
10244 5139
10244 7821
10244 10245
10244 10094
10244 10263
10244 10429
10244 10261
10244 10104
10244 10244
10244 10244
10241 10261
5140 10261
10106 10261
10104 10261
10237 10261
10428 10261
10244 10261
7547 10261
10261 10261
10261 10261
10261 5140
10261 7547
10261 10241
10261 10428
10261 10106
10261 10244
10261 10237
10261 10104
10261 10261
10261 10261
10559 10559
10559 10559
10559 10559
10559 10559
10560 10560
10560 10560
10560 10560
10560 10560
10561 10561
10561 10561
10561 10561
10561 10561
5719 10562
5410 10562
4078 10562
4075 10562
4076 10562
4079 10562
4074 10562
4077 10562
4070 10562
4071 10562
4080 10562
4255 10562
3287 10562
4072 10562
4081 10562
6069 10562
1169 10562
2058 10562
4073 10562
10562 10562
10562 10562
10562 1169
10562 4070
10562 4071
10562 4072
10562 4073
10562 4074
10562 4075
10562 4076
10562 4077
10562 4078
10562 4079
10562 4080
10562 4081
10562 2058
10562 4255
10562 3287
10562 5410
10562 5719
10562 6069
10562 10562
10562 10562
10129 10464
5595 10464
9666 10464
10472 10464
10471 10464
10470 10464
10468 10464
10467 10464
10466 10464
4082 10464
10464 10464
10464 10464
10464 4082
10464 5595
10464 9666
10464 10129
10464 10466
10464 10467
10464 10468
10464 10470
10464 10471
10464 10472
10464 10464
10464 10464
5945 10408
10409 10408
10408 10408
10408 10408
10408 5945
10408 10409
10408 10408
10408 10408
7800 10502
4084 10502
9969 10502
4083 10502
10522 10502
9934 10502
10222 10502
7387 10502
10503 10502
7801 10502
7388 10502
10502 10502
10502 10502
10502 4083
10502 4084
10502 7387
10502 7388
10502 7800
10502 7801
10502 9934
10502 9969
10502 10503
10502 10522
10502 10222
10502 10502
10502 10502
4089 10564
4088 10564
4092 10564
6420 10564
3150 10564
4085 10564
9825 10564
4090 10564
4086 10564
4087 10564
4091 10564
1307 10564
10563 10564
10564 10564
10564 10564
10564 4085
10564 4086
10564 3150
10564 4087
10564 4088
10564 4089
10564 4090
10564 4091
10564 4092
10564 1307
10564 6420
10564 9825
10564 10563
10564 10564
10564 10564
10095 10093
10565 10093
10217 10093
10566 10093
10093 10093
10093 10093
10093 10095
10093 10565
10093 10217
10093 10566
10093 10093
10093 10093
4093 10498
9867 10498
10499 10498
1172 10498
5704 10498
10498 10498
10498 10498
10498 1172
10498 4093
10498 5704
10498 9867
10498 10499
10498 10498
10498 10498
4095 10567
4094 10567
4097 10567
4098 10567
4099 10567
4096 10567
10481 10567
10567 10567
10567 10567
10567 4094
10567 4095
10567 4096
10567 4097
10567 4098
10567 4099
10567 10481
10567 10567
10567 10567
4100 10568
4101 10568
10568 10568
10568 10568
10568 4100
10568 4101
10568 10568
10568 10568
10534 10533
10533 10533
10533 10533
10533 10534
10533 10533
10533 10533
6017 10546
4126 10546
1646 10546
4115 10546
4108 10546
4122 10546
4118 10546
4121 10546
4113 10546
4120 10546
4109 10546
4112 10546
4256 10546
4114 10546
4119 10546
5284 10546
1173 10546
6131 10546
5275 10546
4105 10546
4104 10546
10317 10546
5715 10546
4106 10546
2061 10546
7043 10546
4107 10546
4110 10546
4116 10546
4124 10546
7443 10546
4103 10546
4102 10546
4117 10546
4111 10546
4125 10546
4123 10546
10546 10546
10546 10546
10546 2061
10546 1646
10546 1173
10546 4102
10546 4103
10546 4104
10546 4105
10546 4106
10546 4107
10546 4108
10546 4109
10546 4110
10546 4111
10546 4112
10546 4113
10546 4114
10546 4115
10546 4116
10546 4117
10546 4118
10546 4119
10546 4120
10546 4121
10546 4122
10546 4123
10546 4124
10546 4125
10546 4126
10546 4256
10546 5275
10546 5284
10546 5715
10546 6017
10546 6131
10546 7043
10546 7443
10546 10317
10546 10546
10546 10546
4127 10569
7846 10569
4128 10569
2066 10569
4129 10569
10569 10569
10569 10569
10569 2066
10569 4127
10569 4128
10569 4129
10569 7846
10569 10569
10569 10569
5504 10570
4131 10570
4132 10570
4133 10570
4130 10570
10570 10570
10570 10570
10570 4130
10570 4131
10570 4132
10570 4133
10570 5504
10570 10570
10570 10570
6421 10571
4134 10571
4461 10571
4135 10571
7490 10571
10571 10571
10571 10571
10571 4134
10571 4135
10571 4461
10571 6421
10571 7490
10571 10571
10571 10571
10238 10228
10105 10228
10432 10228
10230 10228
5139 10228
1373 10228
10106 10228
10237 10228
10228 10228
10228 10228
10228 1373
10228 5139
10228 10230
10228 10105
10228 10432
10228 10238
10228 10106
10228 10237
10228 10228
10228 10228
10041 10039
4136 10039
7536 10039
10030 10039
10117 10039
4195 10039
9962 10039
10039 10039
10039 10039
10039 4136
10039 4195
10039 7536
10039 9962
10039 10041
10039 10117
10039 10030
10039 10039
10039 10039
10001 10237
9991 10237
10228 10237
10239 10237
10261 10237
10237 10237
10237 10237
10237 9991
10237 10001
10237 10239
10237 10261
10237 10228
10237 10237
10237 10237
10514 10214
10215 10214
10430 10214
10214 10214
10214 10214
10214 10215
10214 10430
10214 10514
10214 10214
10214 10214
10572 10573
10573 10573
10573 10573
10573 10572
10573 10573
10573 10573
10574 10574
10574 10574
10574 10574
10574 10574
10575 10575
10575 10575
10575 10575
10575 10575
10576 10580
10577 10580
10578 10580
10049 10580
4137 10580
10579 10580
10400 10580
10250 10580
10580 10580
10580 10580
10580 4137
10580 10579
10580 10577
10580 10576
10580 10400
10580 10049
10580 10578
10580 10250
10580 10580
10580 10580
10261 10104
10022 10104
10262 10104
10249 10104
10244 10104
10106 10104
10429 10104
10245 10104
10004 10104
10104 10104
10104 10104
10104 10004
10104 10022
10104 10245
10104 10249
10104 10262
10104 10429
10104 10106
10104 10244
10104 10261
10104 10104
10104 10104
10577 10579
10565 10579
10563 10579
5164 10579
10581 10579
10580 10579
7190 10579
10579 10579
10579 10579
10579 5164
10579 7190
10579 10580
10579 10577
10579 10565
10579 10563
10579 10581
10579 10579
10579 10579
10580 10577
10579 10577
10250 10577
10577 10577
10577 10577
10577 10580
10577 10579
10577 10250
10577 10577
10577 10577
9970 10071
10049 10071
10072 10071
10482 10071
10071 10071
10071 10071
10071 9970
10071 10072
10071 10482
10071 10049
10071 10071
10071 10071
10116 10515
10551 10515
10515 10515
10515 10515
10515 10116
10515 10551
10515 10515
10515 10515
8995 10582
10582 10582
10582 10582
10582 8995
10582 10582
10582 10582
9075 10583
10583 10583
10583 10583
10583 9075
10583 10583
10583 10583
9778 10584
10584 10584
10584 10584
10584 9778
10584 10584
10584 10584
10072 10069
10069 10069
10069 10069
10069 10072
10069 10069
10069 10069
7795 10585
10585 10585
10585 10585
10585 7795
10585 10585
10585 10585
9970 10586
10586 10586
10586 10586
10586 9970
10586 10586
10586 10586
10587 10588
10588 10588
10588 10588
10588 10587
10588 10588
10588 10588
10589 10589
10589 10589
10589 10589
10589 10589
10590 10590
10590 10590
10590 10590
10590 10590
10591 10591
10591 10591
10591 10591
10591 10591
10592 10592
10592 10592
10592 10592
10592 10592
10567 10481
10482 10481
9900 10481
9920 10481
10481 10481
10481 10481
10481 9900
10481 9920
10481 10482
10481 10567
10481 10481
10481 10481
10593 10595
10594 10595
10595 10595
10595 10595
10595 10594
10595 10593
10595 10595
10595 10595
10596 10596
10596 10596
10596 10596
10596 10596
10597 10598
10598 10598
10598 10598
10598 10597
10598 10598
10598 10598
10599 10599
10599 10599
10599 10599
10599 10599
10600 10253
10254 10253
10223 10253
10601 10253
10253 10253
10253 10253
10253 10254
10253 10600
10253 10601
10253 10223
10253 10253
10253 10253
10572 10602
10115 10602
10602 10602
10602 10602
10602 10115
10602 10572
10602 10602
10602 10602
10070 10427
10600 10427
4636 10427
4138 10427
10105 10427
10106 10427
9963 10427
10427 10427
10427 10427
10427 4138
10427 4636
10427 9963
10427 10105
10427 10106
10427 10600
10427 10070
10427 10427
10427 10427
10253 10600
10427 10600
10224 10600
10600 10600
10600 10600
10600 10253
10600 10427
10600 10224
10600 10600
10600 10600
10168 10603
10603 10603
10603 10603
10603 10168
10603 10603
10603 10603
10204 10203
10155 10203
10487 10203
10203 10203
10203 10203
10203 10204
10203 10487
10203 10155
10203 10203
10203 10203
10168 10550
10192 10550
10250 10550
10550 10550
10550 10550
10550 10192
10550 10168
10550 10250
10550 10550
10550 10550
10604 10604
10604 10604
10604 10604
10604 10604
10594 10606
10605 10606
10606 10606
10606 10606
10606 10594
10606 10605
10606 10606
10606 10606
10224 10607
10607 10607
10607 10607
10607 10224
10607 10607
10607 10607
10246 10608
10608 10608
10608 10608
10608 10246
10608 10608
10608 10608
10250 10609
10609 10609
10609 10609
10609 10250
10609 10609
10609 10609
10610 10610
10610 10610
10610 10610
10610 10610
10611 10611
10611 10611
10611 10611
10611 10611
10612 10612
10612 10612
10612 10612
10612 10612
10613 10613
10613 10613
10613 10613
10613 10613
10614 10614
10614 10614
10614 10614
10614 10614
10615 10615
10615 10615
10615 10615
10615 10615
10616 10616
10616 10616
10616 10616
10616 10616
10617 10617
10617 10617
10617 10617
10617 10617
4987 10619
10189 10619
5826 10619
4141 10619
4140 10619
4139 10619
4143 10619
7390 10619
10618 10619
4142 10619
9833 10619
4466 10619
10619 10619
10619 10619
10619 4139
10619 4140
10619 4141
10619 4142
10619 4143
10619 4466
10619 4987
10619 5826
10619 7390
10619 9833
10619 10189
10619 10618
10619 10619
10619 10619
10217 10576
10101 10576
10098 10576
10580 10576
9866 10576
10576 10576
10576 10576
10576 9866
10576 10580
10576 10217
10576 10101
10576 10098
10576 10576
10576 10576
10579 10565
10217 10565
10093 10565
10565 10565
10565 10565
10565 10093
10565 10579
10565 10217
10565 10565
10565 10565
10576 10217
10565 10217
10219 10217
10093 10217
10217 10217
10217 10217
10217 10219
10217 10093
10217 10576
10217 10565
10217 10217
10217 10217
5982 10620
10620 10620
10620 10620
10620 5982
10620 10620
10620 10620
10621 10621
10621 10621
10621 10621
10621 10621
10622 10622
10622 10622
10622 10622
10622 10622
10168 10623
10169 10623
10623 10623
10623 10623
10623 10169
10623 10168
10623 10623
10623 10623
10624 10624
10624 10624
10624 10624
10624 10624
10625 10625
10625 10625
10625 10625
10625 10625
10626 10626
10626 10626
10626 10626
10626 10626
10627 10627
10627 10627
10627 10627
10627 10627
10628 10628
10628 10628
10628 10628
10628 10628
10629 10629
10629 10629
10629 10629
10629 10629
10630 10630
10630 10630
10630 10630
10630 10630
10631 10631
10631 10631
10631 10631
10631 10631
10632 10632
10632 10632
10632 10632
10632 10632
10633 10633
10633 10633
10633 10633
10633 10633
10634 10634
10634 10634
10634 10634
10634 10634
10635 10635
10635 10635
10635 10635
10635 10635
10636 10636
10636 10636
10636 10636
10636 10636
10637 10637
10637 10637
10637 10637
10637 10637
10638 10638
10638 10638
10638 10638
10638 10638
10639 10639
10639 10639
10639 10639
10639 10639
6425 10142
4143 10142
7467 10142
4144 10142
10144 10142
10142 10142
10142 10142
10142 4143
10142 4144
10142 6425
10142 7467
10142 10144
10142 10142
10142 10142
10564 10563
10640 10563
7488 10563
10579 10563
10563 10563
10563 10563
10563 7488
10563 10564
10563 10579
10563 10640
10563 10563
10563 10563
5179 10641
7372 10641
10641 10641
10641 10641
10641 5179
10641 7372
10641 10641
10641 10641
10253 10601
10601 10601
10601 10601
10601 10253
10601 10601
10601 10601
10642 10642
10642 10642
10642 10642
10642 10642
10643 10643
10643 10643
10643 10643
10643 10643
10644 10644
10644 10644
10644 10644
10644 10644
10645 10645
10645 10645
10645 10645
10645 10645
10646 10646
10646 10646
10646 10646
10646 10646
10500 10205
10207 10205
7200 10205
4025 10205
10223 10205
10501 10205
10213 10205
7619 10205
10116 10205
10209 10205
4762 10205
10222 10205
10205 10205
10205 10205
10205 4025
10205 4762
10205 7200
10205 7619
10205 10207
10205 10213
10205 10209
10205 10116
10205 10501
10205 10222
10205 10223
10205 10500
10205 10205
10205 10205
4577 10594
10595 10594
10606 10594
10647 10594
10648 10594
4472 10594
10594 10594
10594 10594
10594 4472
10594 4577
10594 10595
10594 10606
10594 10647
10594 10648
10594 10594
10594 10594
10558 10075
10076 10075
10075 10075
10075 10075
10075 10076
10075 10558
10075 10075
10075 10075
10563 10640
10640 10640
10640 10640
10640 10563
10640 10640
10640 10640
10649 10649
10649 10649
10649 10649
10649 10649
10648 10650
10650 10650
10650 10650
10650 10648
10650 10650
10650 10650
9791 10651
10651 10651
10651 10651
10651 9791
10651 10651
10651 10651
10652 10652
10652 10652
10652 10652
10652 10652
10487 10653
10653 10653
10653 10653
10653 10487
10653 10653
10653 10653
10654 10655
10655 10655
10655 10655
10655 10654
10655 10655
10655 10655
10656 10656
10656 10656
10656 10656
10656 10656
1174 10657
10113 10657
7630 10657
9365 10657
10657 10657
10657 10657
10657 1174
10657 7630
10657 9365
10657 10113
10657 10657
10657 10657
10619 10189
10192 10189
10190 10189
7566 10189
10189 10189
10189 10189
10189 7566
10189 10190
10189 10192
10189 10619
10189 10189
10189 10189
10113 10658
10658 10658
10658 10658
10658 10113
10658 10658
10658 10658
10659 10660
10660 10660
10660 10660
10660 10659
10660 10660
10660 10660
10076 10074
10074 10074
10074 10074
10074 10076
10074 10074
10074 10074
10655 10654
10654 10654
10654 10654
10654 10655
10654 10654
10654 10654
4145 10661
10049 10661
10500 10661
10661 10661
10661 10661
10661 4145
10661 10049
10661 10500
10661 10661
10661 10661
10662 10662
10662 10662
10662 10662
10662 10662
10663 10663
10663 10663
10663 10663
10663 10663
10664 10664
10664 10664
10664 10664
10664 10664
10665 10665
10665 10665
10665 10665
10665 10665
10666 10666
10666 10666
10666 10666
10666 10666
10597 10667
7299 10667
10667 10667
10667 10667
10667 7299
10667 10597
10667 10667
10667 10667
10668 10668
10668 10668
10668 10668
10668 10668
10669 10669
10669 10669
10669 10669
10669 10669
10670 10670
10670 10670
10670 10670
10670 10670
10671 10671
10671 10671
10671 10671
10671 10671
10672 10038
10041 10038
9942 10038
10482 10038
10593 10038
4146 10038
10038 10038
10038 10038
10038 4146
10038 9942
10038 10041
10038 10482
10038 10672
10038 10593
10038 10038
10038 10038
10038 10672
10672 10672
10672 10672
10672 10038
10672 10672
10672 10672
10673 10673
10673 10673
10673 10673
10673 10673
10674 10674
10674 10674
10674 10674
10674 10674
10101 10675
10168 10675
10167 10675
10224 10675
10675 10675
10675 10675
10675 10224
10675 10167
10675 10101
10675 10168
10675 10675
10675 10675
10572 10676
10676 10676
10676 10676
10676 10572
10676 10676
10676 10676
4149 10058
4148 10058
10059 10058
4147 10058
7383 10058
10058 10058
10058 10058
10058 4147
10058 4148
10058 4149
10058 7383
10058 10059
10058 10058
10058 10058
10594 10647
10647 10647
10647 10647
10647 10594
10647 10647
10647 10647
10050 10222
10495 10222
10212 10222
10209 10222
7200 10222
10211 10222
5220 10222
10101 10222
10502 10222
7460 10222
10493 10222
10205 10222
7484 10222
10155 10222
10210 10222
10222 10222
10222 10222
10222 5220
10222 7200
10222 7460
10222 7484
10222 10050
10222 10209
10222 10493
10222 10495
10222 10210
10222 10212
10222 10502
10222 10205
10222 10211
10222 10155
10222 10101
10222 10222
10222 10222
10213 10211
5138 10211
10116 10211
9866 10211
10221 10211
10050 10211
10222 10211
10500 10211
10211 10211
10211 10211
10211 5138
10211 9866
10211 10213
10211 10050
10211 10116
10211 10221
10211 10222
10211 10500
10211 10211
10211 10211
4154 10677
4151 10677
4479 10677
10085 10677
4155 10677
10504 10677
4156 10677
4163 10677
4152 10677
4153 10677
6561 10677
4150 10677
10677 10677
10677 10677
10677 4150
10677 4151
10677 4152
10677 4153
10677 4154
10677 4155
10677 4156
10677 4163
10677 4479
10677 6561
10677 10085
10677 10504
10677 10677
10677 10677
10435 10678
4157 10678
10678 10678
10678 10678
10678 4157
10678 10435
10678 10678
10678 10678
10403 10400
10580 10400
4158 10400
10581 10400
4159 10400
4394 10400
10400 10400
10400 10400
10400 4158
10400 4159
10400 4394
10400 10403
10400 10580
10400 10581
10400 10400
10400 10400
9944 10679
10581 10679
7741 10679
10679 10679
10679 10679
10679 7741
10679 9944
10679 10581
10679 10679
10679 10679
10071 10049
10051 10049
5166 10049
7824 10049
10580 10049
5220 10049
4162 10049
4161 10049
4160 10049
10661 10049
10049 10049
10049 10049
10049 4160
10049 4161
10049 4162
10049 5166
10049 5220
10049 7824
10049 10051
10049 10580
10049 10071
10049 10661
10049 10049
10049 10049
10488 10487
5984 10487
10680 10487
10203 10487
10653 10487
10520 10487
7560 10487
9933 10487
10487 10487
10487 10487
10487 5984
10487 7560
10487 9933
10487 10488
10487 10520
10487 10203
10487 10653
10487 10680
10487 10487
10487 10487
10681 10681
10681 10681
10681 10681
10681 10681
10487 10680
10680 10680
10680 10680
10680 10487
10680 10680
10680 10680
10518 10547
10547 10547
10547 10547
10547 10518
10547 10547
10547 10547
10682 10682
10682 10682
10682 10682
10682 10682
10683 10683
10683 10683
10683 10683
10683 10683
4165 10113
1174 10113
4167 10113
4482 10113
6837 10113
4166 10113
6384 10113
4163 10113
10068 10113
10190 10113
10657 10113
10114 10113
4164 10113
10658 10113
10113 10113
10113 10113
10113 1174
10113 4163
10113 4165
10113 4166
10113 4167
10113 4482
10113 4164
10113 6384
10113 6837
10113 10114
10113 10190
10113 10657
10113 10658
10113 10068
10113 10113
10113 10113
4168 10218
10101 10218
7396 10218
7866 10218
7382 10218
10219 10218
10218 10218
10218 10218
10218 4168
10218 7382
10218 7396
10218 7866
10218 10219
10218 10101
10218 10218
10218 10218
10684 10684
10684 10684
10684 10684
10684 10684
10685 10685
10685 10685
10685 10685
10685 10685
10686 10686
10686 10686
10686 10686
10686 10686
10050 10224
10675 10224
10600 10224
10528 10224
10607 10224
4529 10224
4169 10224
10553 10224
10116 10224
10492 10224
10224 10224
10224 10224
10224 4169
10224 4529
10224 10050
10224 10492
10224 10116
10224 10528
10224 10553
10224 10600
10224 10607
10224 10675
10224 10224
10224 10224
10214 10514
10116 10514
10514 10514
10514 10514
10514 10116
10514 10214
10514 10514
10514 10514
10677 10085
10040 10085
10085 10085
10085 10085
10085 10040
10085 10677
10085 10085
10085 10085
10687 10688
10688 10688
10688 10688
10688 10687
10688 10688
10688 10688
10689 10689
10689 10689
10689 10689
10689 10689
10690 10690
10690 10690
10690 10690
10690 10690
10691 10691
10691 10691
10691 10691
10691 10691
10692 10692
10692 10692
10692 10692
10692 10692
10116 10223
9783 10223
10693 10223
10050 10223
10253 10223
10115 10223
10205 10223
10223 10223
10223 10223
10223 9783
10223 10050
10223 10116
10223 10253
10223 10205
10223 10115
10223 10693
10223 10223
10223 10223
10115 10694
10694 10694
10694 10694
10694 10115
10694 10694
10694 10694
10695 10695
10695 10695
10695 10695
10695 10695
4172 10696
4170 10696
4171 10696
4479 10696
10696 10696
10696 10696
10696 4170
10696 4171
10696 4172
10696 4479
10696 10696
10696 10696
10093 10566
10566 10566
10566 10566
10566 10093
10566 10566
10566 10566
10580 10578
10578 10578
10578 10578
10578 10580
10578 10578
10578 10578
10697 10697
10697 10697
10697 10697
10697 10697
10192 10549
10549 10549
10549 10549
10549 10192
10549 10549
10549 10549
10698 10700
10699 10700
10700 10700
10700 10700
10700 10698
10700 10699
10700 10700
10700 10700
10084 10435
10155 10435
10678 10435
10435 10435
10435 10435
10435 10084
10435 10678
10435 10155
10435 10435
10435 10435
10434 10433
6385 10433
5134 10433
4175 10433
4173 10433
4174 10433
6384 10433
10433 10433
10433 10433
10433 4173
10433 4174
10433 4175
10433 5134
10433 6384
10433 6385
10433 10434
10433 10433
10433 10433
10701 10701
10701 10701
10701 10701
10701 10701
10155 10702
10702 10702
10702 10702
10702 10155
10702 10702
10702 10702
10703 10703
10703 10703
10703 10703
10703 10703
10704 10704
10704 10704
10704 10704
10704 10704
10223 10115
9901 10115
10659 10115
10117 10115
10694 10115
10602 10115
10138 10115
10115 10115
10115 10115
10115 9901
10115 10117
10115 10138
10115 10602
10115 10223
10115 10694
10115 10659
10115 10115
10115 10115
4177 10693
4176 10693
10223 10693
10693 10693
10693 10693
10693 4176
10693 4177
10693 10223
10693 10693
10693 10693
9907 10225
4181 10225
4180 10225
4202 10225
4178 10225
4179 10225
10050 10225
4471 10225
6105 10225
10225 10225
10225 10225
10225 4178
10225 4179
10225 4180
10225 4181
10225 4202
10225 4471
10225 6105
10225 9907
10225 10050
10225 10225
10225 10225
6130 10593
4183 10593
10038 10593
10659 10593
10595 10593
4182 10593
10705 10593
10593 10593
10593 10593
10593 4182
10593 4183
10593 6130
10593 10595
10593 10038
10593 10705
10593 10659
10593 10593
10593 10593
10505 10504
10543 10504
10519 10504
4184 10504
9991 10504
1177 10504
9480 10504
4187 10504
10677 10504
4186 10504
4188 10504
4816 10504
4185 10504
9619 10504
6384 10504
10504 10504
10504 10504
10504 1177
10504 4184
10504 4185
10504 4186
10504 4187
10504 4188
10504 4816
10504 6384
10504 9480
10504 9619
10504 9991
10504 10505
10504 10519
10504 10543
10504 10677
10504 10504
10504 10504
10541 10542
10542 10542
10542 10542
10542 10541
10542 10542
10542 10542
10485 10484
4962 10484
4194 10484
4193 10484
4189 10484
5981 10484
4190 10484
4192 10484
4191 10484
10705 10484
10484 10484
10484 10484
10484 4189
10484 4190
10484 4191
10484 4192
10484 4193
10484 4194
10484 4962
10484 5981
10484 10485
10484 10705
10484 10484
10484 10484
10486 10037
4196 10037
10041 10037
4195 10037
10037 10037
10037 10037
10037 4195
10037 4196
10037 10041
10037 10486
10037 10037
10037 10037
10593 10705
10484 10705
10705 10705
10705 10705
10705 10593
10705 10484
10705 10705
10705 10705
10435 10155
10212 10155
10519 10155
10156 10155
10203 10155
4200 10155
10702 10155
9766 10155
4201 10155
4199 10155
4198 10155
4197 10155
6050 10155
10222 10155
5167 10155
7373 10155
10155 10155
10155 10155
10155 4197
10155 4198
10155 4199
10155 4200
10155 4201
10155 5167
10155 6050
10155 7373
10155 9766
10155 10156
10155 10212
10155 10519
10155 10203
10155 10222
10155 10435
10155 10702
10155 10155
10155 10155
10594 10648
5222 10648
5004 10648
4205 10648
4203 10648
9756 10648
10650 10648
4206 10648
7768 10648
4204 10648
4202 10648
4207 10648
10648 10648
10648 10648
10648 4202
10648 4203
10648 4204
10648 4205
10648 4206
10648 4207
10648 5004
10648 5222
10648 7768
10648 9756
10648 10594
10648 10650
10648 10648
10648 10648
4211 10687
7619 10687
4210 10687
7560 10687
5004 10687
4209 10687
4208 10687
7768 10687
10688 10687
10687 10687
10687 10687
10687 4208
10687 4209
10687 4210
10687 4211
10687 5004
10687 7560
10687 7619
10687 7768
10687 10688
10687 10687
10687 10687
10183 10169
10216 10169
10170 10169
10699 10169
9959 10169
10698 10169
10623 10169
10169 10169
10169 10169
10169 9959
10169 10170
10169 10183
10169 10216
10169 10623
10169 10698
10169 10699
10169 10169
10169 10169
10115 10659
10660 10659
10593 10659
4510 10659
10659 10659
10659 10659
10659 4510
10659 10660
10659 10115
10659 10593
10659 10659
10659 10659
10094 10246
7548 10246
7551 10246
10105 10246
7549 10246
10001 10246
10608 10246
10247 10246
9992 10246
10246 10246
10246 10246
10246 7548
10246 7549
10246 7551
10246 9992
10246 10001
10246 10094
10246 10105
10246 10247
10246 10608
10246 10246
10246 10246
10588 10587
10587 10587
10587 10587
10587 10588
10587 10587
10587 10587
10699 10698
10168 10698
10169 10698
10700 10698
10698 10698
10698 10698
10698 10700
10698 10169
10698 10699
10698 10168
10698 10698
10698 10698
10581 10167
10170 10167
10675 10167
10167 10167
10167 10167
10167 10170
10167 10675
10167 10581
10167 10167
10167 10167
10072 10068
10113 10068
10068 10068
10068 10068
10068 10072
10068 10113
10068 10068
10068 10068
10619 10618
10618 10618
10618 10618
10618 10619
10618 10618
10618 10618
10190 10188
10188 10188
10188 10188
10188 10190
10188 10188
10188 10188
10706 10706
10706 10706
10706 10706
10706 10706
10707 10707
10707 10707
10707 10707
10707 10707
10708 10708
10708 10708
10708 10708
10708 10708
10709 10709
10709 10709
10709 10709
10709 10709
10710 10710
10710 10710
10710 10710
10710 10710
10579 10581
10400 10581
10053 10581
10167 10581
10679 10581
10581 10581
10581 10581
10581 10579
10581 10400
10581 10679
10581 10167
10581 10053
10581 10581
10581 10581
9962 10070
7566 10070
10427 10070
10053 10070
10072 10070
10070 10070
10070 10070
10070 7566
10070 9962
10070 10072
10070 10427
10070 10053
10070 10070
10070 10070
7741 10713
7385 10713
10699 10713
10711 10713
10712 10713
10713 10713
10713 10713
10713 7385
10713 7741
10713 10699
10713 10712
10713 10711
10713 10713
10713 10713
10700 10699
10713 10699
10698 10699
10169 10699
10699 10699
10699 10699
10699 10700
10699 10169
10699 10698
10699 10713
10699 10699
10699 10699
10714 10714
10714 10714
10714 10714
10714 10714
10713 10712
10712 10712
10712 10712
10712 10713
10712 10712
10712 10712
10713 10711
10711 10711
10711 10711
10711 10713
10711 10711
10711 10711
10715 10715
10715 10715
10715 10715
10715 10715
9962 10101
10218 10101
10103 10101
10675 10101
10576 10101
10222 10101
4494 10101
10084 10101
4495 10101
4496 10101
10101 10101
10101 10101
10101 4495
10101 4496
10101 4494
10101 9962
10101 10103
10101 10084
10101 10576
10101 10675
10101 10222
10101 10218
10101 10101
10101 10101
10170 10168
10603 10168
10698 10168
10183 10168
7802 10168
10675 10168
10623 10168
10550 10168
4213 10168
4212 10168
10168 10168
10168 10168
10168 4212
10168 4213
10168 7802
10168 10170
10168 10183
10168 10603
10168 10550
10168 10623
10168 10675
10168 10698
10168 10168
10168 10168
10676 10572
10573 10572
7463 10572
7462 10572
10602 10572
10572 10572
10572 10572
10572 7462
10572 7463
10572 10573
10572 10602
10572 10676
10572 10572
10572 10572
4214 10605
10606 10605
4215 10605
4446 10605
4216 10605
10605 10605
10605 10605
10605 4214
10605 4215
10605 4216
10605 4446
10605 10606
10605 10605
10605 10605
10208 10053
7619 10053
4218 10053
4024 10053
10091 10053
10054 10053
10070 10053
10581 10053
4217 10053
10053 10053
10053 10053
10053 4024
10053 4217
10053 4218
10053 7619
10053 10054
10053 10208
10053 10091
10053 10581
10053 10070
10053 10053
10053 10053
7740 10250
10609 10250
10098 10250
10716 10250
10251 10250
10550 10250
10580 10250
4220 10250
4219 10250
10577 10250
6892 10250
10250 10250
10250 10250
10250 4219
10250 4220
10250 6892
10250 7740
10250 10251
10250 10580
10250 10577
10250 10550
10250 10609
10250 10098
10250 10716
10250 10250
10250 10250
7744 10098
4221 10098
10099 10098
10576 10098
10250 10098
7740 10098
10098 10098
10098 10098
10098 4221
10098 7740
10098 7744
10098 10099
10098 10576
10098 10250
10098 10098
10098 10098
10212 10500
9480 10500
4222 10500
10210 10500
10192 10500
10211 10500
10661 10500
10205 10500
6841 10500
4816 10500
10503 10500
4223 10500
10500 10500
10500 10500
10500 4222
10500 4223
10500 4816
10500 6841
10500 9480
10500 10210
10500 10503
10500 10212
10500 10192
10500 10205
10500 10661
10500 10211
10500 10500
10500 10500
4226 10717
5266 10717
9503 10717
4451 10717
4230 10717
7929 10717
6734 10717
9524 10717
4228 10717
4225 10717
1612 10717
4227 10717
4224 10717
9347 10717
10717 10717
10717 10717
10717 4224
10717 4225
10717 4226
10717 4227
10717 4228
10717 4230
10717 4451
10717 5266
10717 1612
10717 6734
10717 7929
10717 9347
10717 9503
10717 9524
10717 10717
10717 10717
9424 10718
6664 10718
3495 10718
4451 10718
9347 10718
4229 10718
4230 10718
9502 10718
10342 10718
10718 10718
10718 10718
10718 4229
10718 4230
10718 4451
10718 3495
10718 6664
10718 9347
10718 9502
10718 9424
10718 10342
10718 10718
10718 10718
5250 10719
9673 10719
7929 10719
4236 10719
4235 10719
9504 10719
7930 10719
4234 10719
4231 10719
4233 10719
4230 10719
4232 10719
10719 10719
10719 10719
10719 4230
10719 4231
10719 4232
10719 4233
10719 4234
10719 4235
10719 4236
10719 5250
10719 7929
10719 7930
10719 9504
10719 9673
10719 10719
10719 10719
8381 10723
10720 10723
8160 10723
9502 10723
4238 10723
9346 10723
4237 10723
10721 10723
10722 10723
10723 10723
10723 10723
10723 4237
10723 4238
10723 8160
10723 8381
10723 9502
10723 9346
10723 10721
10723 10720
10723 10722
10723 10723
10723 10723
9424 10721
10723 10721
9502 10721
4431 10721
10720 10721
10721 10721
10721 10721
10721 4431
10721 9502
10721 9424
10721 10723
10721 10720
10721 10721
10721 10721
9528 10720
4239 10720
7929 10720
9673 10720
10723 10720
10721 10720
10720 10720
10720 10720
10720 4239
10720 7929
10720 9528
10720 9673
10720 10723
10720 10721
10720 10720
10720 10720
9424 10724
10724 10724
10724 10724
10724 9424
10724 10724
10724 10724
9424 10725
9665 10725
10725 10725
10725 10725
10725 9424
10725 9665
10725 10725
10725 10725
7937 10722
10723 10722
10722 10722
10722 10722
10722 7937
10722 10723
10722 10722
10722 10722
10342 10726
10726 10726
10726 10726
10726 10342
10726 10726
10726 10726
4241 10342
4240 10342
9664 10342
10718 10342
4242 10342
10343 10342
9673 10342
9532 10342
10726 10342
10342 10342
10342 10342
10342 4240
10342 4241
10342 4242
10342 9532
10342 9673
10342 9664
10342 10343
10342 10718
10342 10726
10342 10342
10342 10342
1189 10729
10727 10729
1186 10729
9170 10729
9051 10729
4243 10729
10728 10729
8953 10729
8491 10729
8754 10729
1179 10729
8046 10729
4244 10729
10729 10729
10729 10729
10729 1179
10729 4243
10729 4244
10729 1186
10729 1189
10729 8046
10729 8491
10729 9051
10729 8953
10729 8754
10729 9170
10729 10727
10729 10728
10729 10729
10729 10729
4246 10727
4249 10727
4251 10727
4248 10727
1186 10727
4245 10727
10729 10727
1189 10727
10730 10727
8951 10727
4250 10727
8962 10727
4247 10727
10727 10727
10727 10727
10727 1186
10727 1189
10727 4245
10727 4248
10727 4249
10727 4246
10727 4250
10727 4251
10727 4247
10727 8951
10727 8962
10727 10729
10727 10730
10727 10727
10727 10727
4247 10731
4253 10731
4254 10731
10728 10731
4252 10731
9170 10731
2878 10731
1659 10731
8962 10731
10731 10731
10731 10731
10731 1659
10731 4247
10731 4252
10731 4253
10731 4254
10731 2878
10731 8962
10731 9170
10731 10728
10731 10731
10731 10731
10728 10730
8954 10730
1197 10730
8797 10730
8953 10730
9051 10730
9068 10730
8878 10730
10727 10730
1190 10730
10730 10730
10730 10730
10730 1190
10730 1197
10730 8797
10730 8954
10730 9051
10730 8953
10730 8878
10730 9068
10730 10727
10730 10728
10730 10730
10730 10730
10731 10728
10729 10728
10730 10728
9155 10728
5784 10728
10732 10728
10728 10728
10728 10728
10728 5784
10728 9155
10728 10729
10728 10731
10728 10730
10728 10732
10728 10728
10728 10728
8957 10732
10728 10732
8953 10732
9051 10732
10732 10732
10732 10732
10732 9051
10732 8953
10732 8957
10732 10728
10732 10732
10732 10732
8962 10733
1200 10733
10733 10733
10733 10733
10733 1200
10733 8962
10733 10733
10733 10733
3473 10465
4256 10465
4257 10465
2060 10465
2058 10465
4255 10465
2025 10465
10466 10465
4258 10465
10465 10465
10465 10465
10465 2058
10465 3473
10465 4255
10465 4256
10465 4257
10465 2060
10465 4258
10465 2025
10465 10466
10465 10465
10465 10465
4259 10537
10734 10537
10443 10537
10538 10537
10537 10537
10537 10537
10537 4259
10537 10443
10537 10538
10537 10734
10537 10537
10537 10537
5927 10102
10103 10102
10102 10102
10102 10102
10102 5927
10102 10103
10102 10102
10102 10102
1768 10716
10250 10716
10716 10716
10716 10716
10716 1768
10716 10250
10716 10716
10716 10716
6472 10736
9808 10736
3683 10736
10735 10736
9668 10736
10736 10736
10736 10736
10736 3683
10736 6472
10736 9668
10736 9808
10736 10735
10736 10736
10736 10736
1206 10735
4260 10735
5158 10735
10736 10735
10735 10735
10735 10735
10735 1206
10735 4260
10735 5158
10735 10736
10735 10735
10735 10735
10737 10737
10737 10737
10737 10737
10737 10737
10537 10734
4261 10734
10734 10734
10734 10734
10734 4261
10734 10537
10734 10734
10734 10734
3287 10738
10738 10738
10738 10738
10738 3287
10738 10738
10738 10738
10739 10739
10739 10739
10739 10739
10739 10739
6464 10743
6489 10743
1799 10743
10740 10743
6473 10743
6164 10743
1233 10743
7025 10743
4264 10743
4263 10743
4303 10743
8921 10743
4262 10743
8756 10743
4398 10743
4269 10743
4267 10743
1236 10743
6465 10743
4266 10743
10741 10743
6459 10743
4265 10743
10401 10743
6471 10743
4275 10743
1798 10743
6470 10743
4273 10743
6462 10743
1230 10743
6461 10743
4272 10743
8920 10743
6479 10743
4270 10743
4271 10743
10742 10743
5774 10743
6477 10743
10743 10743
10743 10743
10743 4262
10743 4263
10743 4264
10743 4265
10743 4266
10743 4267
10743 1799
10743 4269
10743 4270
10743 4271
10743 4272
10743 4273
10743 4275
10743 1230
10743 1233
10743 1798
10743 1236
10743 4303
10743 4398
10743 5774
10743 6164
10743 6465
10743 6471
10743 6461
10743 6462
10743 6477
10743 6470
10743 6479
10743 6473
10743 6459
10743 6464
10743 6489
10743 7025
10743 8756
10743 8921
10743 8920
10743 10401
10743 10741
10743 10740
10743 10742
10743 10743
10743 10743
4277 10401
8756 10401
4278 10401
4280 10401
4276 10401
6462 10401
6464 10401
4272 10401
4274 10401
1798 10401
4270 10401
4279 10401
4271 10401
6479 10401
10403 10401
8755 10401
4398 10401
6465 10401
4284 10401
10410 10401
6473 10401
6463 10401
7025 10401
1230 10401
4275 10401
6477 10401
10740 10401
4273 10401
6459 10401
1207 10401
4269 10401
1799 10401
1217 10401
10743 10401
6164 10401
10401 10401
10401 10401
10401 1207
10401 1799
10401 1217
10401 4269
10401 4270
10401 4271
10401 4272
10401 4273
10401 4274
10401 4275
10401 4276
10401 4277
10401 4278
10401 4279
10401 4280
10401 1230
10401 4284
10401 1798
10401 4398
10401 6164
10401 6465
10401 6462
10401 6477
10401 6479
10401 6473
10401 6463
10401 6459
10401 6464
10401 7025
10401 8755
10401 8756
10401 10403
10401 10410
10401 10743
10401 10740
10401 10401
10401 10401
10743 10741
8656 10741
1231 10741
4287 10741
4284 10741
4289 10741
1219 10741
4285 10741
4334 10741
6459 10741
4286 10741
6479 10741
4288 10741
4281 10741
1230 10741
4282 10741
8879 10741
1798 10741
4290 10741
9297 10741
4291 10741
9350 10741
10741 10741
10741 10741
10741 1219
10741 1230
10741 4284
10741 1231
10741 4281
10741 4285
10741 4286
10741 4282
10741 4287
10741 4288
10741 4289
10741 4290
10741 4291
10741 1798
10741 4334
10741 6479
10741 6459
10741 8656
10741 8879
10741 9297
10741 9350
10741 10743
10741 10741
10741 10741
8050 10740
6459 10740
8921 10740
6478 10740
10743 10740
10744 10740
6468 10740
6464 10740
1233 10740
6465 10740
6466 10740
8756 10740
1239 10740
7150 10740
10401 10740
6470 10740
1242 10740
8879 10740
6462 10740
10740 10740
10740 10740
10740 1233
10740 1239
10740 1242
10740 6465
10740 6468
10740 6462
10740 6470
10740 6466
10740 6459
10740 6464
10740 6478
10740 7150
10740 8050
10740 8879
10740 8756
10740 8921
10740 10743
10740 10401
10740 10744
10740 10740
10740 10740
10745 10744
6488 10744
6164 10744
4399 10744
4293 10744
8910 10744
9284 10744
6479 10744
4295 10744
7026 10744
4291 10744
4294 10744
4292 10744
5772 10744
10402 10744
6465 10744
10742 10744
4398 10744
10740 10744
10744 10744
10744 10744
10744 4291
10744 4292
10744 4293
10744 4294
10744 4295
10744 4398
10744 4399
10744 5772
10744 6164
10744 6465
10744 6479
10744 6488
10744 7026
10744 8910
10744 9284
10744 10740
10744 10742
10744 10745
10744 10402
10744 10744
10744 10744
8756 10746
6471 10746
5975 10746
5977 10746
8555 10746
6327 10746
4301 10746
5974 10746
7026 10746
6479 10746
4297 10746
4296 10746
5920 10746
4302 10746
4298 10746
4300 10746
6470 10746
4299 10746
5972 10746
1798 10746
10746 10746
10746 10746
10746 1798
10746 4296
10746 4297
10746 4298
10746 4299
10746 4300
10746 4301
10746 4302
10746 5920
10746 5972
10746 5974
10746 5975
10746 5977
10746 6327
10746 6471
10746 6470
10746 6479
10746 7026
10746 8555
10746 8756
10746 10746
10746 10746
6459 10748
10747 10748
6165 10748
4309 10748
6488 10748
4303 10748
4399 10748
1236 10748
4308 10748
4305 10748
4307 10748
4304 10748
8879 10748
4306 10748
1622 10748
10748 10748
10748 10748
10748 1236
10748 1622
10748 4303
10748 4304
10748 4305
10748 4306
10748 4307
10748 4308
10748 4309
10748 4399
10748 6165
10748 6459
10748 6488
10748 8879
10748 10747
10748 10748
10748 10748
7968 10747
4310 10747
8050 10747
4316 10747
9298 10747
5772 10747
10748 10747
4313 10747
4311 10747
4312 10747
6489 10747
10742 10747
4314 10747
4315 10747
10747 10747
10747 10747
10747 4310
10747 4311
10747 4312
10747 4313
10747 4314
10747 4315
10747 4316
10747 5772
10747 6489
10747 7968
10747 8050
10747 9298
10747 10748
10747 10742
10747 10747
10747 10747
10744 10742
6464 10742
1239 10742
10747 10742
10743 10742
1242 10742
6459 10742
8756 10742
10742 10742
10742 10742
10742 1239
10742 1242
10742 6459
10742 6464
10742 8756
10742 10743
10742 10744
10742 10747
10742 10742
10742 10742
8891 10749
9290 10749
4319 10749
4317 10749
1601 10749
4318 10749
4320 10749
10749 10749
10749 10749
10749 4317
10749 1601
10749 4318
10749 4319
10749 4320
10749 8891
10749 9290
10749 10749
10749 10749
4324 10750
4322 10750
9339 10750
4321 10750
4323 10750
10750 10750
10750 10750
10750 4321
10750 4322
10750 4323
10750 4324
10750 9339
10750 10750
10750 10750
10751 10751
10751 10751
10751 10751
10751 10751
4327 10752
4331 10752
4329 10752
4326 10752
4330 10752
4332 10752
4328 10752
9467 10752
2299 10752
4325 10752
10752 10752
10752 10752
10752 4325
10752 2299
10752 4326
10752 4327
10752 4328
10752 4329
10752 4330
10752 4331
10752 4332
10752 9467
10752 10752
10752 10752
6072 10753
4816 10753
1247 10753
4333 10753
5713 10753
10753 10753
10753 10753
10753 1247
10753 4333
10753 4816
10753 5713
10753 6072
10753 10753
10753 10753
1765 10754
4335 10754
6841 10754
5900 10754
4334 10754
10754 10754
10754 10754
10754 4334
10754 1765
10754 4335
10754 5900
10754 6841
10754 10754
10754 10754
4336 10755
10755 10755
10755 10755
10755 4336
10755 10755
10755 10755
10756 10756
10756 10756
10756 10756
10756 10756
10757 10757
10757 10757
10757 10757
10757 10757
5469 10758
4378 10758
5249 10758
4337 10758
4338 10758
9301 10758
4379 10758
10758 10758
10758 10758
10758 4337
10758 4338
10758 4378
10758 4379
10758 5249
10758 5469
10758 9301
10758 10758
10758 10758
10759 10745
4339 10745
10744 10745
10745 10745
10745 10745
10745 4339
10745 10744
10745 10759
10745 10745
10745 10745
4339 10760
4340 10760
1673 10760
10760 10760
10760 10760
10760 4339
10760 4340
10760 1673
10760 10760
10760 10760
9264 10761
4341 10761
4342 10761
9339 10761
4343 10761
10761 10761
10761 10761
10761 4341
10761 4342
10761 4343
10761 9264
10761 9339
10761 10761
10761 10761
10762 10762
10762 10762
10762 10762
10762 10762
4348 10763
1602 10763
4344 10763
1845 10763
4354 10763
4345 10763
4350 10763
4349 10763
4352 10763
4351 10763
4347 10763
4346 10763
5974 10763
4353 10763
10763 10763
10763 10763
10763 1602
10763 1845
10763 4344
10763 4345
10763 4346
10763 4347
10763 4348
10763 4349
10763 4350
10763 4351
10763 4352
10763 4353
10763 4354
10763 5974
10763 10763
10763 10763
10331 10328
10329 10328
4357 10328
8127 10328
8120 10328
4355 10328
1249 10328
4356 10328
8492 10328
10328 10328
10328 10328
10328 1249
10328 4356
10328 4357
10328 4355
10328 8120
10328 8127
10328 8492
10328 10329
10328 10331
10328 10328
10328 10328
4358 10759
4360 10759
1708 10759
4359 10759
4361 10759
10745 10759
9278 10759
10759 10759
10759 10759
10759 1708
10759 4358
10759 4359
10759 4360
10759 4361
10759 9278
10759 10745
10759 10759
10759 10759
10598 10597
4363 10597
10667 10597
4365 10597
4364 10597
4366 10597
1255 10597
7203 10597
4362 10597
10597 10597
10597 10597
10597 1255
10597 4362
10597 4363
10597 4364
10597 4365
10597 4366
10597 7203
10597 10598
10597 10667
10597 10597
10597 10597
10764 10764
10764 10764
10764 10764
10764 10764
8888 10765
10765 10765
10765 10765
10765 8888
10765 10765
10765 10765
9531 10766
10766 10766
10766 10766
10766 9531
10766 10766
10766 10766
10767 10767
10767 10767
10767 10767
10767 10767
9299 10768
4367 10768
9298 10768
6950 10768
4371 10768
4369 10768
8050 10768
4376 10768
4368 10768
4372 10768
4377 10768
4370 10768
6263 10768
1492 10768
1257 10768
5108 10768
4375 10768
4373 10768
1648 10768
4374 10768
10768 10768
10768 10768
10768 1257
10768 1648
10768 4367
10768 4368
10768 4369
10768 4370
10768 4371
10768 4372
10768 4373
10768 4374
10768 4375
10768 4376
10768 4377
10768 1492
10768 5108
10768 6263
10768 6950
10768 8050
10768 9298
10768 9299
10768 10768
10768 10768
9339 10412
10413 10412
4379 10412
4380 10412
4378 10412
4382 10412
4383 10412
4381 10412
10412 10412
10412 10412
10412 4378
10412 4379
10412 4380
10412 4381
10412 4382
10412 4383
10412 9339
10412 10413
10412 10412
10412 10412
8891 10769
4384 10769
10769 10769
10769 10769
10769 4384
10769 8891
10769 10769
10769 10769
4387 10771
6068 10771
4385 10771
4386 10771
9151 10771
4389 10771
4393 10771
4392 10771
10770 10771
2546 10771
6821 10771
4388 10771
4390 10771
6818 10771
4391 10771
8801 10771
5468 10771
10771 10771
10771 10771
10771 4385
10771 2546
10771 4386
10771 4387
10771 4388
10771 4389
10771 4390
10771 4391
10771 4392
10771 4393
10771 5468
10771 6068
10771 6818
10771 6821
10771 8801
10771 9151
10771 10770
10771 10771
10771 10771
8846 10770
10771 10770
10770 10770
10770 10770
10770 8846
10770 10771
10770 10770
10770 10770
7946 10772
10772 10772
10772 10772
10772 7946
10772 10772
10772 10772
10773 10773
10773 10773
10773 10773
10773 10773
10774 10774
10774 10774
10774 10774
10774 10774
10775 10775
10775 10775
10775 10775
10775 10775
10776 10776
10776 10776
10776 10776
10776 10776
9306 10777
10777 10777
10777 10777
10777 9306
10777 10777
10777 10777
10778 10778
10778 10778
10778 10778
10778 10778
10779 10779
10779 10779
10779 10779
10779 10779
10780 10781
10781 10781
10781 10781
10781 10780
10781 10781
10781 10781
10781 10780
10780 10780
10780 10780
10780 10781
10780 10780
10780 10780
10782 10782
10782 10782
10782 10782
10782 10782
4395 10404
10405 10404
8054 10404
4396 10404
4397 10404
4394 10404
10404 10404
10404 10404
10404 4394
10404 4395
10404 4396
10404 4397
10404 8054
10404 10405
10404 10404
10404 10404
10378 10377
10377 10377
10377 10377
10377 10378
10377 10377
10377 10377
10783 10783
10783 10783
10783 10783
10783 10783
10784 10784
10784 10784
10784 10784
10784 10784
10785 10785
10785 10785
10785 10785
10785 10785
10786 10786
10786 10786
10786 10786
10786 10786
10787 10787
10787 10787
10787 10787
10787 10787
10788 10788
10788 10788
10788 10788
10788 10788
10789 10789
10789 10789
10789 10789
10789 10789
1263 10402
4400 10402
10744 10402
4398 10402
4399 10402
10403 10402
8755 10402
10402 10402
10402 10402
10402 4398
10402 1263
10402 4399
10402 4400
10402 8755
10402 10403
10402 10744
10402 10402
10402 10402
7968 10790
9165 10790
8876 10790
9154 10790
8874 10790
9156 10790
9157 10790
8875 10790
7038 10790
4401 10790
10790 10790
10790 10790
10790 4401
10790 7038
10790 7968
10790 8876
10790 9154
10790 8874
10790 9156
10790 9157
10790 8875
10790 9165
10790 10790
10790 10790
