1 0
0 1
12 2
18 3
3 4
4 5
5 6
2 7
19 8
6 9
7 10
47 11
8 12
54 13
9 14
65 15
10 16
11 17
76 18
77 19
13 20
79 21
14 22
80 23
15 24
16 25
17 26
104 27
105 28
108 29
20 30
21 31
109 32
22 33
111 34
23 35
112 36
24 37
115 38
25 39
26 40
27 41
28 42
29 43
116 44
30 45
31 46
32 47
33 48
34 49
138 50
35 51
151 52
36 53
37 54
38 55
39 56
40 57
41 58
42 59
43 60
155 61
44 62
45 63
165 64
46 65
110 66
185 67
193 68
48 69
49 70
195 71
50 72
51 73
198 74
52 75
53 76
208 77
235 78
55 79
56 80
57 81
58 82
59 83
60 84
61 85
260 86
62 87
63 88
64 89
261 90
275 91
66 92
300 93
67 94
301 95
68 96
302 97
69 98
303 99
70 100
71 101
73 102
320 103
72 104
348 105
74 106
75 107
353 108
355 109
356 110
78 111
357 112
380 113
379 114
391 115
81 116
399 117
82 118
83 119
84 120
85 121
400 122
86 123
422 124
87 125
88 126
476 127
89 128
479 129
90 130
91 131
92 132
480 133
93 134
94 135
494 136
95 137
496 138
96 139
97 140
98 141
99 142
101 143
522 144
100 145
102 146
526 147
103 148
528 149
551 150
106 151
552 152
107 153
553 154
579 155
583 156
641 157
113 158
114 159
642 160
350 161
643 162
692 163
117 164
118 165
119 166
120 167
121 168
122 169
123 170
124 171
125 172
126 173
127 174
128 175
129 176
694 177
130 178
131 179
702 180
132 181
133 182
134 183
703 184
135 185
136 186
704 187
137 188
713 189
717 190
139 191
140 192
141 193
142 194
143 195
144 196
145 197
146 198
718 199
147 200
148 201
149 202
150 203
719 204
152 205
153 206
720 207
154 208
721 209
743 210
156 211
157 212
158 213
159 214
744 215
160 216
161 217
162 218
163 219
747 220
164 221
758 222
759 223
166 224
765 225
167 226
168 227
169 228
170 229
171 230
172 231
173 232
174 233
175 234
176 235
177 236
178 237
179 238
180 239
181 240
182 241
183 242
184 243
766 244
186 245
187 246
188 247
189 248
767 249
190 250
191 251
192 252
370 253
770 254
769 255
779 256
194 257
794 258
196 259
823 260
197 261
847 262
850 263
199 264
200 265
201 266
202 267
203 268
204 269
851 270
205 271
206 272
207 273
209 274
210 275
211 276
212 277
213 278
214 279
861 280
215 281
216 282
217 283
218 284
219 285
220 286
221 287
222 288
223 289
867 290
224 291
868 292
225 293
226 294
227 295
228 296
229 297
230 298
869 299
231 300
232 301
878 302
233 303
234 304
879 305
343 306
240 307
236 308
237 309
238 310
239 311
880 312
241 313
242 314
243 315
244 316
245 317
246 318
247 319
248 320
249 321
250 322
251 323
252 324
886 325
253 326
255 327
888 328
254 329
256 330
889 331
257 332
258 333
259 334
262 335
895 336
263 337
264 338
265 339
266 340
267 341
268 342
269 343
270 344
271 345
272 346
273 347
274 348
896 349
276 350
277 351
278 352
279 353
280 354
281 355
282 356
283 357
284 358
285 359
901 360
286 361
287 362
288 363
902 364
289 365
290 366
903 367
291 368
292 369
293 370
904 371
294 372
295 373
296 374
297 375
298 376
907 377
299 378
908 379
909 380
916 381
304 382
305 383
306 384
307 385
308 386
309 387
310 388
311 389
312 390
313 391
314 392
917 393
315 394
929 395
316 396
943 397
317 398
318 399
319 400
944 401
321 402
958 403
322 404
959 405
323 406
324 407
325 408
326 409
968 410
327 411
976 412
328 413
982 414
329 415
330 416
331 417
332 418
333 419
334 420
335 421
336 422
337 423
338 424
339 425
340 426
341 427
993 428
342 429
1000 430
344 431
345 432
346 433
347 434
1008 435
1020 436
349 437
1027 438
1028 439
351 440
352 441
1029 442
705 443
354 444
801 445
1030 446
1032 447
1033 448
358 449
359 450
360 451
361 452
362 453
363 454
364 455
365 456
1034 457
366 458
367 459
368 460
369 461
1041 462
371 463
372 464
373 465
1060 466
374 467
1061 468
638 469
375 470
1076 471
376 472
1079 473
377 474
378 475
1080 476
381 477
382 478
1081 479
383 480
1091 481
384 482
385 483
386 484
1101 485
387 486
388 487
389 488
390 489
1102 490
392 491
1103 492
393 493
394 494
395 495
1110 496
396 497
397 498
1117 499
398 500
1119 501
1193 502
1212 503
401 504
1225 505
402 506
1230 507
403 508
404 509
405 510
1240 511
406 512
407 513
1241 514
408 515
1249 516
409 517
410 518
411 519
412 520
413 521
414 522
415 523
1250 524
416 525
417 526
418 527
419 528
420 529
421 530
1254 531
423 532
424 533
1259 534
425 535
426 536
427 537
1261 538
428 539
429 540
430 541
1262 542
431 543
1263 544
432 545
1270 546
433 547
1274 548
434 549
435 550
1275 551
436 552
437 553
438 554
439 555
440 556
442 557
1277 558
441 559
443 560
444 561
445 562
446 563
447 564
448 565
449 566
450 567
1278 568
451 569
1279 570
452 571
453 572
454 573
1280 574
1258 575
455 576
456 577
1293 578
457 579
458 580
459 581
460 582
461 583
462 584
463 585
464 586
1294 587
465 588
466 589
467 590
468 591
469 592
470 593
1297 594
471 595
1298 596
472 597
1315 598
473 599
474 600
475 601
1326 602
1327 603
477 604
1330 605
478 606
1333 607
1340 608
1354 609
481 610
482 611
1362 612
483 613
484 614
485 615
486 616
1363 617
487 618
488 619
489 620
490 621
491 622
492 623
1364 624
493 625
1372 626
1390 627
495 628
1434 629
497 630
1463 631
963 632
962 633
498 634
1466 635
499 636
1469 637
500 638
501 639
502 640
503 641
504 642
505 643
1473 644
506 645
507 646
508 647
509 648
1474 649
510 650
511 651
1516 652
512 653
513 654
1517 655
514 656
515 657
1518 658
521 659
516 660
517 661
518 662
519 663
520 664
1519 665
524 666
523 667
1569 668
525 669
1575 670
527 671
1617 672
529 673
530 674
531 675
532 676
533 677
534 678
535 679
1619 680
536 681
1620 682
537 683
538 684
539 685
540 686
1622 687
541 688
542 689
543 690
544 691
545 692
546 693
547 694
548 695
549 696
550 697
1624 698
555 699
554 700
556 701
1625 702
1626 703
1627 704
557 705
1628 706
558 707
1632 708
559 709
1651 710
560 711
561 712
562 713
563 714
564 715
565 716
1654 717
566 718
567 719
1655 720
568 721
569 722
570 723
571 724
572 725
1659 726
573 727
574 728
1660 729
575 730
576 731
1668 732
577 733
578 734
1673 735
580 736
581 737
1689 738
1371 739
582 740
1690 741
1700 742
584 743
585 744
586 745
587 746
588 747
589 748
590 749
591 750
592 751
593 752
594 753
595 754
596 755
597 756
1702 757
598 758
1703 759
599 760
600 761
601 762
602 763
603 764
1704 765
604 766
605 767
606 768
607 769
1709 770
608 771
609 772
610 773
611 774
612 775
613 776
614 777
1713 778
615 779
616 780
1714 781
617 782
1716 783
618 784
619 785
620 786
1718 787
621 788
1719 789
622 790
623 791
1721 792
624 793
1725 794
625 795
626 796
627 797
628 798
629 799
630 800
631 801
632 802
1726 803
633 804
634 805
635 806
1727 807
636 808
637 809
1728 810
1731 811
639 812
1732 813
640 814
1738 815
1740 816
644 817
1743 818
645 819
646 820
647 821
1744 822
648 823
1790 824
649 825
1817 826
650 827
651 828
652 829
1819 830
653 831
1829 832
654 833
655 834
1830 835
656 836
1831 837
657 838
658 839
659 840
660 841
1837 842
661 843
662 844
663 845
1838 846
664 847
1839 848
665 849
666 850
667 851
668 852
669 853
670 854
1840 855
671 856
672 857
673 858
674 859
675 860
676 861
1841 862
677 863
1884 864
678 865
1886 866
1885 867
1878 868
679 869
680 870
681 871
1891 872
682 873
683 874
684 875
1894 876
685 877
686 878
687 879
688 880
689 881
690 882
691 883
1898 884
1939 885
693 886
973 887
1943 888
1963 889
695 890
696 891
697 892
698 893
699 894
2056 895
700 896
701 897
2081 898
2082 899
2089 900
2157 901
2174 902
706 903
707 904
708 905
2192 906
709 907
710 908
711 909
712 910
2196 911
714 912
2228 913
715 914
716 915
2230 916
2236 917
2229 918
2275 919
1448 920
2300 921
2308 922
722 923
723 924
724 925
725 926
780 927
2349 928
726 929
2400 930
727 931
728 932
2408 933
729 934
730 935
731 936
732 937
733 938
734 939
735 940
736 941
737 942
738 943
739 944
740 945
2415 946
741 947
742 948
2438 949
2440 950
2481 951
745 952
2541 953
746 954
2551 955
2579 956
748 957
749 958
750 959
751 960
752 961
2601 962
753 963
2613 964
754 965
755 966
756 967
2614 968
757 969
2615 970
2618 971
2619 972
760 973
2620 974
761 975
762 976
2621 977
763 978
764 979
2461 980
2623 981
2641 982
2646 983
768 984
2647 985
771 986
772 987
773 988
774 989
775 990
2648 991
776 992
777 993
2653 994
778 995
2674 996
945 997
2696 998
781 999
782 1000
783 1001
2711 1002
784 1003
2717 1004
785 1005
786 1006
787 1007
788 1008
789 1009
790 1010
791 1011
792 1012
793 1013
2718 1014
795 1015
796 1016
797 1017
798 1018
799 1019
800 1020
803 1021
802 1022
804 1023
2719 1024
805 1025
2720 1026
806 1027
807 1028
2721 1029
808 1030
809 1031
2722 1032
810 1033
811 1034
812 1035
813 1036
814 1037
2730 1038
815 1039
816 1040
2795 1041
817 1042
2829 1043
818 1044
819 1045
820 1046
821 1047
822 1048
2855 1049
824 1050
825 1051
826 1052
2876 1053
827 1054
2877 1055
828 1056
829 1057
830 1058
831 1059
832 1060
833 1061
834 1062
835 1063
836 1064
837 1065
2878 1066
838 1067
839 1068
840 1069
2879 1070
841 1071
2917 1072
842 1073
1793 1074
2918 1075
843 1076
2938 1077
844 1078
845 1079
846 1080
2940 1081
2941 1082
848 1083
849 1084
2979 1085
2980 1086
3021 1087
852 1088
853 1089
854 1090
855 1091
856 1092
857 1093
858 1094
859 1095
3036 1096
860 1097
3079 1098
3080 1099
3108 1100
862 1101
863 1102
864 1103
865 1104
866 1105
3109 1106
3114 1107
2796 1108
3124 1109
1946 1110
3151 1111
870 1112
871 1113
872 1114
3162 1115
873 1116
3168 1117
874 1118
875 1119
876 1120
3172 1121
877 1122
1629 1123
3200 1124
3464 1125
3463 1126
3465 1127
3466 1128
3507 1129
881 1130
3520 1131
882 1132
3522 1133
883 1134
884 1135
885 1136
3567 1137
3568 1138
887 1139
3569 1140
890 1141
891 1142
892 1143
3573 1144
893 1145
894 1146
3584 1147
3660 1148
3674 1149
897 1150
3675 1151
898 1152
899 1153
900 1154
3700 1155
1671 1156
3743 1157
1664 1158
905 1159
906 1160
3748 1161
3752 1162
910 1163
3767 1164
911 1165
3836 1166
912 1167
913 1168
3837 1169
914 1170
915 1171
3862 1172
3874 1173
3938 1174
918 1175
919 1176
3959 1177
920 1178
4020 1179
921 1180
922 1181
923 1182
924 1183
925 1184
926 1185
4023 1186
927 1187
928 1188
4024 1189
4036 1190
930 1191
931 1192
932 1193
933 1194
934 1195
935 1196
4037 1197
936 1198
937 1199
4038 1200
938 1201
939 1202
940 1203
941 1204
942 1205
4048 1206
4057 1207
946 1208
947 1209
948 1210
949 1211
950 1212
951 1213
952 1214
953 1215
954 1216
4059 1217
955 1218
4072 1219
956 1220
957 1221
971 1222
972 1223
1420 1224
970 1225
969 1226
2200 1227
1049 1228
2506 1229
4073 1230
4075 1231
2311 1232
4084 1233
960 1234
961 1235
4098 1236
964 1237
965 1238
4114 1239
966 1240
967 1241
4115 1242
1342 1243
997 1244
974 1245
975 1246
4134 1247
3676 1248
4160 1249
977 1250
978 1251
979 1252
980 1253
981 1254
4168 1255
2097 1256
4174 1257
983 1258
984 1259
985 1260
986 1261
1023 1262
4209 1263
987 1264
988 1265
989 1266
990 1267
4213 1268
991 1269
992 1270
4214 1271
4228 1272
994 1273
995 1274
996 1275
1944 1276
2640 1277
4229 1278
998 1279
999 1280
2683 1281
4234 1282
4241 1283
1001 1284
4248 1285
1002 1286
1003 1287
4249 1288
1004 1289
1005 1290
1006 1291
4250 1292
1007 1293
4251 1294
1009 1295
1010 1296
1011 1297
1012 1298
1013 1299
1014 1300
1015 1301
1016 1302
1017 1303
1018 1304
4252 1305
1019 1306
4253 1307
1021 1308
4260 1309
1022 1310
4262 1311
4268 1312
1024 1313
4269 1314
4254 1315
1791 1316
1026 1317
1025 1318
4270 1319
4271 1320
4272 1321
4282 1322
1031 1323
4284 1324
4231 1325
4230 1326
4285 1327
2214 1328
1035 1329
1036 1330
4286 1331
1037 1332
1038 1333
4287 1334
1039 1335
1040 1336
1734 1337
4290 1338
4337 1339
1042 1340
1043 1341
1044 1342
1045 1343
1046 1344
1047 1345
4371 1346
1048 1347
1050 1348
1051 1349
1052 1350
1053 1351
1054 1352
1055 1353
1056 1354
1057 1355
1058 1356
1059 1357
4383 1358
4387 1359
4403 1360
1062 1361
1063 1362
1064 1363
1065 1364
1066 1365
1067 1366
4404 1367
1068 1368
1069 1369
1070 1370
4426 1371
1071 1372
4428 1373
1072 1374
1073 1375
4456 1376
1074 1377
1075 1378
4464 1379
1296 1380
1077 1381
4551 1382
1078 1383
4552 1384
4591 1385
4600 1386
1082 1387
1083 1388
1084 1389
1085 1390
1086 1391
1087 1392
1088 1393
1089 1394
1090 1395
4648 1396
4738 1397
1092 1398
1093 1399
1094 1400
1095 1401
1096 1402
4739 1403
1097 1404
1098 1405
1099 1406
1100 1407
4740 1408
1198 1409
4741 1410
4748 1411
4785 1412
1104 1413
4787 1414
1105 1415
1106 1416
1107 1417
1108 1418
1109 1419
4788 1420
4886 1421
1111 1422
4894 1423
1112 1424
1113 1425
1114 1426
1115 1427
1116 1428
4895 1429
2265 1430
4913 1431
1118 1432
4914 1433
4915 1434
1120 1435
4916 1436
1121 1437
1122 1438
1123 1439
1124 1440
1125 1441
1126 1442
1127 1443
1128 1444
1129 1445
1130 1446
1131 1447
4919 1448
1132 1449
1133 1450
1134 1451
1135 1452
1136 1453
1137 1454
4920 1455
1138 1456
1139 1457
1140 1458
1141 1459
1142 1460
1143 1461
1144 1462
1145 1463
1146 1464
1147 1465
1148 1466
1149 1467
1150 1468
1151 1469
4921 1470
1152 1471
1153 1472
1154 1473
1155 1474
4922 1475
1156 1476
1157 1477
1158 1478
1159 1479
4923 1480
1160 1481
1161 1482
4955 1483
1162 1484
1163 1485
4958 1486
1164 1487
1165 1488
4959 1489
1166 1490
1167 1491
4961 1492
1168 1493
1169 1494
1170 1495
1171 1496
4991 1497
1172 1498
1173 1499
1174 1500
1175 1501
4992 1502
1176 1503
1177 1504
1178 1505
4994 1506
1179 1507
4995 1508
1180 1509
1181 1510
1182 1511
4997 1512
1183 1513
1184 1514
1185 1515
1186 1516
1187 1517
1188 1518
1189 1519
4999 1520
1190 1521
1191 1522
1192 1523
5005 1524
1194 1525
1195 1526
1196 1527
1197 1528
5007 1529
1199 1530
1200 1531
1201 1532
5008 1533
1202 1534
5009 1535
1203 1536
5010 1537
1204 1538
5033 1539
1205 1540
5049 1541
1206 1542
1207 1543
1208 1544
1209 1545
5066 1546
1210 1547
1211 1548
5068 1549
1697 1550
5151 1551
1213 1552
1214 1553
5152 1554
1215 1555
1216 1556
5160 1557
1217 1558
5161 1559
1218 1560
1219 1561
1220 1562
5165 1563
1221 1564
5170 1565
1222 1566
1223 1567
1224 1568
3038 1569
5171 1570
5188 1571
1226 1572
1227 1573
1228 1574
1229 1575
1232 1576
1231 1577
5189 1578
4370 1579
1233 1580
1234 1581
1235 1582
5195 1583
1236 1584
1237 1585
1238 1586
1239 1587
5235 1588
3302 1589
5238 1590
4289 1591
5253 1592
1242 1593
1243 1594
1244 1595
1245 1596
1246 1597
1247 1598
1248 1599
5260 1600
4117 1601
4147 1602
5292 1603
5301 1604
1251 1605
5303 1606
1252 1607
5347 1608
1253 1609
5348 1610
5349 1611
5353 1612
1255 1613
1256 1614
1257 1615
5394 1616
5392 1617
1822 1618
5393 1619
5400 1620
2185 1621
4099 1622
5456 1623
1480 1624
1260 1625
5478 1626
5533 1627
2281 1628
5534 1629
1264 1630
5535 1631
1265 1632
1266 1633
1267 1634
5546 1635
1268 1636
1269 1637
5658 1638
1271 1639
1272 1640
5659 1641
1273 1642
4232 1643
1949 1644
5671 1645
3873 1646
2186 1647
4175 1648
3583 1649
5675 1650
5715 1651
1276 1652
5754 1653
2629 1654
5768 1655
5778 1656
3677 1657
5784 1658
4031 1659
5791 1660
1281 1661
1282 1662
1283 1663
1284 1664
5792 1665
1285 1666
1286 1667
5793 1668
1287 1669
1288 1670
1289 1671
1290 1672
5806 1673
1291 1674
5837 1675
1292 1676
5882 1677
1295 1678
2929 1679
1299 1680
1300 1681
1301 1682
1302 1683
1303 1684
1304 1685
1305 1686
1306 1687
1307 1688
1308 1689
1309 1690
1310 1691
1311 1692
1312 1693
1313 1694
1314 1695
3575 1696
5326 1697
1316 1698
1317 1699
1318 1700
1319 1701
1320 1702
1321 1703
1322 1704
1323 1705
1324 1706
1325 1707
4163 1708
1328 1709
1720 1710
1329 1711
1332 1712
1331 1713
1334 1714
1335 1715
1336 1716
1337 1717
1338 1718
1339 1719
1341 1720
1343 1721
1344 1722
1345 1723
1346 1724
1347 1725
1348 1726
1349 1727
1350 1728
1351 1729
1352 1730
1353 1731
1355 1732
1356 1733
1357 1734
1358 1735
1359 1736
1360 1737
1361 1738
2176 1739
1365 1740
1366 1741
1367 1742
1368 1743
1369 1744
1370 1745
1373 1746
1374 1747
1375 1748
1376 1749
1377 1750
1378 1751
1379 1752
1380 1753
1381 1754
1382 1755
1383 1756
1384 1757
1385 1758
1386 1759
1821 1760
1387 1761
1388 1762
1389 1763
1567 1764
4137 1765
1391 1766
1392 1767
4430 1768
1393 1769
1394 1770
1395 1771
1396 1772
1397 1773
1398 1774
1399 1775
1400 1776
1401 1777
1402 1778
1403 1779
1404 1780
1405 1781
1406 1782
1407 1783
1408 1784
1409 1785
1410 1786
1411 1787
1412 1788
1413 1789
1414 1790
1415 1791
1416 1792
1417 1793
1418 1794
2491 1795
3717 1796
1768 1797
4090 1798
4058 1799
1419 1800
1421 1801
1422 1802
1423 1803
1424 1804
1425 1805
1426 1806
1427 1807
1428 1808
1429 1809
1430 1810
1431 1811
1432 1812
1433 1813
1435 1814
1436 1815
1437 1816
1438 1817
1439 1818
1440 1819
1441 1820
1442 1821
1443 1822
1444 1823
1445 1824
1446 1825
1447 1826
1449 1827
1450 1828
1451 1829
1452 1830
1453 1831
1454 1832
1455 1833
1456 1834
1457 1835
1458 1836
1459 1837
1460 1838
1461 1839
1462 1840
1464 1841
1465 1842
1467 1843
1468 1844
4148 1845
1470 1846
1471 1847
1472 1848
5012 1849
2497 1850
1475 1851
1476 1852
1477 1853
1478 1854
1479 1855
2833 1856
1481 1857
1482 1858
1483 1859
1484 1860
1485 1861
1486 1862
1487 1863
1488 1864
1489 1865
1490 1866
1491 1867
1492 1868
1493 1869
1494 1870
1495 1871
1496 1872
1497 1873
1498 1874
1499 1875
1500 1876
1501 1877
1502 1878
1503 1879
1504 1880
1505 1881
1506 1882
1507 1883
1508 1884
1509 1885
1510 1886
1511 1887
1512 1888
1513 1889
1514 1890
1515 1891
3099 1892
5587 1893
1520 1894
1521 1895
1522 1896
1523 1897
1524 1898
1525 1899
1526 1900
1527 1901
1528 1902
1529 1903
1530 1904
1531 1905
1532 1906
1533 1907
1534 1908
1535 1909
1536 1910
1537 1911
1538 1912
1539 1913
1540 1914
1541 1915
1542 1916
1543 1917
1544 1918
1545 1919
1546 1920
1547 1921
1548 1922
1549 1923
1550 1924
1551 1925
1552 1926
1553 1927
1554 1928
1555 1929
1556 1930
1557 1931
1558 1932
1559 1933
1560 1934
1561 1935
1562 1936
1563 1937
1564 1938
1565 1939
1566 1940
1568 1941
1570 1942
1571 1943
1572 1944
1573 1945
1574 1946
1576 1947
1577 1948
1578 1949
1579 1950
1580 1951
1581 1952
1582 1953
1583 1954
1584 1955
1585 1956
1586 1957
1587 1958
1588 1959
1589 1960
1590 1961
1591 1962
1592 1963
1593 1964
1594 1965
1595 1966
1596 1967
1597 1968
1598 1969
1599 1970
1600 1971
1601 1972
1602 1973
1603 1974
1604 1975
1605 1976
1606 1977
1607 1978
1608 1979
1609 1980
1610 1981
1611 1982
1612 1983
1613 1984
1614 1985
1615 1986
1616 1987
1618 1988
3229 1989
1621 1990
1623 1991
1630 1992
1631 1993
1633 1994
1634 1995
1635 1996
1636 1997
1637 1998
1638 1999
1639 2000
1640 2001
1641 2002
1642 2003
1643 2004
1644 2005
1645 2006
1646 2007
1647 2008
1648 2009
1649 2010
1650 2011
1652 2012
1653 2013
1656 2014
1657 2015
1658 2016
1681 2017
1661 2018
1662 2019
1663 2020
4487 2021
1665 2022
1666 2023
1667 2024
5741 2025
4488 2026
1669 2027
1670 2028
1672 2029
1763 2030
1674 2031
1675 2032
1676 2033
1677 2034
1678 2035
1679 2036
1680 2037
1682 2038
1683 2039
1684 2040
1685 2041
1686 2042
1687 2043
1688 2044
1691 2045
1692 2046
1693 2047
1694 2048
1695 2049
1696 2050
1698 2051
1699 2052
3645 2053
5493 2054
4321 2055
2005 2056
1701 2057
4039 2058
5744 2059
4044 2060
3872 2061
1705 2062
1706 2063
1707 2064
1708 2065
3900 2066
1710 2067
1711 2068
1712 2069
1715 2070
1914 2071
4597 2072
2437 2073
1915 2074
3173 2075
1717 2076
1775 2077
4973 2078
2199 2079
2201 2080
2111 2081
1722 2082
1723 2083
1724 2084
5162 2085
1729 2086
4998 2087
1730 2088
1733 2089
1735 2090
1736 2091
1737 2092
1739 2093
1741 2094
1742 2095
2920 2096
1745 2097
1746 2098
1747 2099
1748 2100
1749 2101
1750 2102
1751 2103
1752 2104
1753 2105
1754 2106
1755 2107
1756 2108
1757 2109
1758 2110
1759 2111
1760 2112
1761 2113
1762 2114
1764 2115
1765 2116
1766 2117
1767 2118
1769 2119
1770 2120
4960 2121
2538 2122
1771 2123
1772 2124
1773 2125
1774 2126
1776 2127
1777 2128
1778 2129
1779 2130
1780 2131
1781 2132
1782 2133
1783 2134
1784 2135
1785 2136
1786 2137
1787 2138
1788 2139
1789 2140
1792 2141
1794 2142
1795 2143
1796 2144
1797 2145
1798 2146
1799 2147
1800 2148
1801 2149
1802 2150
1803 2151
1804 2152
1805 2153
1806 2154
1807 2155
1808 2156
1809 2157
1810 2158
1811 2159
1812 2160
1813 2161
1814 2162
1815 2163
1816 2164
2883 2165
5772 2166
1818 2167
1820 2168
1823 2169
1824 2170
1825 2171
1826 2172
1828 2173
1827 2174
3631 2175
2568 2176
1832 2177
1833 2178
1834 2179
1835 2180
1836 2181
3206 2182
5431 2183
4790 2184
4789 2185
1880 2186
1842 2187
1843 2188
1844 2189
1845 2190
1846 2191
1847 2192
1848 2193
1849 2194
1850 2195
1851 2196
1852 2197
1853 2198
1854 2199
1855 2200
1856 2201
1857 2202
1858 2203
1859 2204
1860 2205
1861 2206
1862 2207
1863 2208
1864 2209
1865 2210
1866 2211
1867 2212
1868 2213
1869 2214
1870 2215
1871 2216
1873 2217
1872 2218
1874 2219
1875 2220
1876 2221
1877 2222
4744 2223
4742 2224
1879 2225
1881 2226
1882 2227
1883 2228
1887 2229
1888 2230
1889 2231
1890 2232
1892 2233
1893 2234
1897 2235
5641 2236
1896 2237
5649 2238
1895 2239
1899 2240
1900 2241
1901 2242
1902 2243
1903 2244
1904 2245
1905 2246
1906 2247
1907 2248
1908 2249
1909 2250
1910 2251
3640 2252
1911 2253
1913 2254
1912 2255
1916 2256
1917 2257
1918 2258
1919 2259
1920 2260
1921 2261
1922 2262
1923 2263
1924 2264
1925 2265
1926 2266
1927 2267
1928 2268
1929 2269
1930 2270
1931 2271
1932 2272
1933 2273
1934 2274
1935 2275
1936 2276
1937 2277
1938 2278
2856 2279
1940 2280
1941 2281
1942 2282
1945 2283
1947 2284
1948 2285
1950 2286
1951 2287
1952 2288
1953 2289
1954 2290
1955 2291
1956 2292
1957 2293
1958 2294
1959 2295
1960 2296
1961 2297
1962 2298
4126 2299
1964 2300
1965 2301
1966 2302
1967 2303
1968 2304
1969 2305
1970 2306
1971 2307
1972 2308
1973 2309
1974 2310
1975 2311
1976 2312
1977 2313
1978 2314
1979 2315
1980 2316
1981 2317
1982 2318
1983 2319
1984 2320
1985 2321
1986 2322
1987 2323
1988 2324
1989 2325
1990 2326
1991 2327
1992 2328
1993 2329
1994 2330
1995 2331
1996 2332
1997 2333
1998 2334
1999 2335
2000 2336
2001 2337
2002 2338
2003 2339
2004 2340
2006 2341
2007 2342
2008 2343
2009 2344
2010 2345
2011 2346
2012 2347
2013 2348
2014 2349
2015 2350
2016 2351
2017 2352
2018 2353
2019 2354
2020 2355
2021 2356
2022 2357
2023 2358
2024 2359
2025 2360
2026 2361
2027 2362
2028 2363
2029 2364
2030 2365
2031 2366
2032 2367
2033 2368
2034 2369
2035 2370
2036 2371
2037 2372
2038 2373
2039 2374
2040 2375
2041 2376
2042 2377
2043 2378
2044 2379
2045 2380
2046 2381
2047 2382
2048 2383
2049 2384
2050 2385
2051 2386
2052 2387
2053 2388
2054 2389
2055 2390
2057 2391
2058 2392
2059 2393
2060 2394
2061 2395
2062 2396
2063 2397
2064 2398
2065 2399
2066 2400
2067 2401
2068 2402
2069 2403
2070 2404
2071 2405
2072 2406
2073 2407
2074 2408
2075 2409
2076 2410
2077 2411
2078 2412
2079 2413
2080 2414
2083 2415
2084 2416
2085 2417
2086 2418
2087 2419
2088 2420
2090 2421
2091 2422
2092 2423
2093 2424
2094 2425
2095 2426
2096 2427
2098 2428
2099 2429
2100 2430
2101 2431
2102 2432
2103 2433
2104 2434
2105 2435
2106 2436
2107 2437
2108 2438
2109 2439
2110 2440
2112 2441
2113 2442
2114 2443
2115 2444
2116 2445
2117 2446
2118 2447
2119 2448
2120 2449
2121 2450
2122 2451
2123 2452
2124 2453
2125 2454
2126 2455
2127 2456
2128 2457
2129 2458
2130 2459
2131 2460
2132 2461
2133 2462
2134 2463
2135 2464
2136 2465
2137 2466
2138 2467
2139 2468
2140 2469
2141 2470
2142 2471
2143 2472
2144 2473
2145 2474
2146 2475
2147 2476
2148 2477
2149 2478
2150 2479
2151 2480
2152 2481
2153 2482
2154 2483
2155 2484
2156 2485
2158 2486
2159 2487
2160 2488
2161 2489
2162 2490
2163 2491
2164 2492
2165 2493
2166 2494
2167 2495
2168 2496
2169 2497
2170 2498
2171 2499
2172 2500
2173 2501
2175 2502
2177 2503
2178 2504
2179 2505
2180 2506
2181 2507
2182 2508
2183 2509
2184 2510
2187 2511
2188 2512
2189 2513
2190 2514
2191 2515
2193 2516
2194 2517
2195 2518
2197 2519
2198 2520
2202 2521
2203 2522
2204 2523
2205 2524
2206 2525
2207 2526
2208 2527
2209 2528
2210 2529
2211 2530
2212 2531
2213 2532
2215 2533
2216 2534
2217 2535
2218 2536
2219 2537
2220 2538
2221 2539
2222 2540
2223 2541
2224 2542
2225 2543
2226 2544
2227 2545
4195 2546
2233 2547
2232 2548
2235 2549
2688 2550
4259 2551
4261 2552
2231 2553
2234 2554
2237 2555
2238 2556
2239 2557
2240 2558
2241 2559
2242 2560
2243 2561
2244 2562
2245 2563
2246 2564
2247 2565
2248 2566
2249 2567
2250 2568
2251 2569
2252 2570
2253 2571
2254 2572
2255 2573
2256 2574
2257 2575
2258 2576
2259 2577
2260 2578
2261 2579
2262 2580
2263 2581
2264 2582
2266 2583
2267 2584
2268 2585
2269 2586
2270 2587
2271 2588
2272 2589
2273 2590
2274 2591
2276 2592
2277 2593
2278 2594
2279 2595
2280 2596
2282 2597
2283 2598
2284 2599
2285 2600
2286 2601
2287 2602
2288 2603
2289 2604
2290 2605
2291 2606
2292 2607
2293 2608
2294 2609
2295 2610
2296 2611
2297 2612
2298 2613
2299 2614
2301 2615
2302 2616
2303 2617
2304 2618
2305 2619
2306 2620
2307 2621
3328 2622
2309 2623
2310 2624
2312 2625
2313 2626
2314 2627
2315 2628
2316 2629
2317 2630
2318 2631
2319 2632
2320 2633
2321 2634
2322 2635
2323 2636
2324 2637
2325 2638
2326 2639
2327 2640
2328 2641
2329 2642
2330 2643
2331 2644
2332 2645
2333 2646
2334 2647
2335 2648
2336 2649
2337 2650
2338 2651
2339 2652
2340 2653
2341 2654
2342 2655
2343 2656
2344 2657
2345 2658
2346 2659
2347 2660
2348 2661
2350 2662
2351 2663
2352 2664
2353 2665
2354 2666
2355 2667
2356 2668
2357 2669
2358 2670
2359 2671
2360 2672
2361 2673
2362 2674
2363 2675
2364 2676
2365 2677
2366 2678
2367 2679
2368 2680
2369 2681
2370 2682
2371 2683
2372 2684
2373 2685
2374 2686
2375 2687
2376 2688
2377 2689
2378 2690
2379 2691
2380 2692
2381 2693
2382 2694
2383 2695
2384 2696
2385 2697
2386 2698
2387 2699
2388 2700
2389 2701
2390 2702
2391 2703
2392 2704
2393 2705
2394 2706
2395 2707
2396 2708
2397 2709
2398 2710
2399 2711
2401 2712
2402 2713
2403 2714
2404 2715
2405 2716
2406 2717
2407 2718
2409 2719
2410 2720
2411 2721
2412 2722
2413 2723
2414 2724
2416 2725
2417 2726
2418 2727
2419 2728
2420 2729
2421 2730
2422 2731
2423 2732
2424 2733
2425 2734
2426 2735
2427 2736
2428 2737
2429 2738
2430 2739
2431 2740
2432 2741
2433 2742
2434 2743
2435 2744
2436 2745
2439 2746
2441 2747
2442 2748
2443 2749
2444 2750
2445 2751
2446 2752
2447 2753
2448 2754
2449 2755
2450 2756
2451 2757
2452 2758
2453 2759
2454 2760
2455 2761
2456 2762
2457 2763
2458 2764
2459 2765
2460 2766
2462 2767
2463 2768
2464 2769
2465 2770
2466 2771
2467 2772
2468 2773
2469 2774
2470 2775
2471 2776
2472 2777
2473 2778
2474 2779
2475 2780
2476 2781
2477 2782
2478 2783
2479 2784
2480 2785
2482 2786
2483 2787
2484 2788
2485 2789
2486 2790
2487 2791
2488 2792
2489 2793
2490 2794
2492 2795
2493 2796
2494 2797
2495 2798
2496 2799
2498 2800
2499 2801
2500 2802
2501 2803
2502 2804
2503 2805
2504 2806
2505 2807
2507 2808
2508 2809
2509 2810
2510 2811
2511 2812
2512 2813
2513 2814
2514 2815
2515 2816
2516 2817
2517 2818
2518 2819
2519 2820
2520 2821
2521 2822
2522 2823
2523 2824
2524 2825
2525 2826
2526 2827
2527 2828
2528 2829
2529 2830
2530 2831
2531 2832
2532 2833
2533 2834
2534 2835
2535 2836
2536 2837
2537 2838
2539 2839
2540 2840
3001 2841
2542 2842
2543 2843
2544 2844
2545 2845
2546 2846
2547 2847
2548 2848
2549 2849
2550 2850
2552 2851
2553 2852
2554 2853
2555 2854
2556 2855
2557 2856
2558 2857
2559 2858
2560 2859
2561 2860
2562 2861
2563 2862
2564 2863
2565 2864
2566 2865
2567 2866
2569 2867
2570 2868
2571 2869
2572 2870
2573 2871
2574 2872
2575 2873
2576 2874
2577 2875
2578 2876
2589 2877
4223 2878
2580 2879
2581 2880
2582 2881
2583 2882
2584 2883
2585 2884
2586 2885
2587 2886
2588 2887
2590 2888
2591 2889
2592 2890
2593 2891
2594 2892
2595 2893
2596 2894
2597 2895
2598 2896
2599 2897
2600 2898
4520 2899
2602 2900
2603 2901
2604 2902
2605 2903
2606 2904
2607 2905
2608 2906
2609 2907
2610 2908
2611 2909
2612 2910
2616 2911
2617 2912
5796 2913
5794 2914
2622 2915
2624 2916
2625 2917
2626 2918
2627 2919
2628 2920
2630 2921
2631 2922
2632 2923
2633 2924
2634 2925
2635 2926
2636 2927
2637 2928
2638 2929
2639 2930
2642 2931
2643 2932
2644 2933
2645 2934
5786 2935
5785 2936
2651 2937
2649 2938
2650 2939
2652 2940
2654 2941
2655 2942
2656 2943
2657 2944
2658 2945
2659 2946
2660 2947
2661 2948
2662 2949
2663 2950
2664 2951
2665 2952
2666 2953
2667 2954
2668 2955
2669 2956
2670 2957
2671 2958
2672 2959
2673 2960
2675 2961
2676 2962
2677 2963
2678 2964
2679 2965
2680 2966
2681 2967
2682 2968
2684 2969
2685 2970
2686 2971
2687 2972
2689 2973
2690 2974
2691 2975
2692 2976
2693 2977
2694 2978
2695 2979
2697 2980
2698 2981
2699 2982
2700 2983
2701 2984
2702 2985
2703 2986
2704 2987
2705 2988
2706 2989
2707 2990
2708 2991
2709 2992
2710 2993
2712 2994
2713 2995
2714 2996
2715 2997
2716 2998
5770 2999
3065 3000
2723 3001
2724 3002
2725 3003
2726 3004
2727 3005
2728 3006
2729 3007
2937 3008
2731 3009
2732 3010
2733 3011
2734 3012
2735 3013
2736 3014
2737 3015
2738 3016
2739 3017
2740 3018
2741 3019
2742 3020
2743 3021
2744 3022
2745 3023
2746 3024
2747 3025
2748 3026
2749 3027
2750 3028
2751 3029
2752 3030
2753 3031
2754 3032
2755 3033
2756 3034
2757 3035
2758 3036
2759 3037
2760 3038
2761 3039
2762 3040
2763 3041
2764 3042
2765 3043
2766 3044
2767 3045
2768 3046
2769 3047
2770 3048
2771 3049
2772 3050
2773 3051
2774 3052
2775 3053
2776 3054
2777 3055
2778 3056
2779 3057
2780 3058
2781 3059
2782 3060
2783 3061
2784 3062
2785 3063
2786 3064
2787 3065
2788 3066
2789 3067
2790 3068
2791 3069
2792 3070
2793 3071
2794 3072
5842 3073
2797 3074
2798 3075
2799 3076
2800 3077
2801 3078
2802 3079
2803 3080
2804 3081
2805 3082
2806 3083
2807 3084
2808 3085
2809 3086
2810 3087
2811 3088
2812 3089
2813 3090
2814 3091
2815 3092
2816 3093
2817 3094
2818 3095
2819 3096
2820 3097
2821 3098
2822 3099
2823 3100
2824 3101
2825 3102
2826 3103
2827 3104
2828 3105
3386 3106
2830 3107
2831 3108
2832 3109
2834 3110
2835 3111
2836 3112
2837 3113
2838 3114
2839 3115
2840 3116
2841 3117
2842 3118
2843 3119
2844 3120
2845 3121
2846 3122
2847 3123
2848 3124
2849 3125
2850 3126
2851 3127
2852 3128
2853 3129
2854 3130
2857 3131
2858 3132
2859 3133
2860 3134
2861 3135
2862 3136
2863 3137
2864 3138
2865 3139
2866 3140
2867 3141
2868 3142
2869 3143
2870 3144
2871 3145
2872 3146
2873 3147
2874 3148
2875 3149
3855 3150
3709 3151
5884 3152
2880 3153
3398 3154
5360 3155
2881 3156
2882 3157
2884 3158
2885 3159
2886 3160
2887 3161
2888 3162
2889 3163
2890 3164
2891 3165
2892 3166
2893 3167
2894 3168
2895 3169
2896 3170
2897 3171
2898 3172
2899 3173
2900 3174
2901 3175
2902 3176
2903 3177
2904 3178
2905 3179
2906 3180
2907 3181
2908 3182
2909 3183
2910 3184
2911 3185
2912 3186
2913 3187
2914 3188
2915 3189
2916 3190
2919 3191
2921 3192
2922 3193
2923 3194
2924 3195
2925 3196
2926 3197
2927 3198
2928 3199
2930 3200
2931 3201
2932 3202
2933 3203
2934 3204
2935 3205
2936 3206
2939 3207
2942 3208
2943 3209
2944 3210
2945 3211
2946 3212
2947 3213
2948 3214
2949 3215
2950 3216
2951 3217
2952 3218
2953 3219
2954 3220
2955 3221
2956 3222
2957 3223
2958 3224
2959 3225
2960 3226
2961 3227
2962 3228
2963 3229
2964 3230
2965 3231
2966 3232
2967 3233
2968 3234
2969 3235
2970 3236
2971 3237
2972 3238
2973 3239
2974 3240
2975 3241
2976 3242
2977 3243
2978 3244
2981 3245
2982 3246
2983 3247
2984 3248
2985 3249
2986 3250
2987 3251
2988 3252
2989 3253
2990 3254
2991 3255
2992 3256
2993 3257
2994 3258
2995 3259
2996 3260
2997 3261
2998 3262
2999 3263
3000 3264
3002 3265
3003 3266
3004 3267
3005 3268
3006 3269
3007 3270
3008 3271
3009 3272
3010 3273
3011 3274
3012 3275
3013 3276
3014 3277
3015 3278
3016 3279
3017 3280
3018 3281
3019 3282
3020 3283
3022 3284
3023 3285
3024 3286
5352 3287
3025 3288
3220 3289
3026 3290
3027 3291
3028 3292
3029 3293
3030 3294
3031 3295
3032 3296
3033 3297
3034 3298
3035 3299
5200 3300
5523 3301
3037 3302
3039 3303
3040 3304
3041 3305
3042 3306
3043 3307
3044 3308
3045 3309
3046 3310
3047 3311
3048 3312
3049 3313
3050 3314
3051 3315
3052 3316
3053 3317
3054 3318
3055 3319
3056 3320
3057 3321
3058 3322
3059 3323
3060 3324
3061 3325
3062 3326
3063 3327
3064 3328
3066 3329
3067 3330
3068 3331
3069 3332
3070 3333
3071 3334
3072 3335
3073 3336
3074 3337
3075 3338
3076 3339
3077 3340
3078 3341
3081 3342
3082 3343
3083 3344
3084 3345
3085 3346
3086 3347
3087 3348
3088 3349
3089 3350
3090 3351
3091 3352
3092 3353
3093 3354
3094 3355
3095 3356
3096 3357
3097 3358
3098 3359
5585 3360
3100 3361
3101 3362
3102 3363
3103 3364
3104 3365
3105 3366
3106 3367
3107 3368
3110 3369
3111 3370
3112 3371
3113 3372
3115 3373
3116 3374
3117 3375
3118 3376
3119 3377
3120 3378
3121 3379
3122 3380
3123 3381
3125 3382
3126 3383
3127 3384
3128 3385
3129 3386
3130 3387
3131 3388
3132 3389
3133 3390
3134 3391
3135 3392
3136 3393
3137 3394
3138 3395
3139 3396
3140 3397
3141 3398
3142 3399
3143 3400
3144 3401
3145 3402
3146 3403
3147 3404
3148 3405
3149 3406
3150 3407
3152 3408
3153 3409
3154 3410
3155 3411
3156 3412
3157 3413
3158 3414
3159 3415
3160 3416
3161 3417
5569 3418
3163 3419
3164 3420
3165 3421
3166 3422
3167 3423
3169 3424
3170 3425
3171 3426
3174 3427
3175 3428
3176 3429
3177 3430
3178 3431
3179 3432
3180 3433
3181 3434
3182 3435
3183 3436
3184 3437
3185 3438
3186 3439
3187 3440
3188 3441
3189 3442
3190 3443
3191 3444
3192 3445
3193 3446
3194 3447
3195 3448
3196 3449
3197 3450
5581 3451
3198 3452
3199 3453
3201 3454
3202 3455
3203 3456
3204 3457
3205 3458
3207 3459
3208 3460
3209 3461
3210 3462
3211 3463
3212 3464
3213 3465
3214 3466
3215 3467
3216 3468
3240 3469
3217 3470
3218 3471
3219 3472
4040 3473
5153 3474
3221 3475
3222 3476
3223 3477
3224 3478
3225 3479
3226 3480
3227 3481
3228 3482
3230 3483
3231 3484
3232 3485
3233 3486
3234 3487
3235 3488
3236 3489
3237 3490
3238 3491
3239 3492
5193 3493
5698 3494
5697 3495
3241 3496
3242 3497
3243 3498
3244 3499
3245 3500
3246 3501
3247 3502
3248 3503
3249 3504
3250 3505
3251 3506
3252 3507
3253 3508
3254 3509
3255 3510
3256 3511
3257 3512
3258 3513
3259 3514
3260 3515
3261 3516
3262 3517
3263 3518
3264 3519
3265 3520
3266 3521
3267 3522
3268 3523
3269 3524
3270 3525
3271 3526
3272 3527
3273 3528
3274 3529
3275 3530
3276 3531
3277 3532
3278 3533
3279 3534
3280 3535
3281 3536
3282 3537
3283 3538
3284 3539
3285 3540
3286 3541
3287 3542
3288 3543
3289 3544
3290 3545
3291 3546
3292 3547
3293 3548
3294 3549
3295 3550
3296 3551
3297 3552
3298 3553
3299 3554
3300 3555
3301 3556
3303 3557
3304 3558
3305 3559
3306 3560
3307 3561
3308 3562
3309 3563
3310 3564
3311 3565
3312 3566
3313 3567
3314 3568
3315 3569
3316 3570
3317 3571
3318 3572
3319 3573
3320 3574
3321 3575
3322 3576
3323 3577
3324 3578
3325 3579
3326 3580
3327 3581
3329 3582
3330 3583
3331 3584
3332 3585
3333 3586
3334 3587
3335 3588
3336 3589
3337 3590
3338 3591
3339 3592
3340 3593
3341 3594
3342 3595
3343 3596
3344 3597
3345 3598
3346 3599
3347 3600
3348 3601
3349 3602
3350 3603
3351 3604
3352 3605
3353 3606
3354 3607
3355 3608
3356 3609
3357 3610
3358 3611
3359 3612
3360 3613
3361 3614
3362 3615
3363 3616
3364 3617
3365 3618
3366 3619
3367 3620
3368 3621
3369 3622
3370 3623
3371 3624
3372 3625
3373 3626
3374 3627
3375 3628
3376 3629
3377 3630
3378 3631
3379 3632
3380 3633
3381 3634
3382 3635
3383 3636
3384 3637
3385 3638
3387 3639
3388 3640
3389 3641
3390 3642
3391 3643
3392 3644
3393 3645
3394 3646
3395 3647
3396 3648
3397 3649
3399 3650
3400 3651
3401 3652
3402 3653
3403 3654
3404 3655
3405 3656
3406 3657
3407 3658
3408 3659
3409 3660
3410 3661
3411 3662
3412 3663
3413 3664
3414 3665
3415 3666
3417 3667
3416 3668
3418 3669
3419 3670
3420 3671
3421 3672
3422 3673
3423 3674
3424 3675
3425 3676
3426 3677
3427 3678
3428 3679
3429 3680
3430 3681
3431 3682
4047 3683
3432 3684
3433 3685
3434 3686
3435 3687
3436 3688
3437 3689
3438 3690
3439 3691
3440 3692
3441 3693
3442 3694
3443 3695
3444 3696
3445 3697
3446 3698
3447 3699
3448 3700
3449 3701
3450 3702
3451 3703
3452 3704
3453 3705
3454 3706
3455 3707
3456 3708
3457 3709
3458 3710
3459 3711
3460 3712
3461 3713
3462 3714
3467 3715
3468 3716
3469 3717
3470 3718
3471 3719
3472 3720
3473 3721
3474 3722
3475 3723
3476 3724
3477 3725
3478 3726
3479 3727
3480 3728
3481 3729
3482 3730
3483 3731
3484 3732
3485 3733
3486 3734
3487 3735
3488 3736
3489 3737
3490 3738
3491 3739
3492 3740
3493 3741
3494 3742
3495 3743
3496 3744
3497 3745
3498 3746
3499 3747
3500 3748
3501 3749
3502 3750
3503 3751
3504 3752
3505 3753
3506 3754
4372 3755
3508 3756
3509 3757
3510 3758
3511 3759
3512 3760
3513 3761
3514 3762
3515 3763
3516 3764
3517 3765
3518 3766
3519 3767
3521 3768
3523 3769
3524 3770
4425 3771
3525 3772
5116 3773
3526 3774
3527 3775
3528 3776
3529 3777
3530 3778
3531 3779
3532 3780
3533 3781
3534 3782
3535 3783
3536 3784
3537 3785
3538 3786
3539 3787
3540 3788
3541 3789
3542 3790
3543 3791
3544 3792
3545 3793
3546 3794
3547 3795
3548 3796
3549 3797
3550 3798
3551 3799
3552 3800
3553 3801
3554 3802
3555 3803
3556 3804
3557 3805
3558 3806
3559 3807
3560 3808
3561 3809
3562 3810
3563 3811
3564 3812
3565 3813
3566 3814
3570 3815
3571 3816
3572 3817
3574 3818
3576 3819
3577 3820
3578 3821
3579 3822
3580 3823
3581 3824
3582 3825
3585 3826
3586 3827
3587 3828
3588 3829
3589 3830
3590 3831
3591 3832
3592 3833
3593 3834
3594 3835
3595 3836
3596 3837
3597 3838
3598 3839
3599 3840
3600 3841
3601 3842
3602 3843
3603 3844
3604 3845
3605 3846
3606 3847
3607 3848
3608 3849
3609 3850
3610 3851
3611 3852
3612 3853
3613 3854
3614 3855
3615 3856
3616 3857
3617 3858
3618 3859
3619 3860
3620 3861
3621 3862
3622 3863
3623 3864
3624 3865
3625 3866
3626 3867
3627 3868
3628 3869
3629 3870
3630 3871
3632 3872
3633 3873
3634 3874
3635 3875
3636 3876
3637 3877
3638 3878
3639 3879
3641 3880
3642 3881
3643 3882
3644 3883
3646 3884
3647 3885
3648 3886
3649 3887
3650 3888
3651 3889
3652 3890
3653 3891
3654 3892
3655 3893
3656 3894
3657 3895
3658 3896
3659 3897
3661 3898
3662 3899
3663 3900
3664 3901
3665 3902
3666 3903
3667 3904
3668 3905
3669 3906
3670 3907
3671 3908
3672 3909
3673 3910
3678 3911
3679 3912
3680 3913
3681 3914
3682 3915
3683 3916
3684 3917
3685 3918
3686 3919
3687 3920
3688 3921
3689 3922
3690 3923
3691 3924
3692 3925
3693 3926
3694 3927
3695 3928
3696 3929
3697 3930
3698 3931
3699 3932
3701 3933
3702 3934
3703 3935
3704 3936
3705 3937
3706 3938
3707 3939
3708 3940
4536 3941
3710 3942
3711 3943
3712 3944
3713 3945
3714 3946
3715 3947
3716 3948
3718 3949
3719 3950
3720 3951
3721 3952
3722 3953
3723 3954
3724 3955
3725 3956
3726 3957
3727 3958
3728 3959
3729 3960
3730 3961
3731 3962
3732 3963
3733 3964
3734 3965
3735 3966
3736 3967
3737 3968
3738 3969
3739 3970
3740 3971
3741 3972
3742 3973
3744 3974
3745 3975
3746 3976
3747 3977
3797 3978
3749 3979
3750 3980
3751 3981
3753 3982
3754 3983
3755 3984
3756 3985
3757 3986
3758 3987
3759 3988
3760 3989
3761 3990
3762 3991
3763 3992
3764 3993
3765 3994
3766 3995
3768 3996
3769 3997
3770 3998
3771 3999
3772 4000
3773 4001
3774 4002
3775 4003
3776 4004
3777 4005
3778 4006
3779 4007
3780 4008
3781 4009
3782 4010
3783 4011
3784 4012
3785 4013
3786 4014
3787 4015
3788 4016
3789 4017
3790 4018
3791 4019
3792 4020
4768 4021
3793 4022
3794 4023
3993 4024
3919 4025
3795 4026
3796 4027
4474 4028
3798 4029
3799 4030
3800 4031
3801 4032
3802 4033
3803 4034
3804 4035
3805 4036
3806 4037
3807 4038
3808 4039
3809 4040
3810 4041
5667 4042
3811 4043
3812 4044
3813 4045
3814 4046
3815 4047
3816 4048
3817 4049
3818 4050
3819 4051
3820 4052
3821 4053
3822 4054
3823 4055
3824 4056
3825 4057
3826 4058
3827 4059
3828 4060
3829 4061
3830 4062
3831 4063
3832 4064
3833 4065
3834 4066
3835 4067
4482 4068
4475 4069
3838 4070
3839 4071
3840 4072
3841 4073
3842 4074
3843 4075
3844 4076
3845 4077
3846 4078
3847 4079
3848 4080
3849 4081
3850 4082
3851 4083
3852 4084
3853 4085
3854 4086
3856 4087
3857 4088
3858 4089
3859 4090
3860 4091
3861 4092
3863 4093
3864 4094
3865 4095
3866 4096
3867 4097
3868 4098
3869 4099
3870 4100
3871 4101
3875 4102
3876 4103
3877 4104
3878 4105
3879 4106
3880 4107
3881 4108
3882 4109
3883 4110
3884 4111
3885 4112
3886 4113
3887 4114
3888 4115
3889 4116
3890 4117
3891 4118
3892 4119
3893 4120
3894 4121
3895 4122
3896 4123
3897 4124
3898 4125
3899 4126
3901 4127
3902 4128
3903 4129
3904 4130
3905 4131
3906 4132
3907 4133
3908 4134
3909 4135
3910 4136
3911 4137
3912 4138
3913 4139
3914 4140
3915 4141
3916 4142
3917 4143
3918 4144
3920 4145
3921 4146
3922 4147
3923 4148
3924 4149
3925 4150
3926 4151
3927 4152
3928 4153
3929 4154
3930 4155
3931 4156
3932 4157
3933 4158
3934 4159
3935 4160
3936 4161
3937 4162
3939 4163
4367 4164
3940 4165
3941 4166
3942 4167
3943 4168
3944 4169
3945 4170
3946 4171
3947 4172
3948 4173
3949 4174
3950 4175
3951 4176
3952 4177
3953 4178
3954 4179
3955 4180
3956 4181
3957 4182
3958 4183
3960 4184
3961 4185
3962 4186
3963 4187
3964 4188
3965 4189
3966 4190
3967 4191
3968 4192
3969 4193
3970 4194
3971 4195
3972 4196
3973 4197
3974 4198
3975 4199
3976 4200
3977 4201
3978 4202
3979 4203
3980 4204
3981 4205
3982 4206
3983 4207
3984 4208
3985 4209
3986 4210
3987 4211
3988 4212
3989 4213
3990 4214
3991 4215
3992 4216
3994 4217
3995 4218
3996 4219
3997 4220
3998 4221
3999 4222
4000 4223
4001 4224
4002 4225
4003 4226
4004 4227
4005 4228
4006 4229
4007 4230
4008 4231
4009 4232
4010 4233
4011 4234
4012 4235
4013 4236
4014 4237
4015 4238
4016 4239
4017 4240
4018 4241
4019 4242
4021 4243
4022 4244
4025 4245
4028 4246
4032 4247
4026 4248
4027 4249
4029 4250
4030 4251
4033 4252
4034 4253
4035 4254
4041 4255
4042 4256
4043 4257
4045 4258
4046 4259
4049 4260
4050 4261
4051 4262
4052 4263
4053 4264
4054 4265
4055 4266
4056 4267
5228 4268
4060 4269
4061 4270
4062 4271
4063 4272
4064 4273
4065 4274
4066 4275
4067 4276
4068 4277
4069 4278
4070 4279
4071 4280
4076 4281
4079 4282
5766 4283
4074 4284
4077 4285
4078 4286
4080 4287
4081 4288
4082 4289
4083 4290
4085 4291
4086 4292
4087 4293
4088 4294
4089 4295
4091 4296
4092 4297
4093 4298
4094 4299
4095 4300
4096 4301
4097 4302
4100 4303
4101 4304
4102 4305
4103 4306
4104 4307
4105 4308
4106 4309
4107 4310
4108 4311
4109 4312
4110 4313
4111 4314
4112 4315
4113 4316
4116 4317
4118 4318
4119 4319
4120 4320
4121 4321
4122 4322
4123 4323
4124 4324
4125 4325
4127 4326
4128 4327
4129 4328
4130 4329
4131 4330
4132 4331
4133 4332
4135 4333
4136 4334
4138 4335
4139 4336
4140 4337
4141 4338
4142 4339
4143 4340
4144 4341
4145 4342
4146 4343
4149 4344
4150 4345
4151 4346
4152 4347
4153 4348
4154 4349
4155 4350
4156 4351
4157 4352
4158 4353
4159 4354
5497 4355
4161 4356
4162 4357
4164 4358
4165 4359
4166 4360
4167 4361
4169 4362
4170 4363
4171 4364
4172 4365
4173 4366
4176 4367
4177 4368
4178 4369
4179 4370
4180 4371
4181 4372
4182 4373
4183 4374
4184 4375
4185 4376
4186 4377
4187 4378
4188 4379
4189 4380
4190 4381
4191 4382
4192 4383
4193 4384
4194 4385
4196 4386
4197 4387
4198 4388
4199 4389
4200 4390
4201 4391
4202 4392
4203 4393
4204 4394
4205 4395
4206 4396
4207 4397
4208 4398
4210 4399
4211 4400
4212 4401
4215 4402
4216 4403
4217 4404
4218 4405
4219 4406
4220 4407
4221 4408
4222 4409
4224 4410
4225 4411
4226 4412
4227 4413
4233 4414
4235 4415
4236 4416
4237 4417
4238 4418
4239 4419
4240 4420
4242 4421
4243 4422
4244 4423
4245 4424
4246 4425
4247 4426
5163 4427
4672 4428
4818 4429
4817 4430
5190 4431
4255 4432
4256 4433
4257 4434
4258 4435
4263 4436
4264 4437
4265 4438
4266 4439
4267 4440
4273 4441
4274 4442
4275 4443
4276 4444
4277 4445
4278 4446
4279 4447
4280 4448
4281 4449
4283 4450
4288 4451
4291 4452
4292 4453
4293 4454
4294 4455
4295 4456
4296 4457
4297 4458
4298 4459
4299 4460
4300 4461
4301 4462
4302 4463
4303 4464
4304 4465
4305 4466
4306 4467
4307 4468
4308 4469
4309 4470
4310 4471
4311 4472
4312 4473
4313 4474
4314 4475
4315 4476
4316 4477
4317 4478
4318 4479
4319 4480
4320 4481
4322 4482
4323 4483
4324 4484
4325 4485
4326 4486
4327 4487
4328 4488
4329 4489
4330 4490
4331 4491
4332 4492
4333 4493
5032 4494
4334 4495
4335 4496
4336 4497
4338 4498
4432 4499
4562 4500
4339 4501
4340 4502
4341 4503
4342 4504
4343 4505
4344 4506
4345 4507
4346 4508
4347 4509
4348 4510
4349 4511
4350 4512
4351 4513
4352 4514
4353 4515
4354 4516
4355 4517
4356 4518
4357 4519
4358 4520
4359 4521
4360 4522
4361 4523
4362 4524
4363 4525
4364 4526
4365 4527
4366 4528
4368 4529
4369 4530
5396 4531
4373 4532
4374 4533
4375 4534
4376 4535
4377 4536
4378 4537
4379 4538
4380 4539
4381 4540
4382 4541
4384 4542
4385 4543
4386 4544
4388 4545
4389 4546
4390 4547
4391 4548
4392 4549
4393 4550
4394 4551
4395 4552
4396 4553
4397 4554
4398 4555
4399 4556
4400 4557
4401 4558
4402 4559
4405 4560
4406 4561
4407 4562
4408 4563
4409 4564
4410 4565
4411 4566
4412 4567
4413 4568
4414 4569
4415 4570
4416 4571
4417 4572
4418 4573
4419 4574
4420 4575
4421 4576
4422 4577
4423 4578
4424 4579
4427 4580
4429 4581
4472 4582
5711 4583
4431 4584
4433 4585
4434 4586
4435 4587
4436 4588
4437 4589
4438 4590
4439 4591
4440 4592
4441 4593
4442 4594
4443 4595
4444 4596
4445 4597
4446 4598
4447 4599
4448 4600
4449 4601
4450 4602
4451 4603
4452 4604
4453 4605
4454 4606
4455 4607
4863 4608
4835 4609
4457 4610
4458 4611
4459 4612
4460 4613
4461 4614
4462 4615
4463 4616
4465 4617
4466 4618
4467 4619
4468 4620
4469 4621
4470 4622
4471 4623
4473 4624
4476 4625
4477 4626
4478 4627
4479 4628
4480 4629
4481 4630
4483 4631
4484 4632
4485 4633
4486 4634
4489 4635
4490 4636
4491 4637
4492 4638
4493 4639
4494 4640
4495 4641
4496 4642
4497 4643
4498 4644
4499 4645
4500 4646
4501 4647
4502 4648
4503 4649
4504 4650
4505 4651
4506 4652
4507 4653
4508 4654
4509 4655
4510 4656
4511 4657
4512 4658
4513 4659
4514 4660
4515 4661
4516 4662
4517 4663
4518 4664
4519 4665
4521 4666
4522 4667
4523 4668
4524 4669
4525 4670
4526 4671
4527 4672
4528 4673
4529 4674
4530 4675
4531 4676
4532 4677
4533 4678
4534 4679
4535 4680
4537 4681
4538 4682
4539 4683
4540 4684
4541 4685
4542 4686
4543 4687
4544 4688
4545 4689
4546 4690
4547 4691
4548 4692
4549 4693
4550 4694
4553 4695
4554 4696
4555 4697
4556 4698
4557 4699
4558 4700
4559 4701
4560 4702
4561 4703
4563 4704
4564 4705
4565 4706
4566 4707
4567 4708
4568 4709
4569 4710
4570 4711
4571 4712
4572 4713
4573 4714
4574 4715
4575 4716
4576 4717
4577 4718
4578 4719
4579 4720
4580 4721
4581 4722
4582 4723
4583 4724
4584 4725
4585 4726
4586 4727
4587 4728
4588 4729
4589 4730
4590 4731
4592 4732
4593 4733
4594 4734
4595 4735
4596 4736
4598 4737
4599 4738
4601 4739
4602 4740
4603 4741
4604 4742
5154 4743
4605 4744
4606 4745
4607 4746
4608 4747
4609 4748
4610 4749
4611 4750
4612 4751
4613 4752
4614 4753
4615 4754
4616 4755
4617 4756
4618 4757
4619 4758
4620 4759
4621 4760
4622 4761
4623 4762
4624 4763
4625 4764
4626 4765
4627 4766
4628 4767
4629 4768
4630 4769
4631 4770
4632 4771
4633 4772
4634 4773
4635 4774
4636 4775
4637 4776
4638 4777
4639 4778
4640 4779
4641 4780
4642 4781
4643 4782
4644 4783
4645 4784
4646 4785
4647 4786
4649 4787
4650 4788
4651 4789
4652 4790
4653 4791
4654 4792
4655 4793
4656 4794
4657 4795
4658 4796
4659 4797
4660 4798
4661 4799
4662 4800
4663 4801
4664 4802
4665 4803
4666 4804
4667 4805
4668 4806
4669 4807
4670 4808
4671 4809
4673 4810
4674 4811
4675 4812
4676 4813
4677 4814
4678 4815
4679 4816
4680 4817
4681 4818
4682 4819
4683 4820
4684 4821
4685 4822
4686 4823
4687 4824
4688 4825
4689 4826
4690 4827
4691 4828
4692 4829
4693 4830
4694 4831
4695 4832
4696 4833
4697 4834
4698 4835
4699 4836
4700 4837
4701 4838
4702 4839
4703 4840
4704 4841
4705 4842
4706 4843
4707 4844
4708 4845
4709 4846
4710 4847
4711 4848
4712 4849
4713 4850
4714 4851
4715 4852
4716 4853
4717 4854
4718 4855
4719 4856
4720 4857
4721 4858
4722 4859
4723 4860
4724 4861
4725 4862
4726 4863
4727 4864
4728 4865
4729 4866
4730 4867
4731 4868
4732 4869
4733 4870
4734 4871
4735 4872
4736 4873
4737 4874
4743 4875
4745 4876
4746 4877
4747 4878
4749 4879
4750 4880
4751 4881
4752 4882
4753 4883
4754 4884
4755 4885
4756 4886
4757 4887
4758 4888
4759 4889
4760 4890
4761 4891
4762 4892
4763 4893
4764 4894
4765 4895
4766 4896
4767 4897
4769 4898
4770 4899
4771 4900
4772 4901
4773 4902
4774 4903
4775 4904
4776 4905
4777 4906
4778 4907
4779 4908
4780 4909
4781 4910
4782 4911
4783 4912
4784 4913
4786 4914
4791 4915
4792 4916
4793 4917
4794 4918
4795 4919
4796 4920
4797 4921
4798 4922
4799 4923
4800 4924
4801 4925
4802 4926
4803 4927
4804 4928
4805 4929
4806 4930
4807 4931
4808 4932
4809 4933
4810 4934
4811 4935
4812 4936
4813 4937
4814 4938
4815 4939
4816 4940
4819 4941
4820 4942
4821 4943
4822 4944
4823 4945
4824 4946
4825 4947
4826 4948
4827 4949
4828 4950
4829 4951
4830 4952
4831 4953
4832 4954
4833 4955
4834 4956
4836 4957
4837 4958
4838 4959
4839 4960
4840 4961
4841 4962
4842 4963
4843 4964
4844 4965
4845 4966
4846 4967
4847 4968
4848 4969
4849 4970
4850 4971
4851 4972
4852 4973
4853 4974
4854 4975
4855 4976
4856 4977
4857 4978
4858 4979
4859 4980
4860 4981
4861 4982
4862 4983
4864 4984
4865 4985
4866 4986
4867 4987
4868 4988
4869 4989
4870 4990
4871 4991
4872 4992
4873 4993
4874 4994
4875 4995
4876 4996
4877 4997
4878 4998
4879 4999
4880 5000
4881 5001
4882 5002
4883 5003
4884 5004
4885 5005
4887 5006
4888 5007
4889 5008
4890 5009
4891 5010
4892 5011
4893 5012
5358 5013
4896 5014
4897 5015
4898 5016
4899 5017
4900 5018
4901 5019
4902 5020
4903 5021
4904 5022
4905 5023
4906 5024
4907 5025
4908 5026
4909 5027
4910 5028
4911 5029
4912 5030
4917 5031
4918 5032
5750 5033
4924 5034
4925 5035
4926 5036
4927 5037
4928 5038
4929 5039
4930 5040
4931 5041
4932 5042
4933 5043
4934 5044
4935 5045
4936 5046
4937 5047
4938 5048
4939 5049
4940 5050
4941 5051
4942 5052
4943 5053
4944 5054
4945 5055
4946 5056
4947 5057
4948 5058
4949 5059
4950 5060
4951 5061
4952 5062
4953 5063
4954 5064
4956 5065
4957 5066
4996 5067
5687 5068
4962 5069
4963 5070
4964 5071
4965 5072
4966 5073
4967 5074
4968 5075
4969 5076
4970 5077
4971 5078
4972 5079
4974 5080
4975 5081
4976 5082
4977 5083
4978 5084
4979 5085
4980 5086
4981 5087
4982 5088
4983 5089
4984 5090
4985 5091
4986 5092
4987 5093
4988 5094
4989 5095
4990 5096
5210 5097
5328 5098
4993 5099
5164 5100
5000 5101
5001 5102
5002 5103
5003 5104
5004 5105
5006 5106
5011 5107
5013 5108
5014 5109
5015 5110
5016 5111
5017 5112
5018 5113
5019 5114
5020 5115
5021 5116
5022 5117
5023 5118
5024 5119
5025 5120
5026 5121
5027 5122
5028 5123
5029 5124
5030 5125
5031 5126
5034 5127
5035 5128
5036 5129
5037 5130
5038 5131
5039 5132
5040 5133
5041 5134
5042 5135
5043 5136
5044 5137
5045 5138
5046 5139
5047 5140
5048 5141
5050 5142
5051 5143
5052 5144
5053 5145
5054 5146
5055 5147
5056 5148
5057 5149
5058 5150
5059 5151
5060 5152
5061 5153
5062 5154
5063 5155
5064 5156
5065 5157
5067 5158
5069 5159
5070 5160
5071 5161
5072 5162
5073 5163
5074 5164
5075 5165
5076 5166
5077 5167
5078 5168
5079 5169
5080 5170
5081 5171
5082 5172
5083 5173
5084 5174
5085 5175
5086 5176
5087 5177
5088 5178
5089 5179
5090 5180
5091 5181
5092 5182
5093 5183
5094 5184
5095 5185
5096 5186
5097 5187
5098 5188
5099 5189
5100 5190
5101 5191
5102 5192
5103 5193
5104 5194
5105 5195
5106 5196
5107 5197
5108 5198
5109 5199
5110 5200
5111 5201
5112 5202
5113 5203
5114 5204
5115 5205
5117 5206
5118 5207
5119 5208
5120 5209
5121 5210
5122 5211
5123 5212
5124 5213
5125 5214
5126 5215
5127 5216
5128 5217
5129 5218
5130 5219
5131 5220
5132 5221
5133 5222
5134 5223
5135 5224
5136 5225
5137 5226
5138 5227
5139 5228
5140 5229
5141 5230
5142 5231
5143 5232
5144 5233
5145 5234
5146 5235
5147 5236
5148 5237
5149 5238
5150 5239
5155 5240
5156 5241
5157 5242
5158 5243
5159 5244
5586 5245
5166 5246
5167 5247
5168 5248
5169 5249
5172 5250
5173 5251
5174 5252
5175 5253
5176 5254
5177 5255
5178 5256
5179 5257
5180 5258
5181 5259
5182 5260
5183 5261
5184 5262
5185 5263
5186 5264
5187 5265
5191 5266
5192 5267
5194 5268
5196 5269
5258 5270
5197 5271
5198 5272
5199 5273
5201 5274
5202 5275
5203 5276
5204 5277
5205 5278
5206 5279
5207 5280
5208 5281
5209 5282
5211 5283
5212 5284
5213 5285
5214 5286
5215 5287
5216 5288
5217 5289
5218 5290
5219 5291
5220 5292
5221 5293
5222 5294
5223 5295
5224 5296
5225 5297
5226 5298
5227 5299
5229 5300
5230 5301
5231 5302
5232 5303
5233 5304
5234 5305
5236 5306
5237 5307
5239 5308
5240 5309
5241 5310
5242 5311
5243 5312
5244 5313
5245 5314
5246 5315
5247 5316
5248 5317
5249 5318
5250 5319
5251 5320
5252 5321
5255 5322
5254 5323
5256 5324
5257 5325
5259 5326
5261 5327
5262 5328
5263 5329
5264 5330
5265 5331
5266 5332
5267 5333
5268 5334
5269 5335
5270 5336
5271 5337
5272 5338
5273 5339
5274 5340
5275 5341
5276 5342
5277 5343
5278 5344
5279 5345
5280 5346
5281 5347
5282 5348
5283 5349
5284 5350
5285 5351
5286 5352
5287 5353
5288 5354
5289 5355
5290 5356
5291 5357
5293 5358
5294 5359
5295 5360
5296 5361
5297 5362
5298 5363
5299 5364
5300 5365
5302 5366
5304 5367
5305 5368
5306 5369
5307 5370
5308 5371
5309 5372
5310 5373
5311 5374
5312 5375
5313 5376
5314 5377
5315 5378
5316 5379
5317 5380
5318 5381
5319 5382
5320 5383
5321 5384
5322 5385
5323 5386
5324 5387
5325 5388
5327 5389
5329 5390
5330 5391
5331 5392
5332 5393
5333 5394
5334 5395
5335 5396
5336 5397
5337 5398
5338 5399
5339 5400
5340 5401
5341 5402
5342 5403
5343 5404
5344 5405
5345 5406
5346 5407
5350 5408
5351 5409
5686 5410
5354 5411
5355 5412
5356 5413
5357 5414
5359 5415
5361 5416
5362 5417
5363 5418
5364 5419
5365 5420
5366 5421
5367 5422
5368 5423
5369 5424
5370 5425
5371 5426
5372 5427
5373 5428
5374 5429
5375 5430
5376 5431
5377 5432
5378 5433
5379 5434
5380 5435
5381 5436
5382 5437
5383 5438
5384 5439
5385 5440
5386 5441
5387 5442
5388 5443
5389 5444
5390 5445
5391 5446
5395 5447
5397 5448
5398 5449
5399 5450
5401 5451
5402 5452
5403 5453
5404 5454
5405 5455
5406 5456
5407 5457
5408 5458
5409 5459
5410 5460
5411 5461
5412 5462
5413 5463
5414 5464
5415 5465
5416 5466
5417 5467
5418 5468
5419 5469
5420 5470
5421 5471
5422 5472
5423 5473
5424 5474
5425 5475
5426 5476
5427 5477
5428 5478
5429 5479
5430 5480
5432 5481
5433 5482
5434 5483
5435 5484
5436 5485
5437 5486
5438 5487
5439 5488
5440 5489
5441 5490
5442 5491
5443 5492
5444 5493
5445 5494
5446 5495
5447 5496
5448 5497
5449 5498
5450 5499
5451 5500
5452 5501
5453 5502
5454 5503
5455 5504
5457 5505
5458 5506
5459 5507
5460 5508
5461 5509
5462 5510
5463 5511
5464 5512
5465 5513
5466 5514
5467 5515
5468 5516
5469 5517
5470 5518
5471 5519
5472 5520
5473 5521
5474 5522
5475 5523
5476 5524
5477 5525
5479 5526
5480 5527
5481 5528
5482 5529
5483 5530
5484 5531
5485 5532
5486 5533
5487 5534
5488 5535
5489 5536
5490 5537
5491 5538
5492 5539
5494 5540
5495 5541
5496 5542
5498 5543
5499 5544
5500 5545
5501 5546
5502 5547
5503 5548
5504 5549
5505 5550
5506 5551
5507 5552
5508 5553
5509 5554
5510 5555
5511 5556
5512 5557
5513 5558
5514 5559
5515 5560
5516 5561
5517 5562
5518 5563
5519 5564
5520 5565
5521 5566
5522 5567
5524 5568
5525 5569
5526 5570
5527 5571
5528 5572
5529 5573
5530 5574
5531 5575
5532 5576
5536 5577
5537 5578
5538 5579
5539 5580
5540 5581
5541 5582
5542 5583
5543 5584
5544 5585
5545 5586
5880 5587
5547 5588
5548 5589
5549 5590
5550 5591
5551 5592
5552 5593
5553 5594
5554 5595
5555 5596
5556 5597
5557 5598
5558 5599
5559 5600
5560 5601
5561 5602
5562 5603
5563 5604
5564 5605
5565 5606
5566 5607
5567 5608
5568 5609
5570 5610
5571 5611
5572 5612
5573 5613
5574 5614
5575 5615
5576 5616
5577 5617
5578 5618
5579 5619
5580 5620
5582 5621
5583 5622
5584 5623
5588 5624
5589 5625
5590 5626
5591 5627
5592 5628
5593 5629
5594 5630
5595 5631
5596 5632
5597 5633
5598 5634
5599 5635
5600 5636
5601 5637
5602 5638
5603 5639
5604 5640
5605 5641
5606 5642
5607 5643
5608 5644
5609 5645
5610 5646
5611 5647
5612 5648
5613 5649
5614 5650
5615 5651
5616 5652
5617 5653
5618 5654
5619 5655
5620 5656
5621 5657
5622 5658
5623 5659
5624 5660
5625 5661
5626 5662
5627 5663
5628 5664
5629 5665
5630 5666
5631 5667
5632 5668
5633 5669
5634 5670
5635 5671
5636 5672
5637 5673
5638 5674
5639 5675
5640 5676
5642 5677
5643 5678
5644 5679
5645 5680
5646 5681
5647 5682
5648 5683
5650 5684
5651 5685
5652 5686
5653 5687
5654 5688
5655 5689
5656 5690
5657 5691
5664 5692
5660 5693
5661 5694
5662 5695
5663 5696
5665 5697
5666 5698
5668 5699
5669 5700
5670 5701
5672 5702
5673 5703
5674 5704
5676 5705
5677 5706
5678 5707
5679 5708
5680 5709
5681 5710
5682 5711
5683 5712
5684 5713
5685 5714
5688 5715
5689 5716
5690 5717
5691 5718
5692 5719
5693 5720
5694 5721
5695 5722
5696 5723
5699 5724
5700 5725
5701 5726
5702 5727
5703 5728
5704 5729
5705 5730
5706 5731
5707 5732
5708 5733
5709 5734
5710 5735
5712 5736
5713 5737
5714 5738
5716 5739
5717 5740
5718 5741
5719 5742
5720 5743
5721 5744
5722 5745
5723 5746
5724 5747
5725 5748
5726 5749
5727 5750
5728 5751
5729 5752
5730 5753
5731 5754
5732 5755
5733 5756
5734 5757
5735 5758
5736 5759
5737 5760
5738 5761
5739 5762
5740 5763
5742 5764
5743 5765
5745 5766
5746 5767
5747 5768
5748 5769
5749 5770
5751 5771
5752 5772
5753 5773
5755 5774
5756 5775
5757 5776
5758 5777
5759 5778
5760 5779
5761 5780
5762 5781
5763 5782
5764 5783
5765 5784
5767 5785
5769 5786
5771 5787
5773 5788
5774 5789
5775 5790
5776 5791
5777 5792
5779 5793
5780 5794
5781 5795
5782 5796
5783 5797
5787 5798
5788 5799
5789 5800
5790 5801
5879 5802
5795 5803
5797 5804
5798 5805
5799 5806
5800 5807
5801 5808
5802 5809
5803 5810
5804 5811
5805 5812
5809 5813
5807 5814
5808 5815
5810 5816
5811 5817
5812 5818
5813 5819
5814 5820
5815 5821
5816 5822
5817 5823
5818 5824
5819 5825
5820 5826
5821 5827
5822 5828
5823 5829
5824 5830
5825 5831
5826 5832
5827 5833
5828 5834
5829 5835
5830 5836
5831 5837
5832 5838
5833 5839
5834 5840
5835 5841
5836 5842
5838 5843
5839 5844
5840 5845
5841 5846
5843 5847
5844 5848
5845 5849
5846 5850
5847 5851
5848 5852
5849 5853
5850 5854
5851 5855
5852 5856
5853 5857
5854 5858
5855 5859
5856 5860
5857 5861
5858 5862
5859 5863
5860 5864
5861 5865
5862 5866
5863 5867
5864 5868
5865 5869
5866 5870
5867 5871
5868 5872
5869 5873
5870 5874
5871 5875
5872 5876
5873 5877
5874 5878
5875 5879
5876 5880
5877 5881
5878 5882
5881 5883
5883 5884
5885 5885
5886 5886
5887 5887
5888 5888
5889 5889
5890 5890
5891 5891
5892 5892
5893 5893
5894 5894
5895 5895
5896 5896
5897 5897
5898 5898
5899 5899
5900 5900
5901 5901
5902 5902
5903 5903
5904 5904
5905 5905
5906 5906
5907 5907
5908 5908
5909 5909
5910 5910
5911 5911
5912 5912
5913 5913
5914 5914
5915 5915
5916 5916
5917 5917
5918 5918
5919 5919
5920 5920
5921 5921
5922 5922
5923 5923
5924 5924
5925 5925
5926 5926
5927 5927
5928 5928
5929 5929
5930 5930
5931 5931
5932 5932
5933 5933
5934 5934
5935 5935
5936 5936
5937 5937
5938 5938
5939 5939
5940 5940
5941 5941
5942 5942
5943 5943
5944 5944
5945 5945
5946 5946
5947 5947
5948 5948
5949 5949
5950 5950
5951 5951
5953 5952
5952 5953
5954 5954
5955 5955
5956 5956
5957 5957
5958 5958
5959 5959
5960 5960
5961 5961
5962 5962
5963 5963
5964 5964
5965 5965
5966 5966
5967 5967
5968 5968
5969 5969
5970 5970
5974 5971
5971 5972
5972 5973
5973 5974
5975 5975
5976 5976
5977 5977
5978 5978
5980 5979
5979 5980
5982 5981
5981 5982
5983 5983
5984 5984
5985 5985
5986 5986
5987 5987
5988 5988
5989 5989
5990 5990
5991 5991
5992 5992
5993 5993
5994 5994
5995 5995
5996 5996
5997 5997
5998 5998
5999 5999
6000 6000
6001 6001
6002 6002
6003 6003
6004 6004
6005 6005
6006 6006
6007 6007
6008 6008
6009 6009
6010 6010
6011 6011
6012 6012
6013 6013
6014 6014
6015 6015
6016 6016
6017 6017
6018 6018
6019 6019
6020 6020
6021 6021
6022 6022
6023 6023
6024 6024
6025 6025
6026 6026
6027 6027
6028 6028
6029 6029
6030 6030
6031 6031
6032 6032
6033 6033
6034 6034
6035 6035
6036 6036
6037 6037
6038 6038
6039 6039
6040 6040
6041 6041
6042 6042
6043 6043
6044 6044
6045 6045
6046 6046
6047 6047
6048 6048
6049 6049
6050 6050
6051 6051
6052 6052
6053 6053
6054 6054
6055 6055
6056 6056
6057 6057
6058 6058
6059 6059
6060 6060
6061 6061
6062 6062
6063 6063
6064 6064
6065 6065
6066 6066
6067 6067
6068 6068
6069 6069
6070 6070
6071 6071
6072 6072
6073 6073
6074 6074
6075 6075
6076 6076
6077 6077
6078 6078
6079 6079
6080 6080
6081 6081
6082 6082
6083 6083
6084 6084
6085 6085
6086 6086
6087 6087
6088 6088
6089 6089
6090 6090
6091 6091
6092 6092
6093 6093
6094 6094
6095 6095
6096 6096
6097 6097
6098 6098
6099 6099
6100 6100
6101 6101
6102 6102
6103 6103
6104 6104
6105 6105
6106 6106
6107 6107
6108 6108
6109 6109
6110 6110
6111 6111
6112 6112
6113 6113
6114 6114
6115 6115
6116 6116
6117 6117
6118 6118
6119 6119
6120 6120
6121 6121
6122 6122
6123 6123
6124 6124
6125 6125
6126 6126
6127 6127
6128 6128
6129 6129
6130 6130
6131 6131
6132 6132
6133 6133
6134 6134
6135 6135
6136 6136
6137 6137
6138 6138
6139 6139
6140 6140
6141 6141
6142 6142
6143 6143
6144 6144
6145 6145
6146 6146
6147 6147
6148 6148
6149 6149
6150 6150
6151 6151
6152 6152
6153 6153
6154 6154
6155 6155
6156 6156
6157 6157
6158 6158
6159 6159
6160 6160
6162 6161
6161 6162
6163 6163
6164 6164
6165 6165
6166 6166
6167 6167
6168 6168
6169 6169
6170 6170
6171 6171
6172 6172
6173 6173
6174 6174
6175 6175
6176 6176
6177 6177
6178 6178
6179 6179
6180 6180
6181 6181
6182 6182
6183 6183
6184 6184
6185 6185
6186 6186
6187 6187
6188 6188
6189 6189
6192 6190
6190 6191
6191 6192
6193 6193
6194 6194
6195 6195
6196 6196
6197 6197
6198 6198
6199 6199
6200 6200
6201 6201
6202 6202
6203 6203
6204 6204
6205 6205
6206 6206
6207 6207
6208 6208
6209 6209
6210 6210
6211 6211
6212 6212
6213 6213
6214 6214
6215 6215
6216 6216
6217 6217
6218 6218
6219 6219
6220 6220
6221 6221
6222 6222
6223 6223
6224 6224
6225 6225
6226 6226
6227 6227
6228 6228
6229 6229
6230 6230
6231 6231
6232 6232
6233 6233
6234 6234
6235 6235
6236 6236
6237 6237
6238 6238
6239 6239
6240 6240
6241 6241
6242 6242
6243 6243
6244 6244
6245 6245
6246 6246
6247 6247
6248 6248
6249 6249
6250 6250
6251 6251
6252 6252
6253 6253
6254 6254
6255 6255
6256 6256
6257 6257
6258 6258
6259 6259
6260 6260
6261 6261
6262 6262
6263 6263
6264 6264
6265 6265
6266 6266
6268 6267
6267 6268
6269 6269
6270 6270
6271 6271
6272 6272
6273 6273
6274 6274
6275 6275
6276 6276
6277 6277
6278 6278
6279 6279
6280 6280
6281 6281
6282 6282
6283 6283
6284 6284
6285 6285
6286 6286
6287 6287
6288 6288
6289 6289
6290 6290
6291 6291
6292 6292
6293 6293
6294 6294
6295 6295
6296 6296
6297 6297
6298 6298
6299 6299
6300 6300
6301 6301
6302 6302
6303 6303
6304 6304
6305 6305
6306 6306
6307 6307
6308 6308
6309 6309
6310 6310
6311 6311
6312 6312
6313 6313
6314 6314
6315 6315
6316 6316
6317 6317
6318 6318
6319 6319
6320 6320
6321 6321
6322 6322
6323 6323
6324 6324
6325 6325
6326 6326
6327 6327
6328 6328
6329 6329
6330 6330
6331 6331
6332 6332
6333 6333
6334 6334
6335 6335
6336 6336
6337 6337
6338 6338
6339 6339
6340 6340
6341 6341
6342 6342
6343 6343
6344 6344
6345 6345
6346 6346
6347 6347
6348 6348
6349 6349
6350 6350
6351 6351
6352 6352
6353 6353
6354 6354
6355 6355
6356 6356
6357 6357
6358 6358
6359 6359
6360 6360
6361 6361
6362 6362
6363 6363
6364 6364
6365 6365
6366 6366
6367 6367
6368 6368
6369 6369
6370 6370
6371 6371
6372 6372
6373 6373
6374 6374
6375 6375
6377 6376
6378 6377
6379 6378
6380 6379
6381 6380
6382 6381
6383 6382
6384 6383
6385 6384
6386 6385
6387 6386
6388 6387
6524 6388
6389 6389
6390 6390
6391 6391
6392 6392
6393 6393
6394 6394
6395 6395
6396 6396
6397 6397
6398 6398
6399 6399
6400 6400
6401 6401
6402 6402
6403 6403
6404 6404
6424 6405
6405 6406
6406 6407
6407 6408
6408 6409
6409 6410
6410 6411
6411 6412
6412 6413
6413 6414
6415 6415
6414 6416
6416 6417
6417 6418
6418 6419
6419 6420
6420 6421
6421 6422
6422 6423
6423 6424
6425 6425
6426 6426
6427 6427
6428 6428
6429 6429
6430 6430
6431 6431
6432 6432
6433 6433
6434 6434
6435 6435
6436 6436
6437 6437
6438 6438
6439 6439
6440 6440
6441 6441
6442 6442
6443 6443
6444 6444
6445 6445
6446 6446
6447 6447
6448 6448
6449 6449
6450 6450
6451 6451
6452 6452
6453 6453
6454 6454
6455 6455
6456 6456
6457 6457
6463 6458
6481 6459
6458 6460
6464 6461
6466 6462
6472 6463
6485 6464
6459 6465
6473 6466
6465 6467
6461 6468
6469 6469
6468 6470
6460 6471
6462 6472
6471 6473
6475 6474
6835 6475
6474 6476
6467 6477
6486 6478
6470 6479
6476 6480
6477 6481
6478 6482
6479 6483
6480 6484
6482 6485
6483 6486
6484 6487
6487 6488
6488 6489
6489 6490
6490 6491
6491 6492
6492 6493
6493 6494
6494 6495
6495 6496
6496 6497
6497 6498
6498 6499
6499 6500
6500 6501
6501 6502
6502 6503
6503 6504
6525 6505
6860 6506
6504 6507
6505 6508
6506 6509
6507 6510
6508 6511
6509 6512
6510 6513
6511 6514
6512 6515
6513 6516
6514 6517
6515 6518
6516 6519
6517 6520
6518 6521
6519 6522
6678 6523
6520 6524
6521 6525
6522 6526
6523 6527
6533 6528
6526 6529
6527 6530
6528 6531
6529 6532
6530 6533
6531 6534
6532 6535
6534 6536
6535 6537
6536 6538
6537 6539
6538 6540
6539 6541
6540 6542
6541 6543
6542 6544
6543 6545
6544 6546
6545 6547
6546 6548
6547 6549
6548 6550
6549 6551
6550 6552
6551 6553
6552 6554
6553 6555
6554 6556
6555 6557
6556 6558
6557 6559
6558 6560
6559 6561
6560 6562
6561 6563
6562 6564
6563 6565
6564 6566
6565 6567
6566 6568
6567 6569
6568 6570
6569 6571
6570 6572
6571 6573
6572 6574
6573 6575
6574 6576
6575 6577
6576 6578
6577 6579
6578 6580
6579 6581
6580 6582
6581 6583
6582 6584
6583 6585
6584 6586
6585 6587
6586 6588
6587 6589
6588 6590
6589 6591
6590 6592
6591 6593
6592 6594
6593 6595
6594 6596
6595 6597
6596 6598
6597 6599
6598 6600
6599 6601
6600 6602
6601 6603
6602 6604
6603 6605
6604 6606
6605 6607
6606 6608
6607 6609
6608 6610
6609 6611
6610 6612
6611 6613
6612 6614
6613 6615
6614 6616
6615 6617
6616 6618
6617 6619
6618 6620
6619 6621
6620 6622
6621 6623
6622 6624
6623 6625
6624 6626
6625 6627
6626 6628
6627 6629
6628 6630
6629 6631
6630 6632
6631 6633
6632 6634
6637 6635
6633 6636
6634 6637
6635 6638
6636 6639
6638 6640
6639 6641
6640 6642
6641 6643
6642 6644
6643 6645
6644 6646
6645 6647
6646 6648
6647 6649
6648 6650
6649 6651
6650 6652
6669 6653
6670 6654
6672 6655
6651 6656
6687 6657
6671 6658
6652 6659
6657 6660
6653 6661
6654 6662
6655 6663
6656 6664
6658 6665
6659 6666
6660 6667
6661 6668
6662 6669
6663 6670
6664 6671
6665 6672
6666 6673
6667 6674
6668 6675
6673 6676
6674 6677
6675 6678
6676 6679
6677 6680
6679 6681
6680 6682
6681 6683
6682 6684
6683 6685
6684 6686
6685 6687
6686 6688
6688 6689
6689 6690
6690 6691
6691 6692
6692 6693
6693 6694
6694 6695
6695 6696
6696 6697
6697 6698
6698 6699
6699 6700
6700 6701
6701 6702
6702 6703
6703 6704
6704 6705
6705 6706
6706 6707
6707 6708
6708 6709
6709 6710
6710 6711
6711 6712
6712 6713
6713 6714
6714 6715
6715 6716
6716 6717
6717 6718
6718 6719
6719 6720
6720 6721
6721 6722
6722 6723
6723 6724
6724 6725
6725 6726
6726 6727
6727 6728
6728 6729
6729 6730
6730 6731
6731 6732
6732 6733
6733 6734
6734 6735
6735 6736
6736 6737
6737 6738
6738 6739
6739 6740
6740 6741
6741 6742
6742 6743
6743 6744
6744 6745
6745 6746
6753 6747
6749 6748
6759 6749
6762 6750
6746 6751
6747 6752
6748 6753
6750 6754
6751 6755
6752 6756
6754 6757
6755 6758
6756 6759
6757 6760
6758 6761
6760 6762
6761 6763
6763 6764
6764 6765
6765 6766
6766 6767
6767 6768
6768 6769
6769 6770
6770 6771
6771 6772
6772 6773
6773 6774
6774 6775
6775 6776
6776 6777
6777 6778
6778 6779
6779 6780
6780 6781
6781 6782
6782 6783
6783 6784
6784 6785
6785 6786
6786 6787
6787 6788
6788 6789
6789 6790
6790 6791
6791 6792
6792 6793
6793 6794
6794 6795
6795 6796
6796 6797
6797 6798
6798 6799
6799 6800
6800 6801
6801 6802
6802 6803
6803 6804
6804 6805
6805 6806
6806 6807
6807 6808
6808 6809
6809 6810
6810 6811
6811 6812
6840 6813
6812 6814
6813 6815
6814 6816
6815 6817
6816 6818
6817 6819
6818 6820
6819 6821
6820 6822
6821 6823
6822 6824
6837 6825
6823 6826
6824 6827
6825 6828
6826 6829
6827 6830
6828 6831
6829 6832
6831 6833
6832 6834
6833 6835
6830 6836
6834 6837
6836 6838
6838 6839
6839 6840
6841 6841
6842 6842
6843 6843
6844 6844
6845 6845
6846 6846
6847 6847
6848 6848
6849 6849
6850 6850
6851 6851
6852 6852
6853 6853
6854 6854
6855 6855
6856 6856
6857 6857
6858 6858
6859 6859
6861 6860
6862 6861
6863 6862
6864 6863
6865 6864
6866 6865
6867 6866
6868 6867
6869 6868
6870 6869
6871 6870
6872 6871
6873 6872
6874 6873
7230 6874
6876 6875
6877 6876
6878 6877
6879 6878
6880 6879
6881 6880
6882 6881
6883 6882
6884 6883
6885 6884
6886 6885
6887 6886
6888 6887
6889 6888
6890 6889
6891 6890
6892 6891
6893 6892
6894 6893
6895 6894
6896 6895
6897 6896
6898 6897
6899 6898
6900 6899
6901 6900
6902 6901
6903 6902
6904 6903
6905 6904
6906 6905
6907 6906
6908 6907
6909 6908
6910 6909
6911 6910
6912 6911
6913 6912
6914 6913
6915 6914
6916 6915
6917 6916
6918 6917
6919 6918
6920 6919
6924 6920
6925 6921
6922 6922
6921 6923
6923 6924
6926 6925
6927 6926
6928 6927
6939 6928
6929 6929
6930 6930
6931 6931
6932 6932
6933 6933
6934 6934
6935 6935
6936 6936
6937 6937
6938 6938
6940 6939
6941 6940
6942 6941
6943 6942
6944 6943
6945 6944
6946 6945
6947 6946
6948 6947
6949 6948
6950 6949
6951 6950
6952 6951
6953 6952
6954 6953
6955 6954
6956 6955
6957 6956
6958 6957
6959 6958
6960 6959
6961 6960
6962 6961
6963 6962
6964 6963
6965 6964
6966 6965
6967 6966
6968 6967
6969 6968
6970 6969
6971 6970
6972 6971
6973 6972
6974 6973
6975 6974
6976 6975
6977 6976
6978 6977
6979 6978
6980 6979
6981 6980
6982 6981
6983 6982
6984 6983
6985 6984
6986 6985
6987 6986
6988 6987
6989 6988
6990 6989
6991 6990
6992 6991
6993 6992
6994 6993
6995 6994
6996 6995
6997 6996
6998 6997
6999 6998
7000 6999
7001 7000
7002 7001
7003 7002
7004 7003
7005 7004
7006 7005
7007 7006
7008 7007
7009 7008
7010 7009
7011 7010
7012 7011
7013 7012
7014 7013
7015 7014
7016 7015
7017 7016
7018 7017
7019 7018
7020 7019
7021 7020
7022 7021
7023 7022
7024 7023
7025 7024
7026 7025
7027 7026
7028 7027
7029 7028
7030 7029
7031 7030
7032 7031
7033 7032
7034 7033
7035 7034
7036 7035
7037 7036
7038 7037
7039 7038
7040 7039
7041 7040
7042 7041
7043 7042
7044 7043
7045 7044
7046 7045
7047 7046
7048 7047
7049 7048
7050 7049
7051 7050
7052 7051
7053 7052
7054 7053
7055 7054
7056 7055
7057 7056
7058 7057
7059 7058
7060 7059
7061 7060
7062 7061
7119 7062
7063 7063
7064 7064
7065 7065
7066 7066
7067 7067
7068 7068
7069 7069
7070 7070
7071 7071
7072 7072
7073 7073
7074 7074
7075 7075
7076 7076
7077 7077
7078 7078
7079 7079
7080 7080
7081 7081
7082 7082
7083 7083
7084 7084
7085 7085
7086 7086
7087 7087
7088 7088
7089 7089
7090 7090
7091 7091
7092 7092
7093 7093
7094 7094
7095 7095
7096 7096
7097 7097
7098 7098
7099 7099
7100 7100
7101 7101
7102 7102
7103 7103
7104 7104
7105 7105
7106 7106
7107 7107
7108 7108
7109 7109
7110 7110
7111 7111
7112 7112
7113 7113
7114 7114
7115 7115
7116 7116
7117 7117
7118 7118
7120 7119
7121 7120
7122 7121
7123 7122
7124 7123
7125 7124
7126 7125
7127 7126
7128 7127
7129 7128
7130 7129
7131 7130
7132 7131
7133 7132
7134 7133
7135 7134
7136 7135
7137 7136
7138 7137
7139 7138
7140 7139
7141 7140
7142 7141
7143 7142
7144 7143
7145 7144
7146 7145
7147 7146
7148 7147
7149 7148
7151 7149
7150 7150
7152 7151
7153 7152
7155 7153
7154 7154
7156 7155
7157 7156
7158 7157
7159 7158
7160 7159
7161 7160
7162 7161
7163 7162
7164 7163
7165 7164
7166 7165
7167 7166
7168 7167
7169 7168
7170 7169
7171 7170
7172 7171
7173 7172
7174 7173
7175 7174
7176 7175
7177 7176
7178 7177
7179 7178
7180 7179
7181 7180
7182 7181
7183 7182
7184 7183
7185 7184
7186 7185
7187 7186
7188 7187
7189 7188
7190 7189
7191 7190
7192 7191
7193 7192
7194 7193
7195 7194
7196 7195
7197 7196
7198 7197
7199 7198
7200 7199
7201 7200
7202 7201
7203 7202
7204 7203
7205 7204
7206 7205
7207 7206
7208 7207
7209 7208
7210 7209
7211 7210
7212 7211
7213 7212
7214 7213
7215 7214
7216 7215
7217 7216
7218 7217
7219 7218
7220 7219
7221 7220
7222 7221
7223 7222
7224 7223
7225 7224
7226 7225
7227 7226
7228 7227
7229 7228
7231 7229
7232 7230
7233 7231
7234 7232
7235 7233
7236 7234
7237 7235
7238 7236
7239 7237
7240 7238
7241 7239
7242 7240
7243 7241
7244 7242
7245 7243
7246 7244
7247 7245
7248 7246
7249 7247
7250 7248
7251 7249
7252 7250
7253 7251
7254 7252
7255 7253
7256 7254
7257 7255
7258 7256
7259 7257
7260 7258
7261 7259
7262 7260
7263 7261
7264 7262
7265 7263
7266 7264
7267 7265
7268 7266
7269 7267
7270 7268
7271 7269
7272 7270
7273 7271
7274 7272
7275 7273
7276 7274
7277 7275
7278 7276
7279 7277
7280 7278
7281 7279
7282 7280
7283 7281
7284 7282
7285 7283
7286 7284
7287 7285
7288 7286
7289 7287
7290 7288
7291 7289
7292 7290
7293 7291
7294 7292
7295 7293
7296 7294
7297 7295
7298 7296
7299 7297
7300 7298
7301 7299
7302 7300
7303 7301
7304 7302
7305 7303
7306 7304
7307 7305
7308 7306
7309 7307
7310 7308
7311 7309
7312 7310
7313 7311
7314 7312
7315 7313
7316 7314
7317 7315
7318 7316
7319 7317
7320 7318
7321 7319
7322 7320
7323 7321
7324 7322
7325 7323
7326 7324
7327 7325
7328 7326
7329 7327
7330 7328
7331 7329
7332 7330
7333 7331
7334 7332
7335 7333
7336 7334
7337 7335
7338 7336
7339 7337
7340 7338
7341 7339
7342 7340
7343 7341
7344 7342
7345 7343
7346 7344
7347 7345
7348 7346
7349 7347
7350 7348
7351 7349
7352 7350
7353 7351
7354 7352
7355 7353
7356 7354
7357 7355
7358 7356
7359 7357
7360 7358
7361 7359
7362 7360
7363 7361
7364 7362
7365 7363
7366 7364
7367 7365
7368 7366
7369 7367
7370 7368
7371 7369
7372 7370
7373 7371
7374 7372
7375 7373
7376 7374
7377 7375
7378 7376
7379 7377
7380 7378
7381 7379
7382 7380
7383 7381
7384 7382
7385 7383
7386 7384
7387 7385
7388 7386
7389 7387
7390 7388
7391 7389
7392 7390
7393 7391
7394 7392
7395 7393
7396 7394
7397 7395
7398 7396
7399 7397
7400 7398
7401 7399
7402 7400
7403 7401
7404 7402
7405 7403
7406 7404
7407 7405
7408 7406
7409 7407
7410 7408
7411 7409
7413 7410
7414 7411
7415 7412
7416 7413
7417 7414
7418 7415
7419 7416
7420 7417
7421 7418
7422 7419
7423 7420
7424 7421
7425 7422
7426 7423
7427 7424
7428 7425
7429 7426
7430 7427
7431 7428
7432 7429
7433 7430
7434 7431
7435 7432
7436 7433
7437 7434
7438 7435
7439 7436
7441 7437
7440 7438
7449 7439
7442 7440
7443 7441
7444 7442
7445 7443
7446 7444
7447 7445
7448 7446
7450 7447
7451 7448
7452 7449
7453 7450
7454 7451
7455 7452
7456 7453
7457 7454
7458 7455
7459 7456
7460 7457
7461 7458
7462 7459
7463 7460
7464 7461
7465 7462
7466 7463
7467 7464
7468 7465
7469 7466
7470 7467
7471 7468
7472 7469
7473 7470
7474 7471
7475 7472
7476 7473
7477 7474
7478 7475
7479 7476
7480 7477
7481 7478
7482 7479
7483 7480
7484 7481
7485 7482
7486 7483
7487 7484
7488 7485
7489 7486
7490 7487
7491 7488
7492 7489
7493 7490
7494 7491
7495 7492
7496 7493
7497 7494
7498 7495
7499 7496
7500 7497
7501 7498
7502 7499
7503 7500
7504 7501
7505 7502
7506 7503
7507 7504
7508 7505
7509 7506
7510 7507
7511 7508
7512 7509
7513 7510
7514 7511
7515 7512
7516 7513
7517 7514
7518 7515
7519 7516
7520 7517
7521 7518
7522 7519
7523 7520
7524 7521
7525 7522
7526 7523
7527 7524
7528 7525
7529 7526
7530 7527
7531 7528
7532 7529
7533 7530
7534 7531
7535 7532
7536 7533
7537 7534
7538 7535
7539 7536
7540 7537
7541 7538
7542 7539
7543 7540
7544 7541
7545 7542
7546 7543
7547 7544
7548 7545
7549 7546
7550 7547
7551 7548
7552 7549
7553 7550
7554 7551
7555 7552
7556 7553
7557 7554
7558 7555
7559 7556
7560 7557
7561 7558
7562 7559
7563 7560
7564 7561
7565 7562
7566 7563
7567 7564
7568 7565
7653 7566
7569 7567
7570 7568
7571 7569
7572 7570
7573 7571
7574 7572
7575 7573
7576 7574
7577 7575
7578 7576
7579 7577
7580 7578
7581 7579
7582 7580
7583 7581
7584 7582
7585 7583
7586 7584
7587 7585
7588 7586
7589 7587
7590 7588
7591 7589
7592 7590
7593 7591
7594 7592
7595 7593
7596 7594
7597 7595
7598 7596
7599 7597
7600 7598
7601 7599
7602 7600
7603 7601
7604 7602
7605 7603
7606 7604
7643 7605
7607 7606
7608 7607
7609 7608
7610 7609
7611 7610
7612 7611
7613 7612
7614 7613
7615 7614
7616 7615
7617 7616
7618 7617
7619 7618
7620 7619
7621 7620
7622 7621
7623 7622
7624 7623
7625 7624
7626 7625
7627 7626
7628 7627
7629 7628
7630 7629
7631 7630
7632 7631
7633 7632
7634 7633
7635 7634
7636 7635
7637 7636
7638 7637
7639 7638
7640 7639
7644 7640
7641 7641
7647 7642
7642 7643
7645 7644
7646 7645
7648 7646
7649 7647
7650 7648
7651 7649
7652 7650
7654 7651
7655 7652
7656 7653
7657 7654
7658 7655
7659 7656
7660 7657
7661 7658
7662 7659
7663 7660
7664 7661
7665 7662
7666 7663
7667 7664
7668 7665
7669 7666
7670 7667
7671 7668
7672 7669
7673 7670
7674 7671
7675 7672
7676 7673
7677 7674
7678 7675
7679 7676
7680 7677
7681 7678
7682 7679
7683 7680
7684 7681
7685 7682
7686 7683
7687 7684
7688 7685
7689 7686
7690 7687
7691 7688
7692 7689
7693 7690
7694 7691
7695 7692
7696 7693
7697 7694
7698 7695
7699 7696
7700 7697
7701 7698
7702 7699
7703 7700
7704 7701
7705 7702
7706 7703
7707 7704
7708 7705
7709 7706
7710 7707
7711 7708
7712 7709
7713 7710
7714 7711
7715 7712
7716 7713
7717 7714
7718 7715
7719 7716
7720 7717
7721 7718
7722 7719
7723 7720
7724 7721
7725 7722
7726 7723
7727 7724
7728 7725
7729 7726
7730 7727
7731 7728
7732 7729
7733 7730
7734 7731
7735 7732
7736 7733
7737 7734
7738 7735
7739 7736
7740 7737
7741 7738
7742 7739
7743 7740
7744 7741
7745 7742
7746 7743
7747 7744
7748 7745
7749 7746
7750 7747
7751 7748
7752 7749
7753 7750
7754 7751
7755 7752
7756 7753
7757 7754
7758 7755
7759 7756
7760 7757
7761 7758
7762 7759
7763 7760
7764 7761
7765 7762
7766 7763
7767 7764
7768 7765
7769 7766
7770 7767
7771 7768
7772 7769
7773 7770
7774 7771
7775 7772
7776 7773
7777 7774
7778 7775
7779 7776
7805 7777
7809 7778
7811 7779
7780 7780
7799 7781
7781 7782
7782 7783
7783 7784
7784 7785
7785 7786
7786 7787
7787 7788
7788 7789
7789 7790
7790 7791
7791 7792
7792 7793
7793 7794
7794 7795
7795 7796
7796 7797
7797 7798
7798 7799
7800 7800
7801 7801
7802 7802
7803 7803
7804 7804
7806 7805
7807 7806
7808 7807
7810 7808
7812 7809
7813 7810
7814 7811
7815 7812
7816 7813
7817 7814
7818 7815
7819 7816
7820 7817
7821 7818
7822 7819
7823 7820
7824 7821
7825 7822
7826 7823
7827 7824
7828 7825
7829 7826
7830 7827
7831 7828
7832 7829
7833 7830
7834 7831
7835 7832
7836 7833
7837 7834
7838 7835
7839 7836
7840 7837
7841 7838
7842 7839
7843 7840
7844 7841
7845 7842
7846 7843
7847 7844
7848 7845
7849 7846
7850 7847
7851 7848
7852 7849
7853 7850
7854 7851
7855 7852
7856 7853
7857 7854
7858 7855
7859 7856
7860 7857
7861 7858
7862 7859
7863 7860
7864 7861
7865 7862
7866 7863
7867 7864
7868 7865
7869 7866
7870 7867
7871 7868
7872 7869
7873 7870
7874 7871
7875 7872
7876 7873
7877 7874
7878 7875
7879 7876
7880 7877
7881 7878
7882 7879
7883 7880
7884 7881
7885 7882
7886 7883
7887 7884
7888 7885
7889 7886
7890 7887
7891 7888
7892 7889
7893 7890
7894 7891
7895 7892
7896 7893
7897 7894
7898 7895
7899 7896
7900 7897
7901 7898
7902 7899
7903 7900
7904 7901
7905 7902
7906 7903
7907 7904
7908 7905
7911 7906
7909 7907
7910 7908
7912 7909
7913 7910
7914 7911
7915 7912
7916 7913
7917 7914
7918 7915
7919 7916
7920 7917
7921 7918
7922 7919
7923 7920
7924 7921
7925 7922
7928 7923
7930 7924
7927 7925
7926 7926
7929 7927
7931 7928
7932 7929
7933 7930
7934 7931
7935 7932
7936 7933
7937 7934
7938 7935
7939 7936
7940 7937
7941 7938
7942 7939
7943 7940
7944 7941
7945 7942
7946 7943
7947 7944
7948 7945
7949 7946
7950 7947
7951 7948
7952 7949
7953 7950
7954 7951
7955 7952
7956 7953
7957 7954
7958 7955
7959 7956
7960 7957
7961 7958
7962 7959
7963 7960
7964 7961
7965 7962
7966 7963
7967 7964
7968 7965
7969 7966
7970 7967
7971 7968
7972 7969
7973 7970
7974 7971
7975 7972
7976 7973
7977 7974
7978 7975
7979 7976
7980 7977
7981 7978
7982 7979
7983 7980
7984 7981
7985 7982
7986 7983
7987 7984
7988 7985
7989 7986
7990 7987
7992 7988
7993 7989
7994 7990
7995 7991
7996 7992
7997 7993
7998 7994
7999 7995
8000 7996
8001 7997
8002 7998
8046 7999
8003 8000
8004 8001
8005 8002
8029 8003
8006 8004
8007 8005
8008 8006
8043 8007
8554 8008
8009 8009
8044 8010
8010 8011
8011 8012
8012 8013
8013 8014
8014 8015
8555 8016
8015 8017
8016 8018
8017 8019
8018 8020
8019 8021
8020 8022
8021 8023
8022 8024
8023 8025
8024 8026
8025 8027
8026 8028
8027 8029
8028 8030
8039 8031
8175 8032
8030 8033
8031 8034
8042 8035
8032 8036
8036 8037
8033 8038
8034 8039
8035 8040
8037 8041
8171 8042
8038 8043
8401 8044
8040 8045
8041 8046
8173 8047
8521 8048
8547 8049
8045 8050
8048 8051
8047 8052
8049 8053
8050 8054
8051 8055
8052 8056
8053 8057
8054 8058
8055 8059
8056 8060
8057 8061
8058 8062
8059 8063
8060 8064
8061 8065
8062 8066
8063 8067
8064 8068
8065 8069
8066 8070
8067 8071
8068 8072
8069 8073
8070 8074
8071 8075
8072 8076
8073 8077
8074 8078
8075 8079
8076 8080
8077 8081
8078 8082
8079 8083
8080 8084
8081 8085
8082 8086
8083 8087
8084 8088
8090 8089
8092 8090
8088 8091
8091 8092
8085 8093
8086 8094
8087 8095
8089 8096
8093 8097
8094 8098
8095 8099
8096 8100
8097 8101
8098 8102
8099 8103
8100 8104
8101 8105
8102 8106
8103 8107
8104 8108
8105 8109
8106 8110
8107 8111
8108 8112
8109 8113
8110 8114
8111 8115
8112 8116
8113 8117
8114 8118
8115 8119
8116 8120
8117 8121
8118 8122
8119 8123
8120 8124
8121 8125
8122 8126
8123 8127
8124 8128
8125 8129
8126 8130
8127 8131
8559 8132
8128 8133
8129 8134
8130 8135
8131 8136
8132 8137
8133 8138
8134 8139
8135 8140
8136 8141
8137 8142
8138 8143
8139 8144
8140 8145
8141 8146
8142 8147
8143 8148
8144 8149
8145 8150
8146 8151
8147 8152
8148 8153
8149 8154
8150 8155
8151 8156
8152 8157
8153 8158
8154 8159
8155 8160
8156 8161
8157 8162
8158 8163
8159 8164
8160 8165
8161 8166
8162 8167
8163 8168
8164 8169
8165 8170
8166 8171
8167 8172
8168 8173
8169 8174
8170 8175
8546 8176
8539 8177
8172 8178
8174 8179
8176 8180
8177 8181
8178 8182
8179 8183
8180 8184
8181 8185
8182 8186
8183 8187
8184 8188
8185 8189
8186 8190
8187 8191
8188 8192
8189 8193
8190 8194
8191 8195
8192 8196
8193 8197
8194 8198
8195 8199
8196 8200
8197 8201
8198 8202
8199 8203
8200 8204
8201 8205
8202 8206
8203 8207
8204 8208
8205 8209
8206 8210
8207 8211
8208 8212
8209 8213
8210 8214
8211 8215
8212 8216
8213 8217
8315 8218
8214 8219
8215 8220
8216 8221
8217 8222
8218 8223
8219 8224
8220 8225
8221 8226
8222 8227
8223 8228
8224 8229
8225 8230
8226 8231
8227 8232
8228 8233
8229 8234
8230 8235
8231 8236
8232 8237
8233 8238
8234 8239
8235 8240
8236 8241
8237 8242
8238 8243
8239 8244
8240 8245
8241 8246
8403 8247
8242 8248
8243 8249
8244 8250
8245 8251
8246 8252
8247 8253
8248 8254
8249 8255
8250 8256
8259 8257
8605 8258
8251 8259
8252 8260
8253 8261
8254 8262
8255 8263
8256 8264
8257 8265
8258 8266
8260 8267
8261 8268
8262 8269
8263 8270
8264 8271
8265 8272
8266 8273
8267 8274
8268 8275
8269 8276
8270 8277
8271 8278
8272 8279
8273 8280
8274 8281
8275 8282
8276 8283
8277 8284
8278 8285
8279 8286
8280 8287
8281 8288
8282 8289
8283 8290
8284 8291
8285 8292
8286 8293
8287 8294
8288 8295
8289 8296
8290 8297
8390 8298
8291 8299
8292 8300
8293 8301
8294 8302
8295 8303
8296 8304
8297 8305
8298 8306
8299 8307
8300 8308
8301 8309
8302 8310
8303 8311
8304 8312
8305 8313
8306 8314
8307 8315
8308 8316
8309 8317
8310 8318
8311 8319
8312 8320
8313 8321
8314 8322
8316 8323
8317 8324
8318 8325
8319 8326
8320 8327
8548 8328
8321 8329
8322 8330
8323 8331
8324 8332
8325 8333
8326 8334
8327 8335
8328 8336
8329 8337
8330 8338
8331 8339
8332 8340
8333 8341
8334 8342
8336 8343
8335 8344
8337 8345
8338 8346
8339 8347
8340 8348
8341 8349
8342 8350
8343 8351
8344 8352
8345 8353
8480 8354
8346 8355
8347 8356
8348 8357
8349 8358
8350 8359
8351 8360
8352 8361
8353 8362
8354 8363
8365 8364
8355 8365
8356 8366
8357 8367
8537 8368
8358 8369
8359 8370
8360 8371
8361 8372
8362 8373
8363 8374
8364 8375
8366 8376
8367 8377
8368 8378
8369 8379
8370 8380
8371 8381
8372 8382
8373 8383
8374 8384
8375 8385
8376 8386
8377 8387
8402 8388
8378 8389
8379 8390
8380 8391
8381 8392
8382 8393
8383 8394
8384 8395
8385 8396
8386 8397
8387 8398
8388 8399
8389 8400
8400 8401
8391 8402
8392 8403
8393 8404
8394 8405
8395 8406
8396 8407
8397 8408
8398 8409
8399 8410
8465 8411
8404 8412
8405 8413
8406 8414
8407 8415
8408 8416
8409 8417
8410 8418
8411 8419
8412 8420
8413 8421
8414 8422
8474 8423
8415 8424
8416 8425
8417 8426
8418 8427
8419 8428
8420 8429
8421 8430
8422 8431
8423 8432
8424 8433
8425 8434
8426 8435
8427 8436
8428 8437
8429 8438
8430 8439
8431 8440
8432 8441
8433 8442
8434 8443
8435 8444
8436 8445
8437 8446
8438 8447
8439 8448
8440 8449
8441 8450
8442 8451
8443 8452
8444 8453
8445 8454
8446 8455
8447 8456
8448 8457
8449 8458
8450 8459
8451 8460
8452 8461
8478 8462
8453 8463
8454 8464
8536 8465
8455 8466
8456 8467
8457 8468
8458 8469
8459 8470
8460 8471
8461 8472
8462 8473
8463 8474
8464 8475
8466 8476
8467 8477
8468 8478
8469 8479
8470 8480
8471 8481
8472 8482
8473 8483
8475 8484
8476 8485
8477 8486
8479 8487
8481 8488
8482 8489
8517 8490
8483 8491
8484 8492
8485 8493
8486 8494
8487 8495
8488 8496
8489 8497
8490 8498
8491 8499
8492 8500
8493 8501
8494 8502
8495 8503
8496 8504
8497 8505
8498 8506
8499 8507
8500 8508
8501 8509
8502 8510
8503 8511
8504 8512
8505 8513
8506 8514
8507 8515
8508 8516
8509 8517
8510 8518
8511 8519
8512 8520
8513 8521
8514 8522
8515 8523
8516 8524
8518 8525
8519 8526
8520 8527
8522 8528
8523 8529
8524 8530
8525 8531
8526 8532
8527 8533
8528 8534
8529 8535
8530 8536
8531 8537
8532 8538
8533 8539
8534 8540
8535 8541
8538 8542
8540 8543
8541 8544
8542 8545
8543 8546
8544 8547
8545 8548
8549 8549
8550 8550
8551 8551
8552 8552
8553 8553
8556 8554
8557 8555
8558 8556
8560 8557
8561 8558
8562 8559
8563 8560
8564 8561
8565 8562
8566 8563
8567 8564
8568 8565
8569 8566
8570 8567
8571 8568
8572 8569
8573 8570
8574 8571
8575 8572
8576 8573
8577 8574
8578 8575
8579 8576
8580 8577
8581 8578
8582 8579
8583 8580
8584 8581
8585 8582
8586 8583
8587 8584
8588 8585
8589 8586
8590 8587
8591 8588
8592 8589
8593 8590
8594 8591
8595 8592
8596 8593
8597 8594
8598 8595
8599 8596
8600 8597
8601 8598
8602 8599
8603 8600
8604 8601
8606 8602
8607 8603
8608 8604
8609 8605
8610 8606
8611 8607
8612 8608
8613 8609
8614 8610
8615 8611
