0 1
1 0
2 12
3 18
4 3
5 4
6 5
7 2
8 19
9 6
10 7
11 47
12 8
13 54
14 9
15 65
16 10
17 11
18 76
19 77
20 13
21 79
22 14
23 80
24 15
25 16
26 17
27 104
28 105
29 108
30 20
31 21
32 109
33 22
34 111
35 23
36 112
37 24
38 115
39 25
40 26
41 27
42 28
43 29
44 116
45 30
46 31
47 32
48 33
49 34
50 138
51 35
52 151
53 36
54 37
55 38
56 39
57 40
58 41
59 42
60 43
61 155
62 44
63 45
64 165
65 46
66 110
67 185
68 193
69 48
70 49
71 195
72 50
73 51
74 198
75 52
76 53
77 208
78 235
79 55
80 56
81 57
82 58
83 59
84 60
85 61
86 260
87 62
88 63
89 64
90 261
91 275
92 66
93 300
94 67
95 301
96 68
97 302
98 69
99 303
100 70
101 71
102 73
103 320
104 72
105 348
106 74
107 75
108 353
109 355
110 356
111 78
112 357
113 380
114 379
115 391
116 81
117 399
118 82
119 83
120 84
121 85
122 400
123 86
124 422
125 87
126 88
127 476
128 89
129 479
130 90
131 91
132 92
133 480
134 93
135 94
136 494
137 95
138 496
139 96
140 97
141 98
142 99
143 101
144 522
145 100
146 102
147 526
148 103
149 528
150 551
151 106
152 552
153 107
154 553
155 579
156 583
157 641
158 113
159 114
160 642
161 350
162 643
163 692
164 117
165 118
166 119
167 120
168 121
169 122
170 123
171 124
172 125
173 126
174 127
175 128
176 129
177 694
178 130
179 131
180 702
181 132
182 133
183 134
184 703
185 135
186 136
187 704
188 137
189 713
190 717
191 139
192 140
193 141
194 142
195 143
196 144
197 145
198 146
199 718
200 147
201 148
202 149
203 150
204 719
205 152
206 153
207 720
208 154
209 721
210 743
211 156
212 157
213 158
214 159
215 744
216 160
217 161
218 162
219 163
220 747
221 164
222 758
223 759
224 166
225 765
226 167
227 168
228 169
229 170
230 171
231 172
232 173
233 174
234 175
235 176
236 177
237 178
238 179
239 180
240 181
241 182
242 183
243 184
244 766
245 186
246 187
247 188
248 189
249 767
250 190
251 191
252 192
253 370
254 770
255 769
256 779
257 194
258 794
259 196
260 823
261 197
262 847
263 850
264 199
265 200
266 201
267 202
268 203
269 204
270 851
271 205
272 206
273 207
274 209
275 210
276 211
277 212
278 213
279 214
280 861
281 215
282 216
283 217
284 218
285 219
286 220
287 221
288 222
289 223
290 867
291 224
292 868
293 225
294 226
295 227
296 228
297 229
298 230
299 869
300 231
301 232
302 878
303 233
304 234
305 879
306 343
307 240
308 236
309 237
310 238
311 239
312 880
313 241
314 242
315 243
316 244
317 245
318 246
319 247
320 248
321 249
322 250
323 251
324 252
325 886
326 253
327 255
328 888
329 254
330 256
331 889
332 257
333 258
334 259
335 262
336 895
337 263
338 264
339 265
340 266
341 267
342 268
343 269
344 270
345 271
346 272
347 273
348 274
349 896
350 276
351 277
352 278
353 279
354 280
355 281
356 282
357 283
358 284
359 285
360 901
361 286
362 287
363 288
364 902
365 289
366 290
367 903
368 291
369 292
370 293
371 904
372 294
373 295
374 296
375 297
376 298
377 907
378 299
379 908
380 909
381 916
382 304
383 305
384 306
385 307
386 308
387 309
388 310
389 311
390 312
391 313
392 314
393 917
394 315
395 929
396 316
397 943
398 317
399 318
400 319
401 944
402 321
403 958
404 322
405 959
406 323
407 324
408 325
409 326
410 968
411 327
412 976
413 328
414 982
415 329
416 330
417 331
418 332
419 333
420 334
421 335
422 336
423 337
424 338
425 339
426 340
427 341
428 993
429 342
430 1000
431 344
432 345
433 346
434 347
435 1008
436 1020
437 349
438 1027
439 1028
440 351
441 352
442 1029
443 705
444 354
445 801
446 1030
447 1032
448 1033
449 358
450 359
451 360
452 361
453 362
454 363
455 364
456 365
457 1034
458 366
459 367
460 368
461 369
462 1041
463 371
464 372
465 373
466 1060
467 374
468 1061
469 638
470 375
471 1076
472 376
473 1079
474 377
475 378
476 1080
477 381
478 382
479 1081
480 383
481 1091
482 384
483 385
484 386
485 1101
486 387
487 388
488 389
489 390
490 1102
491 392
492 1103
493 393
494 394
495 395
496 1110
497 396
498 397
499 1117
500 398
501 1119
502 1193
503 1212
504 401
505 1225
506 402
507 1230
508 403
509 404
510 405
511 1240
512 406
513 407
514 1241
515 408
516 1249
517 409
518 410
519 411
520 412
521 413
522 414
523 415
524 1250
525 416
526 417
527 418
528 419
529 420
530 421
531 1254
532 423
533 424
534 1259
535 425
536 426
537 427
538 1261
539 428
540 429
541 430
542 1262
543 431
544 1263
545 432
546 1270
547 433
548 1274
549 434
550 435
551 1275
552 436
553 437
554 438
555 439
556 440
557 442
558 1277
559 441
560 443
561 444
562 445
563 446
564 447
565 448
566 449
567 450
568 1278
569 451
570 1279
571 452
572 453
573 454
574 1280
575 1258
576 455
577 456
578 1293
579 457
580 458
581 459
582 460
583 461
584 462
585 463
586 464
587 1294
588 465
589 466
590 467
591 468
592 469
593 470
594 1297
595 471
596 1298
597 472
598 1315
599 473
600 474
601 475
602 1326
603 1327
604 477
605 1330
606 478
607 1333
608 1340
609 1354
610 481
611 482
612 1362
613 483
614 484
615 485
616 486
617 1363
618 487
619 488
620 489
621 490
622 491
623 492
624 1364
625 493
626 1372
627 1390
628 495
629 1434
630 497
631 1463
632 963
633 962
634 498
635 1466
636 499
637 1469
638 500
639 501
640 502
641 503
642 504
643 505
644 1473
645 506
646 507
647 508
648 509
649 1474
650 510
651 511
652 1516
653 512
654 513
655 1517
656 514
657 515
658 1518
659 521
660 516
661 517
662 518
663 519
664 520
665 1519
666 524
667 523
668 1569
669 525
670 1575
671 527
672 1617
673 529
674 530
675 531
676 532
677 533
678 534
679 535
680 1619
681 536
682 1620
683 537
684 538
685 539
686 540
687 1622
688 541
689 542
690 543
691 544
692 545
693 546
694 547
695 548
696 549
697 550
698 1624
699 555
700 554
701 556
702 1625
703 1626
704 1627
705 557
706 1628
707 558
708 1632
709 559
710 1651
711 560
712 561
713 562
714 563
715 564
716 565
717 1654
718 566
719 567
720 1655
721 568
722 569
723 570
724 571
725 572
726 1659
727 573
728 574
729 1660
730 575
731 576
732 1668
733 577
734 578
735 1673
736 580
737 581
738 1689
739 1371
740 582
741 1690
742 1700
743 584
744 585
745 586
746 587
747 588
748 589
749 590
750 591
751 592
752 593
753 594
754 595
755 596
756 597
757 1702
758 598
759 1703
760 599
761 600
762 601
763 602
764 603
765 1704
766 604
767 605
768 606
769 607
770 1709
771 608
772 609
773 610
774 611
775 612
776 613
777 614
778 1713
779 615
780 616
781 1714
782 617
783 1716
784 618
785 619
786 620
787 1718
788 621
789 1719
790 622
791 623
792 1721
793 624
794 1725
795 625
796 626
797 627
798 628
799 629
800 630
801 631
802 632
803 1726
804 633
805 634
806 635
807 1727
808 636
809 637
810 1728
811 1731
812 639
813 1732
814 640
815 1738
816 1740
817 644
818 1743
819 645
820 646
821 647
822 1744
823 648
824 1790
825 649
826 1817
827 650
828 651
829 652
830 1819
831 653
832 1829
833 654
834 655
835 1830
836 656
837 1831
838 657
839 658
840 659
841 660
842 1837
843 661
844 662
845 663
846 1838
847 664
848 1839
849 665
850 666
851 667
852 668
853 669
854 670
855 1840
856 671
857 672
858 673
859 674
860 675
861 676
862 1841
863 677
864 1884
865 678
866 1886
867 1885
868 1878
869 679
870 680
871 681
872 1891
873 682
874 683
875 684
876 1894
877 685
878 686
879 687
880 688
881 689
882 690
883 691
884 1898
885 1939
886 693
887 973
888 1943
889 1963
890 695
891 696
892 697
893 698
894 699
895 2056
896 700
897 701
898 2081
899 2082
900 2089
901 2157
902 2174
903 706
904 707
905 708
906 2192
907 709
908 710
909 711
910 712
911 2196
912 714
913 2228
914 715
915 716
916 2230
917 2236
918 2229
919 2275
920 1448
921 2300
922 2308
923 722
924 723
925 724
926 725
927 780
928 2349
929 726
930 2400
931 727
932 728
933 2408
934 729
935 730
936 731
937 732
938 733
939 734
940 735
941 736
942 737
943 738
944 739
945 740
946 2415
947 741
948 742
949 2438
950 2440
951 2481
952 745
953 2541
954 746
955 2551
956 2579
957 748
958 749
959 750
960 751
961 752
962 2601
963 753
964 2613
965 754
966 755
967 756
968 2614
969 757
970 2615
971 2618
972 2619
973 760
974 2620
975 761
976 762
977 2621
978 763
979 764
980 2461
981 2623
982 2641
983 2646
984 768
985 2647
986 771
987 772
988 773
989 774
990 775
991 2648
992 776
993 777
994 2653
995 778
996 2674
997 945
998 2696
999 781
1000 782
1001 783
1002 2711
1003 784
1004 2717
1005 785
1006 786
1007 787
1008 788
1009 789
1010 790
1011 791
1012 792
1013 793
1014 2718
1015 795
1016 796
1017 797
1018 798
1019 799
1020 800
1021 803
1022 802
1023 804
1024 2719
1025 805
1026 2720
1027 806
1028 807
1029 2721
1030 808
1031 809
1032 2722
1033 810
1034 811
1035 812
1036 813
1037 814
1038 2730
1039 815
1040 816
1041 2795
1042 817
1043 2829
1044 818
1045 819
1046 820
1047 821
1048 822
1049 2855
1050 824
1051 825
1052 826
1053 2876
1054 827
1055 2877
1056 828
1057 829
1058 830
1059 831
1060 832
1061 833
1062 834
1063 835
1064 836
1065 837
1066 2878
1067 838
1068 839
1069 840
1070 2879
1071 841
1072 2917
1073 842
1074 1793
1075 2918
1076 843
1077 2938
1078 844
1079 845
1080 846
1081 2940
1082 2941
1083 848
1084 849
1085 2979
1086 2980
1087 3021
1088 852
1089 853
1090 854
1091 855
1092 856
1093 857
1094 858
1095 859
1096 3036
1097 860
1098 3079
1099 3080
1100 3108
1101 862
1102 863
1103 864
1104 865
1105 866
1106 3109
1107 3114
1108 2796
1109 3124
1110 1946
1111 3151
1112 870
1113 871
1114 872
1115 3162
1116 873
1117 3168
1118 874
1119 875
1120 876
1121 3172
1122 877
1123 1629
1124 3200
1125 3464
1126 3463
1127 3465
1128 3466
1129 3507
1130 881
1131 3520
1132 882
1133 3522
1134 883
1135 884
1136 885
1137 3567
1138 3568
1139 887
1140 3569
1141 890
1142 891
1143 892
1144 3573
1145 893
1146 894
1147 3584
1148 3660
1149 3674
1150 897
1151 3675
1152 898
1153 899
1154 900
1155 3700
1156 1671
1157 3743
1158 1664
1159 905
1160 906
1161 3748
1162 3752
1163 910
1164 3767
1165 911
1166 3836
1167 912
1168 913
1169 3837
1170 914
1171 915
1172 3862
1173 3874
1174 3938
1175 918
1176 919
1177 3959
1178 920
1179 4020
1180 921
1181 922
1182 923
1183 924
1184 925
1185 926
1186 4023
1187 927
1188 928
1189 4024
1190 4036
1191 930
1192 931
1193 932
1194 933
1195 934
1196 935
1197 4037
1198 936
1199 937
1200 4038
1201 938
1202 939
1203 940
1204 941
1205 942
1206 4048
1207 4057
1208 946
1209 947
1210 948
1211 949
1212 950
1213 951
1214 952
1215 953
1216 954
1217 4059
1218 955
1219 4072
1220 956
1221 957
1222 971
1223 972
1224 1420
1225 970
1226 969
1227 2200
1228 1049
1229 2506
1230 4073
1231 4075
1232 2311
1233 4084
1234 960
1235 961
1236 4098
1237 964
1238 965
1239 4114
1240 966
1241 967
1242 4115
1243 1342
1244 997
1245 974
1246 975
1247 4134
1248 3676
1249 4160
1250 977
1251 978
1252 979
1253 980
1254 981
1255 4168
1256 2097
1257 4174
1258 983
1259 984
1260 985
1261 986
1262 1023
1263 4209
1264 987
1265 988
1266 989
1267 990
1268 4213
1269 991
1270 992
1271 4214
1272 4228
1273 994
1274 995
1275 996
1276 1944
1277 2640
1278 4229
1279 998
1280 999
1281 2683
1282 4234
1283 4241
1284 1001
1285 4248
1286 1002
1287 1003
1288 4249
1289 1004
1290 1005
1291 1006
1292 4250
1293 1007
1294 4251
1295 1009
1296 1010
1297 1011
1298 1012
1299 1013
1300 1014
1301 1015
1302 1016
1303 1017
1304 1018
1305 4252
1306 1019
1307 4253
1308 1021
1309 4260
1310 1022
1311 4262
1312 4268
1313 1024
1314 4269
1315 4254
1316 1791
1317 1026
1318 1025
1319 4270
1320 4271
1321 4272
1322 4282
1323 1031
1324 4284
1325 4231
1326 4230
1327 4285
1328 2214
1329 1035
1330 1036
1331 4286
1332 1037
1333 1038
1334 4287
1335 1039
1336 1040
1337 1734
1338 4290
1339 4337
1340 1042
1341 1043
1342 1044
1343 1045
1344 1046
1345 1047
1346 4371
1347 1048
1348 1050
1349 1051
1350 1052
1351 1053
1352 1054
1353 1055
1354 1056
1355 1057
1356 1058
1357 1059
1358 4383
1359 4387
1360 4403
1361 1062
1362 1063
1363 1064
1364 1065
1365 1066
1366 1067
1367 4404
1368 1068
1369 1069
1370 1070
1371 4426
1372 1071
1373 4428
1374 1072
1375 1073
1376 4456
1377 1074
1378 1075
1379 4464
1380 1296
1381 1077
1382 4551
1383 1078
1384 4552
1385 4591
1386 4600
1387 1082
1388 1083
1389 1084
1390 1085
1391 1086
1392 1087
1393 1088
1394 1089
1395 1090
1396 4648
1397 4738
1398 1092
1399 1093
1400 1094
1401 1095
1402 1096
1403 4739
1404 1097
1405 1098
1406 1099
1407 1100
1408 4740
1409 1198
1410 4741
1411 4748
1412 4785
1413 1104
1414 4787
1415 1105
1416 1106
1417 1107
1418 1108
1419 1109
1420 4788
1421 4886
1422 1111
1423 4894
1424 1112
1425 1113
1426 1114
1427 1115
1428 1116
1429 4895
1430 2265
1431 4913
1432 1118
1433 4914
1434 4915
1435 1120
1436 4916
1437 1121
1438 1122
1439 1123
1440 1124
1441 1125
1442 1126
1443 1127
1444 1128
1445 1129
1446 1130
1447 1131
1448 4919
1449 1132
1450 1133
1451 1134
1452 1135
1453 1136
1454 1137
1455 4920
1456 1138
1457 1139
1458 1140
1459 1141
1460 1142
1461 1143
1462 1144
1463 1145
1464 1146
1465 1147
1466 1148
1467 1149
1468 1150
1469 1151
1470 4921
1471 1152
1472 1153
1473 1154
1474 1155
1475 4922
1476 1156
1477 1157
1478 1158
1479 1159
1480 4923
1481 1160
1482 1161
1483 4955
1484 1162
1485 1163
1486 4958
1487 1164
1488 1165
1489 4959
1490 1166
1491 1167
1492 4961
1493 1168
1494 1169
1495 1170
1496 1171
1497 4991
1498 1172
1499 1173
1500 1174
1501 1175
1502 4992
1503 1176
1504 1177
1505 1178
1506 4994
1507 1179
1508 4995
1509 1180
1510 1181
1511 1182
1512 4997
1513 1183
1514 1184
1515 1185
1516 1186
1517 1187
1518 1188
1519 1189
1520 4999
1521 1190
1522 1191
1523 1192
1524 5005
1525 1194
1526 1195
1527 1196
1528 1197
1529 5007
1530 1199
1531 1200
1532 1201
1533 5008
1534 1202
1535 5009
1536 1203
1537 5010
1538 1204
1539 5033
1540 1205
1541 5049
1542 1206
1543 1207
1544 1208
1545 1209
1546 5066
1547 1210
1548 1211
1549 5068
1550 1697
1551 5151
1552 1213
1553 1214
1554 5152
1555 1215
1556 1216
1557 5160
1558 1217
1559 5161
1560 1218
1561 1219
1562 1220
1563 5165
1564 1221
1565 5170
1566 1222
1567 1223
1568 1224
1569 3038
1570 5171
1571 5188
1572 1226
1573 1227
1574 1228
1575 1229
1576 1232
1577 1231
1578 5189
1579 4370
1580 1233
1581 1234
1582 1235
1583 5195
1584 1236
1585 1237
1586 1238
1587 1239
1588 5235
1589 3302
1590 5238
1591 4289
1592 5253
1593 1242
1594 1243
1595 1244
1596 1245
1597 1246
1598 1247
1599 1248
1600 5260
1601 4117
1602 4147
1603 5292
1604 5301
1605 1251
1606 5303
1607 1252
1608 5347
1609 1253
1610 5348
1611 5349
1612 5353
1613 1255
1614 1256
1615 1257
1616 5394
1617 5392
1618 1822
1619 5393
1620 5400
1621 2185
1622 4099
1623 5456
1624 1480
1625 1260
1626 5478
1627 5533
1628 2281
1629 5534
1630 1264
1631 5535
1632 1265
1633 1266
1634 1267
1635 5546
1636 1268
1637 1269
1638 5658
1639 1271
1640 1272
1641 5659
1642 1273
1643 4232
1644 1949
1645 5671
1646 3873
1647 2186
1648 4175
1649 3583
1650 5675
1651 5715
1652 1276
1653 5754
1654 2629
1655 5768
1656 5778
1657 3677
1658 5784
1659 4031
1660 5791
1661 1281
1662 1282
1663 1283
1664 1284
1665 5792
1666 1285
1667 1286
1668 5793
1669 1287
1670 1288
1671 1289
1672 1290
1673 5806
1674 1291
1675 5837
1676 1292
1677 5882
1678 1295
1679 2929
1680 1299
1681 1300
1682 1301
1683 1302
1684 1303
1685 1304
1686 1305
1687 1306
1688 1307
1689 1308
1690 1309
1691 1310
1692 1311
1693 1312
1694 1313
1695 1314
1696 3575
1697 5326
1698 1316
1699 1317
1700 1318
1701 1319
1702 1320
1703 1321
1704 1322
1705 1323
1706 1324
1707 1325
1708 4163
1709 1328
1710 1720
1711 1329
1712 1332
1713 1331
1714 1334
1715 1335
1716 1336
1717 1337
1718 1338
1719 1339
1720 1341
1721 1343
1722 1344
1723 1345
1724 1346
1725 1347
1726 1348
1727 1349
1728 1350
1729 1351
1730 1352
1731 1353
1732 1355
1733 1356
1734 1357
1735 1358
1736 1359
1737 1360
1738 1361
1739 2176
1740 1365
1741 1366
1742 1367
1743 1368
1744 1369
1745 1370
1746 1373
1747 1374
1748 1375
1749 1376
1750 1377
1751 1378
1752 1379
1753 1380
1754 1381
1755 1382
1756 1383
1757 1384
1758 1385
1759 1386
1760 1821
1761 1387
1762 1388
1763 1389
1764 1567
1765 4137
1766 1391
1767 1392
1768 4430
1769 1393
1770 1394
1771 1395
1772 1396
1773 1397
1774 1398
1775 1399
1776 1400
1777 1401
1778 1402
1779 1403
1780 1404
1781 1405
1782 1406
1783 1407
1784 1408
1785 1409
1786 1410
1787 1411
1788 1412
1789 1413
1790 1414
1791 1415
1792 1416
1793 1417
1794 1418
1795 2491
1796 3717
1797 1768
1798 4090
1799 4058
1800 1419
1801 1421
1802 1422
1803 1423
1804 1424
1805 1425
1806 1426
1807 1427
1808 1428
1809 1429
1810 1430
1811 1431
1812 1432
1813 1433
1814 1435
1815 1436
1816 1437
1817 1438
1818 1439
1819 1440
1820 1441
1821 1442
1822 1443
1823 1444
1824 1445
1825 1446
1826 1447
1827 1449
1828 1450
1829 1451
1830 1452
1831 1453
1832 1454
1833 1455
1834 1456
1835 1457
1836 1458
1837 1459
1838 1460
1839 1461
1840 1462
1841 1464
1842 1465
1843 1467
1844 1468
1845 4148
1846 1470
1847 1471
1848 1472
1849 5012
1850 2497
1851 1475
1852 1476
1853 1477
1854 1478
1855 1479
1856 2833
1857 1481
1858 1482
1859 1483
1860 1484
1861 1485
1862 1486
1863 1487
1864 1488
1865 1489
1866 1490
1867 1491
1868 1492
1869 1493
1870 1494
1871 1495
1872 1496
1873 1497
1874 1498
1875 1499
1876 1500
1877 1501
1878 1502
1879 1503
1880 1504
1881 1505
1882 1506
1883 1507
1884 1508
1885 1509
1886 1510
1887 1511
1888 1512
1889 1513
1890 1514
1891 1515
1892 3099
1893 5587
1894 1520
1895 1521
1896 1522
1897 1523
1898 1524
1899 1525
1900 1526
1901 1527
1902 1528
1903 1529
1904 1530
1905 1531
1906 1532
1907 1533
1908 1534
1909 1535
1910 1536
1911 1537
1912 1538
1913 1539
1914 1540
1915 1541
1916 1542
1917 1543
1918 1544
1919 1545
1920 1546
1921 1547
1922 1548
1923 1549
1924 1550
1925 1551
1926 1552
1927 1553
1928 1554
1929 1555
1930 1556
1931 1557
1932 1558
1933 1559
1934 1560
1935 1561
1936 1562
1937 1563
1938 1564
1939 1565
1940 1566
1941 1568
1942 1570
1943 1571
1944 1572
1945 1573
1946 1574
1947 1576
1948 1577
1949 1578
1950 1579
1951 1580
1952 1581
1953 1582
1954 1583
1955 1584
1956 1585
1957 1586
1958 1587
1959 1588
1960 1589
1961 1590
1962 1591
1963 1592
1964 1593
1965 1594
1966 1595
1967 1596
1968 1597
1969 1598
1970 1599
1971 1600
1972 1601
1973 1602
1974 1603
1975 1604
1976 1605
1977 1606
1978 1607
1979 1608
1980 1609
1981 1610
1982 1611
1983 1612
1984 1613
1985 1614
1986 1615
1987 1616
1988 1618
1989 3229
1990 1621
1991 1623
1992 1630
1993 1631
1994 1633
1995 1634
1996 1635
1997 1636
1998 1637
1999 1638
2000 1639
2001 1640
2002 1641
2003 1642
2004 1643
2005 1644
2006 1645
2007 1646
2008 1647
2009 1648
2010 1649
2011 1650
2012 1652
2013 1653
2014 1656
2015 1657
2016 1658
2017 1681
2018 1661
2019 1662
2020 1663
2021 4487
2022 1665
2023 1666
2024 1667
2025 5741
2026 4488
2027 1669
2028 1670
2029 1672
2030 1763
2031 1674
2032 1675
2033 1676
2034 1677
2035 1678
2036 1679
2037 1680
2038 1682
2039 1683
2040 1684
2041 1685
2042 1686
2043 1687
2044 1688
2045 1691
2046 1692
2047 1693
2048 1694
2049 1695
2050 1696
2051 1698
2052 1699
2053 3645
2054 5493
2055 4321
2056 2005
2057 1701
2058 4039
2059 5744
2060 4044
2061 3872
2062 1705
2063 1706
2064 1707
2065 1708
2066 3900
2067 1710
2068 1711
2069 1712
2070 1715
2071 1914
2072 4597
2073 2437
2074 1915
2075 3173
2076 1717
2077 1775
2078 4973
2079 2199
2080 2201
2081 2111
2082 1722
2083 1723
2084 1724
2085 5162
2086 1729
2087 4998
2088 1730
2089 1733
2090 1735
2091 1736
2092 1737
2093 1739
2094 1741
2095 1742
2096 2920
2097 1745
2098 1746
2099 1747
2100 1748
2101 1749
2102 1750
2103 1751
2104 1752
2105 1753
2106 1754
2107 1755
2108 1756
2109 1757
2110 1758
2111 1759
2112 1760
2113 1761
2114 1762
2115 1764
2116 1765
2117 1766
2118 1767
2119 1769
2120 1770
2121 4960
2122 2538
2123 1771
2124 1772
2125 1773
2126 1774
2127 1776
2128 1777
2129 1778
2130 1779
2131 1780
2132 1781
2133 1782
2134 1783
2135 1784
2136 1785
2137 1786
2138 1787
2139 1788
2140 1789
2141 1792
2142 1794
2143 1795
2144 1796
2145 1797
2146 1798
2147 1799
2148 1800
2149 1801
2150 1802
2151 1803
2152 1804
2153 1805
2154 1806
2155 1807
2156 1808
2157 1809
2158 1810
2159 1811
2160 1812
2161 1813
2162 1814
2163 1815
2164 1816
2165 2883
2166 5772
2167 1818
2168 1820
2169 1823
2170 1824
2171 1825
2172 1826
2173 1828
2174 1827
2175 3631
2176 2568
2177 1832
2178 1833
2179 1834
2180 1835
2181 1836
2182 3206
2183 5431
2184 4790
2185 4789
2186 1880
2187 1842
2188 1843
2189 1844
2190 1845
2191 1846
2192 1847
2193 1848
2194 1849
2195 1850
2196 1851
2197 1852
2198 1853
2199 1854
2200 1855
2201 1856
2202 1857
2203 1858
2204 1859
2205 1860
2206 1861
2207 1862
2208 1863
2209 1864
2210 1865
2211 1866
2212 1867
2213 1868
2214 1869
2215 1870
2216 1871
2217 1873
2218 1872
2219 1874
2220 1875
2221 1876
2222 1877
2223 4744
2224 4742
2225 1879
2226 1881
2227 1882
2228 1883
2229 1887
2230 1888
2231 1889
2232 1890
2233 1892
2234 1893
2235 1897
2236 5641
2237 1896
2238 5649
2239 1895
2240 1899
2241 1900
2242 1901
2243 1902
2244 1903
2245 1904
2246 1905
2247 1906
2248 1907
2249 1908
2250 1909
2251 1910
2252 3640
2253 1911
2254 1913
2255 1912
2256 1916
2257 1917
2258 1918
2259 1919
2260 1920
2261 1921
2262 1922
2263 1923
2264 1924
2265 1925
2266 1926
2267 1927
2268 1928
2269 1929
2270 1930
2271 1931
2272 1932
2273 1933
2274 1934
2275 1935
2276 1936
2277 1937
2278 1938
2279 2856
2280 1940
2281 1941
2282 1942
2283 1945
2284 1947
2285 1948
2286 1950
2287 1951
2288 1952
2289 1953
2290 1954
2291 1955
2292 1956
2293 1957
2294 1958
2295 1959
2296 1960
2297 1961
2298 1962
2299 4126
2300 1964
2301 1965
2302 1966
2303 1967
2304 1968
2305 1969
2306 1970
2307 1971
2308 1972
2309 1973
2310 1974
2311 1975
2312 1976
2313 1977
2314 1978
2315 1979
2316 1980
2317 1981
2318 1982
2319 1983
2320 1984
2321 1985
2322 1986
2323 1987
2324 1988
2325 1989
2326 1990
2327 1991
2328 1992
2329 1993
2330 1994
2331 1995
2332 1996
2333 1997
2334 1998
2335 1999
2336 2000
2337 2001
2338 2002
2339 2003
2340 2004
2341 2006
2342 2007
2343 2008
2344 2009
2345 2010
2346 2011
2347 2012
2348 2013
2349 2014
2350 2015
2351 2016
2352 2017
2353 2018
2354 2019
2355 2020
2356 2021
2357 2022
2358 2023
2359 2024
2360 2025
2361 2026
2362 2027
2363 2028
2364 2029
2365 2030
2366 2031
2367 2032
2368 2033
2369 2034
2370 2035
2371 2036
2372 2037
2373 2038
2374 2039
2375 2040
2376 2041
2377 2042
2378 2043
2379 2044
2380 2045
2381 2046
2382 2047
2383 2048
2384 2049
2385 2050
2386 2051
2387 2052
2388 2053
2389 2054
2390 2055
2391 2057
2392 2058
2393 2059
2394 2060
2395 2061
2396 2062
2397 2063
2398 2064
2399 2065
2400 2066
2401 2067
2402 2068
2403 2069
2404 2070
2405 2071
2406 2072
2407 2073
2408 2074
2409 2075
2410 2076
2411 2077
2412 2078
2413 2079
2414 2080
2415 2083
2416 2084
2417 2085
2418 2086
2419 2087
2420 2088
2421 2090
2422 2091
2423 2092
2424 2093
2425 2094
2426 2095
2427 2096
2428 2098
2429 2099
2430 2100
2431 2101
2432 2102
2433 2103
2434 2104
2435 2105
2436 2106
2437 2107
2438 2108
2439 2109
2440 2110
2441 2112
2442 2113
2443 2114
2444 2115
2445 2116
2446 2117
2447 2118
2448 2119
2449 2120
2450 2121
2451 2122
2452 2123
2453 2124
2454 2125
2455 2126
2456 2127
2457 2128
2458 2129
2459 2130
2460 2131
2461 2132
2462 2133
2463 2134
2464 2135
2465 2136
2466 2137
2467 2138
2468 2139
2469 2140
2470 2141
2471 2142
2472 2143
2473 2144
2474 2145
2475 2146
2476 2147
2477 2148
2478 2149
2479 2150
2480 2151
2481 2152
2482 2153
2483 2154
2484 2155
2485 2156
2486 2158
2487 2159
2488 2160
2489 2161
2490 2162
2491 2163
2492 2164
2493 2165
2494 2166
2495 2167
2496 2168
2497 2169
2498 2170
2499 2171
2500 2172
2501 2173
2502 2175
2503 2177
2504 2178
2505 2179
2506 2180
2507 2181
2508 2182
2509 2183
2510 2184
2511 2187
2512 2188
2513 2189
2514 2190
2515 2191
2516 2193
2517 2194
2518 2195
2519 2197
2520 2198
2521 2202
2522 2203
2523 2204
2524 2205
2525 2206
2526 2207
2527 2208
2528 2209
2529 2210
2530 2211
2531 2212
2532 2213
2533 2215
2534 2216
2535 2217
2536 2218
2537 2219
2538 2220
2539 2221
2540 2222
2541 2223
2542 2224
2543 2225
2544 2226
2545 2227
2546 4195
2547 2233
2548 2232
2549 2235
2550 2688
2551 4259
2552 4261
2553 2231
2554 2234
2555 2237
2556 2238
2557 2239
2558 2240
2559 2241
2560 2242
2561 2243
2562 2244
2563 2245
2564 2246
2565 2247
2566 2248
2567 2249
2568 2250
2569 2251
2570 2252
2571 2253
2572 2254
2573 2255
2574 2256
2575 2257
2576 2258
2577 2259
2578 2260
2579 2261
2580 2262
2581 2263
2582 2264
2583 2266
2584 2267
2585 2268
2586 2269
2587 2270
2588 2271
2589 2272
2590 2273
2591 2274
2592 2276
2593 2277
2594 2278
2595 2279
2596 2280
2597 2282
2598 2283
2599 2284
2600 2285
2601 2286
2602 2287
2603 2288
2604 2289
2605 2290
2606 2291
2607 2292
2608 2293
2609 2294
2610 2295
2611 2296
2612 2297
2613 2298
2614 2299
2615 2301
2616 2302
2617 2303
2618 2304
2619 2305
2620 2306
2621 2307
2622 3328
2623 2309
2624 2310
2625 2312
2626 2313
2627 2314
2628 2315
2629 2316
2630 2317
2631 2318
2632 2319
2633 2320
2634 2321
2635 2322
2636 2323
2637 2324
2638 2325
2639 2326
2640 2327
2641 2328
2642 2329
2643 2330
2644 2331
2645 2332
2646 2333
2647 2334
2648 2335
2649 2336
2650 2337
2651 2338
2652 2339
2653 2340
2654 2341
2655 2342
2656 2343
2657 2344
2658 2345
2659 2346
2660 2347
2661 2348
2662 2350
2663 2351
2664 2352
2665 2353
2666 2354
2667 2355
2668 2356
2669 2357
2670 2358
2671 2359
2672 2360
2673 2361
2674 2362
2675 2363
2676 2364
2677 2365
2678 2366
2679 2367
2680 2368
2681 2369
2682 2370
2683 2371
2684 2372
2685 2373
2686 2374
2687 2375
2688 2376
2689 2377
2690 2378
2691 2379
2692 2380
2693 2381
2694 2382
2695 2383
2696 2384
2697 2385
2698 2386
2699 2387
2700 2388
2701 2389
2702 2390
2703 2391
2704 2392
2705 2393
2706 2394
2707 2395
2708 2396
2709 2397
2710 2398
2711 2399
2712 2401
2713 2402
2714 2403
2715 2404
2716 2405
2717 2406
2718 2407
2719 2409
2720 2410
2721 2411
2722 2412
2723 2413
2724 2414
2725 2416
2726 2417
2727 2418
2728 2419
2729 2420
2730 2421
2731 2422
2732 2423
2733 2424
2734 2425
2735 2426
2736 2427
2737 2428
2738 2429
2739 2430
2740 2431
2741 2432
2742 2433
2743 2434
2744 2435
2745 2436
2746 2439
2747 2441
2748 2442
2749 2443
2750 2444
2751 2445
2752 2446
2753 2447
2754 2448
2755 2449
2756 2450
2757 2451
2758 2452
2759 2453
2760 2454
2761 2455
2762 2456
2763 2457
2764 2458
2765 2459
2766 2460
2767 2462
2768 2463
2769 2464
2770 2465
2771 2466
2772 2467
2773 2468
2774 2469
2775 2470
2776 2471
2777 2472
2778 2473
2779 2474
2780 2475
2781 2476
2782 2477
2783 2478
2784 2479
2785 2480
2786 2482
2787 2483
2788 2484
2789 2485
2790 2486
2791 2487
2792 2488
2793 2489
2794 2490
2795 2492
2796 2493
2797 2494
2798 2495
2799 2496
2800 2498
2801 2499
2802 2500
2803 2501
2804 2502
2805 2503
2806 2504
2807 2505
2808 2507
2809 2508
2810 2509
2811 2510
2812 2511
2813 2512
2814 2513
2815 2514
2816 2515
2817 2516
2818 2517
2819 2518
2820 2519
2821 2520
2822 2521
2823 2522
2824 2523
2825 2524
2826 2525
2827 2526
2828 2527
2829 2528
2830 2529
2831 2530
2832 2531
2833 2532
2834 2533
2835 2534
2836 2535
2837 2536
2838 2537
2839 2539
2840 2540
2841 3001
2842 2542
2843 2543
2844 2544
2845 2545
2846 2546
2847 2547
2848 2548
2849 2549
2850 2550
2851 2552
2852 2553
2853 2554
2854 2555
2855 2556
2856 2557
2857 2558
2858 2559
2859 2560
2860 2561
2861 2562
2862 2563
2863 2564
2864 2565
2865 2566
2866 2567
2867 2569
2868 2570
2869 2571
2870 2572
2871 2573
2872 2574
2873 2575
2874 2576
2875 2577
2876 2578
2877 2589
2878 4223
2879 2580
2880 2581
2881 2582
2882 2583
2883 2584
2884 2585
2885 2586
2886 2587
2887 2588
2888 2590
2889 2591
2890 2592
2891 2593
2892 2594
2893 2595
2894 2596
2895 2597
2896 2598
2897 2599
2898 2600
2899 4520
2900 2602
2901 2603
2902 2604
2903 2605
2904 2606
2905 2607
2906 2608
2907 2609
2908 2610
2909 2611
2910 2612
2911 2616
2912 2617
2913 5796
2914 5794
2915 2622
2916 2624
2917 2625
2918 2626
2919 2627
2920 2628
2921 2630
2922 2631
2923 2632
2924 2633
2925 2634
2926 2635
2927 2636
2928 2637
2929 2638
2930 2639
2931 2642
2932 2643
2933 2644
2934 2645
2935 5786
2936 5785
2937 2651
2938 2649
2939 2650
2940 2652
2941 2654
2942 2655
2943 2656
2944 2657
2945 2658
2946 2659
2947 2660
2948 2661
2949 2662
2950 2663
2951 2664
2952 2665
2953 2666
2954 2667
2955 2668
2956 2669
2957 2670
2958 2671
2959 2672
2960 2673
2961 2675
2962 2676
2963 2677
2964 2678
2965 2679
2966 2680
2967 2681
2968 2682
2969 2684
2970 2685
2971 2686
2972 2687
2973 2689
2974 2690
2975 2691
2976 2692
2977 2693
2978 2694
2979 2695
2980 2697
2981 2698
2982 2699
2983 2700
2984 2701
2985 2702
2986 2703
2987 2704
2988 2705
2989 2706
2990 2707
2991 2708
2992 2709
2993 2710
2994 2712
2995 2713
2996 2714
2997 2715
2998 2716
2999 5770
3000 3065
3001 2723
3002 2724
3003 2725
3004 2726
3005 2727
3006 2728
3007 2729
3008 2937
3009 2731
3010 2732
3011 2733
3012 2734
3013 2735
3014 2736
3015 2737
3016 2738
3017 2739
3018 2740
3019 2741
3020 2742
3021 2743
3022 2744
3023 2745
3024 2746
3025 2747
3026 2748
3027 2749
3028 2750
3029 2751
3030 2752
3031 2753
3032 2754
3033 2755
3034 2756
3035 2757
3036 2758
3037 2759
3038 2760
3039 2761
3040 2762
3041 2763
3042 2764
3043 2765
3044 2766
3045 2767
3046 2768
3047 2769
3048 2770
3049 2771
3050 2772
3051 2773
3052 2774
3053 2775
3054 2776
3055 2777
3056 2778
3057 2779
3058 2780
3059 2781
3060 2782
3061 2783
3062 2784
3063 2785
3064 2786
3065 2787
3066 2788
3067 2789
3068 2790
3069 2791
3070 2792
3071 2793
3072 2794
3073 5842
3074 2797
3075 2798
3076 2799
3077 2800
3078 2801
3079 2802
3080 2803
3081 2804
3082 2805
3083 2806
3084 2807
3085 2808
3086 2809
3087 2810
3088 2811
3089 2812
3090 2813
3091 2814
3092 2815
3093 2816
3094 2817
3095 2818
3096 2819
3097 2820
3098 2821
3099 2822
3100 2823
3101 2824
3102 2825
3103 2826
3104 2827
3105 2828
3106 3386
3107 2830
3108 2831
3109 2832
3110 2834
3111 2835
3112 2836
3113 2837
3114 2838
3115 2839
3116 2840
3117 2841
3118 2842
3119 2843
3120 2844
3121 2845
3122 2846
3123 2847
3124 2848
3125 2849
3126 2850
3127 2851
3128 2852
3129 2853
3130 2854
3131 2857
3132 2858
3133 2859
3134 2860
3135 2861
3136 2862
3137 2863
3138 2864
3139 2865
3140 2866
3141 2867
3142 2868
3143 2869
3144 2870
3145 2871
3146 2872
3147 2873
3148 2874
3149 2875
3150 3855
3151 3709
3152 5884
3153 2880
3154 3398
3155 5360
3156 2881
3157 2882
3158 2884
3159 2885
3160 2886
3161 2887
3162 2888
3163 2889
3164 2890
3165 2891
3166 2892
3167 2893
3168 2894
3169 2895
3170 2896
3171 2897
3172 2898
3173 2899
3174 2900
3175 2901
3176 2902
3177 2903
3178 2904
3179 2905
3180 2906
3181 2907
3182 2908
3183 2909
3184 2910
3185 2911
3186 2912
3187 2913
3188 2914
3189 2915
3190 2916
3191 2919
3192 2921
3193 2922
3194 2923
3195 2924
3196 2925
3197 2926
3198 2927
3199 2928
3200 2930
3201 2931
3202 2932
3203 2933
3204 2934
3205 2935
3206 2936
3207 2939
3208 2942
3209 2943
3210 2944
3211 2945
3212 2946
3213 2947
3214 2948
3215 2949
3216 2950
3217 2951
3218 2952
3219 2953
3220 2954
3221 2955
3222 2956
3223 2957
3224 2958
3225 2959
3226 2960
3227 2961
3228 2962
3229 2963
3230 2964
3231 2965
3232 2966
3233 2967
3234 2968
3235 2969
3236 2970
3237 2971
3238 2972
3239 2973
3240 2974
3241 2975
3242 2976
3243 2977
3244 2978
3245 2981
3246 2982
3247 2983
3248 2984
3249 2985
3250 2986
3251 2987
3252 2988
3253 2989
3254 2990
3255 2991
3256 2992
3257 2993
3258 2994
3259 2995
3260 2996
3261 2997
3262 2998
3263 2999
3264 3000
3265 3002
3266 3003
3267 3004
3268 3005
3269 3006
3270 3007
3271 3008
3272 3009
3273 3010
3274 3011
3275 3012
3276 3013
3277 3014
3278 3015
3279 3016
3280 3017
3281 3018
3282 3019
3283 3020
3284 3022
3285 3023
3286 3024
3287 5352
3288 3025
3289 3220
3290 3026
3291 3027
3292 3028
3293 3029
3294 3030
3295 3031
3296 3032
3297 3033
3298 3034
3299 3035
3300 5200
3301 5523
3302 3037
3303 3039
3304 3040
3305 3041
3306 3042
3307 3043
3308 3044
3309 3045
3310 3046
3311 3047
3312 3048
3313 3049
3314 3050
3315 3051
3316 3052
3317 3053
3318 3054
3319 3055
3320 3056
3321 3057
3322 3058
3323 3059
3324 3060
3325 3061
3326 3062
3327 3063
3328 3064
3329 3066
3330 3067
3331 3068
3332 3069
3333 3070
3334 3071
3335 3072
3336 3073
3337 3074
3338 3075
3339 3076
3340 3077
3341 3078
3342 3081
3343 3082
3344 3083
3345 3084
3346 3085
3347 3086
3348 3087
3349 3088
3350 3089
3351 3090
3352 3091
3353 3092
3354 3093
3355 3094
3356 3095
3357 3096
3358 3097
3359 3098
3360 5585
3361 3100
3362 3101
3363 3102
3364 3103
3365 3104
3366 3105
3367 3106
3368 3107
3369 3110
3370 3111
3371 3112
3372 3113
3373 3115
3374 3116
3375 3117
3376 3118
3377 3119
3378 3120
3379 3121
3380 3122
3381 3123
3382 3125
3383 3126
3384 3127
3385 3128
3386 3129
3387 3130
3388 3131
3389 3132
3390 3133
3391 3134
3392 3135
3393 3136
3394 3137
3395 3138
3396 3139
3397 3140
3398 3141
3399 3142
3400 3143
3401 3144
3402 3145
3403 3146
3404 3147
3405 3148
3406 3149
3407 3150
3408 3152
3409 3153
3410 3154
3411 3155
3412 3156
3413 3157
3414 3158
3415 3159
3416 3160
3417 3161
3418 5569
3419 3163
3420 3164
3421 3165
3422 3166
3423 3167
3424 3169
3425 3170
3426 3171
3427 3174
3428 3175
3429 3176
3430 3177
3431 3178
3432 3179
3433 3180
3434 3181
3435 3182
3436 3183
3437 3184
3438 3185
3439 3186
3440 3187
3441 3188
3442 3189
3443 3190
3444 3191
3445 3192
3446 3193
3447 3194
3448 3195
3449 3196
3450 3197
3451 5581
3452 3198
3453 3199
3454 3201
3455 3202
3456 3203
3457 3204
3458 3205
3459 3207
3460 3208
3461 3209
3462 3210
3463 3211
3464 3212
3465 3213
3466 3214
3467 3215
3468 3216
3469 3240
3470 3217
3471 3218
3472 3219
3473 4040
3474 5153
3475 3221
3476 3222
3477 3223
3478 3224
3479 3225
3480 3226
3481 3227
3482 3228
3483 3230
3484 3231
3485 3232
3486 3233
3487 3234
3488 3235
3489 3236
3490 3237
3491 3238
3492 3239
3493 5193
3494 5698
3495 5697
3496 3241
3497 3242
3498 3243
3499 3244
3500 3245
3501 3246
3502 3247
3503 3248
3504 3249
3505 3250
3506 3251
3507 3252
3508 3253
3509 3254
3510 3255
3511 3256
3512 3257
3513 3258
3514 3259
3515 3260
3516 3261
3517 3262
3518 3263
3519 3264
3520 3265
3521 3266
3522 3267
3523 3268
3524 3269
3525 3270
3526 3271
3527 3272
3528 3273
3529 3274
3530 3275
3531 3276
3532 3277
3533 3278
3534 3279
3535 3280
3536 3281
3537 3282
3538 3283
3539 3284
3540 3285
3541 3286
3542 3287
3543 3288
3544 3289
3545 3290
3546 3291
3547 3292
3548 3293
3549 3294
3550 3295
3551 3296
3552 3297
3553 3298
3554 3299
3555 3300
3556 3301
3557 3303
3558 3304
3559 3305
3560 3306
3561 3307
3562 3308
3563 3309
3564 3310
3565 3311
3566 3312
3567 3313
3568 3314
3569 3315
3570 3316
3571 3317
3572 3318
3573 3319
3574 3320
3575 3321
3576 3322
3577 3323
3578 3324
3579 3325
3580 3326
3581 3327
3582 3329
3583 3330
3584 3331
3585 3332
3586 3333
3587 3334
3588 3335
3589 3336
3590 3337
3591 3338
3592 3339
3593 3340
3594 3341
3595 3342
3596 3343
3597 3344
3598 3345
3599 3346
3600 3347
3601 3348
3602 3349
3603 3350
3604 3351
3605 3352
3606 3353
3607 3354
3608 3355
3609 3356
3610 3357
3611 3358
3612 3359
3613 3360
3614 3361
3615 3362
3616 3363
3617 3364
3618 3365
3619 3366
3620 3367
3621 3368
3622 3369
3623 3370
3624 3371
3625 3372
3626 3373
3627 3374
3628 3375
3629 3376
3630 3377
3631 3378
3632 3379
3633 3380
3634 3381
3635 3382
3636 3383
3637 3384
3638 3385
3639 3387
3640 3388
3641 3389
3642 3390
3643 3391
3644 3392
3645 3393
3646 3394
3647 3395
3648 3396
3649 3397
3650 3399
3651 3400
3652 3401
3653 3402
3654 3403
3655 3404
3656 3405
3657 3406
3658 3407
3659 3408
3660 3409
3661 3410
3662 3411
3663 3412
3664 3413
3665 3414
3666 3415
3667 3417
3668 3416
3669 3418
3670 3419
3671 3420
3672 3421
3673 3422
3674 3423
3675 3424
3676 3425
3677 3426
3678 3427
3679 3428
3680 3429
3681 3430
3682 3431
3683 4047
3684 3432
3685 3433
3686 3434
3687 3435
3688 3436
3689 3437
3690 3438
3691 3439
3692 3440
3693 3441
3694 3442
3695 3443
3696 3444
3697 3445
3698 3446
3699 3447
3700 3448
3701 3449
3702 3450
3703 3451
3704 3452
3705 3453
3706 3454
3707 3455
3708 3456
3709 3457
3710 3458
3711 3459
3712 3460
3713 3461
3714 3462
3715 3467
3716 3468
3717 3469
3718 3470
3719 3471
3720 3472
3721 3473
3722 3474
3723 3475
3724 3476
3725 3477
3726 3478
3727 3479
3728 3480
3729 3481
3730 3482
3731 3483
3732 3484
3733 3485
3734 3486
3735 3487
3736 3488
3737 3489
3738 3490
3739 3491
3740 3492
3741 3493
3742 3494
3743 3495
3744 3496
3745 3497
3746 3498
3747 3499
3748 3500
3749 3501
3750 3502
3751 3503
3752 3504
3753 3505
3754 3506
3755 4372
3756 3508
3757 3509
3758 3510
3759 3511
3760 3512
3761 3513
3762 3514
3763 3515
3764 3516
3765 3517
3766 3518
3767 3519
3768 3521
3769 3523
3770 3524
3771 4425
3772 3525
3773 5116
3774 3526
3775 3527
3776 3528
3777 3529
3778 3530
3779 3531
3780 3532
3781 3533
3782 3534
3783 3535
3784 3536
3785 3537
3786 3538
3787 3539
3788 3540
3789 3541
3790 3542
3791 3543
3792 3544
3793 3545
3794 3546
3795 3547
3796 3548
3797 3549
3798 3550
3799 3551
3800 3552
3801 3553
3802 3554
3803 3555
3804 3556
3805 3557
3806 3558
3807 3559
3808 3560
3809 3561
3810 3562
3811 3563
3812 3564
3813 3565
3814 3566
3815 3570
3816 3571
3817 3572
3818 3574
3819 3576
3820 3577
3821 3578
3822 3579
3823 3580
3824 3581
3825 3582
3826 3585
3827 3586
3828 3587
3829 3588
3830 3589
3831 3590
3832 3591
3833 3592
3834 3593
3835 3594
3836 3595
3837 3596
3838 3597
3839 3598
3840 3599
3841 3600
3842 3601
3843 3602
3844 3603
3845 3604
3846 3605
3847 3606
3848 3607
3849 3608
3850 3609
3851 3610
3852 3611
3853 3612
3854 3613
3855 3614
3856 3615
3857 3616
3858 3617
3859 3618
3860 3619
3861 3620
3862 3621
3863 3622
3864 3623
3865 3624
3866 3625
3867 3626
3868 3627
3869 3628
3870 3629
3871 3630
3872 3632
3873 3633
3874 3634
3875 3635
3876 3636
3877 3637
3878 3638
3879 3639
3880 3641
3881 3642
3882 3643
3883 3644
3884 3646
3885 3647
3886 3648
3887 3649
3888 3650
3889 3651
3890 3652
3891 3653
3892 3654
3893 3655
3894 3656
3895 3657
3896 3658
3897 3659
3898 3661
3899 3662
3900 3663
3901 3664
3902 3665
3903 3666
3904 3667
3905 3668
3906 3669
3907 3670
3908 3671
3909 3672
3910 3673
3911 3678
3912 3679
3913 3680
3914 3681
3915 3682
3916 3683
3917 3684
3918 3685
3919 3686
3920 3687
3921 3688
3922 3689
3923 3690
3924 3691
3925 3692
3926 3693
3927 3694
3928 3695
3929 3696
3930 3697
3931 3698
3932 3699
3933 3701
3934 3702
3935 3703
3936 3704
3937 3705
3938 3706
3939 3707
3940 3708
3941 4536
3942 3710
3943 3711
3944 3712
3945 3713
3946 3714
3947 3715
3948 3716
3949 3718
3950 3719
3951 3720
3952 3721
3953 3722
3954 3723
3955 3724
3956 3725
3957 3726
3958 3727
3959 3728
3960 3729
3961 3730
3962 3731
3963 3732
3964 3733
3965 3734
3966 3735
3967 3736
3968 3737
3969 3738
3970 3739
3971 3740
3972 3741
3973 3742
3974 3744
3975 3745
3976 3746
3977 3747
3978 3797
3979 3749
3980 3750
3981 3751
3982 3753
3983 3754
3984 3755
3985 3756
3986 3757
3987 3758
3988 3759
3989 3760
3990 3761
3991 3762
3992 3763
3993 3764
3994 3765
3995 3766
3996 3768
3997 3769
3998 3770
3999 3771
4000 3772
4001 3773
4002 3774
4003 3775
4004 3776
4005 3777
4006 3778
4007 3779
4008 3780
4009 3781
4010 3782
4011 3783
4012 3784
4013 3785
4014 3786
4015 3787
4016 3788
4017 3789
4018 3790
4019 3791
4020 3792
4021 4768
4022 3793
4023 3794
4024 3993
4025 3919
4026 3795
4027 3796
4028 4474
4029 3798
4030 3799
4031 3800
4032 3801
4033 3802
4034 3803
4035 3804
4036 3805
4037 3806
4038 3807
4039 3808
4040 3809
4041 3810
4042 5667
4043 3811
4044 3812
4045 3813
4046 3814
4047 3815
4048 3816
4049 3817
4050 3818
4051 3819
4052 3820
4053 3821
4054 3822
4055 3823
4056 3824
4057 3825
4058 3826
4059 3827
4060 3828
4061 3829
4062 3830
4063 3831
4064 3832
4065 3833
4066 3834
4067 3835
4068 4482
4069 4475
4070 3838
4071 3839
4072 3840
4073 3841
4074 3842
4075 3843
4076 3844
4077 3845
4078 3846
4079 3847
4080 3848
4081 3849
4082 3850
4083 3851
4084 3852
4085 3853
4086 3854
4087 3856
4088 3857
4089 3858
4090 3859
4091 3860
4092 3861
4093 3863
4094 3864
4095 3865
4096 3866
4097 3867
4098 3868
4099 3869
4100 3870
4101 3871
4102 3875
4103 3876
4104 3877
4105 3878
4106 3879
4107 3880
4108 3881
4109 3882
4110 3883
4111 3884
4112 3885
4113 3886
4114 3887
4115 3888
4116 3889
4117 3890
4118 3891
4119 3892
4120 3893
4121 3894
4122 3895
4123 3896
4124 3897
4125 3898
4126 3899
4127 3901
4128 3902
4129 3903
4130 3904
4131 3905
4132 3906
4133 3907
4134 3908
4135 3909
4136 3910
4137 3911
4138 3912
4139 3913
4140 3914
4141 3915
4142 3916
4143 3917
4144 3918
4145 3920
4146 3921
4147 3922
4148 3923
4149 3924
4150 3925
4151 3926
4152 3927
4153 3928
4154 3929
4155 3930
4156 3931
4157 3932
4158 3933
4159 3934
4160 3935
4161 3936
4162 3937
4163 3939
4164 4367
4165 3940
4166 3941
4167 3942
4168 3943
4169 3944
4170 3945
4171 3946
4172 3947
4173 3948
4174 3949
4175 3950
4176 3951
4177 3952
4178 3953
4179 3954
4180 3955
4181 3956
4182 3957
4183 3958
4184 3960
4185 3961
4186 3962
4187 3963
4188 3964
4189 3965
4190 3966
4191 3967
4192 3968
4193 3969
4194 3970
4195 3971
4196 3972
4197 3973
4198 3974
4199 3975
4200 3976
4201 3977
4202 3978
4203 3979
4204 3980
4205 3981
4206 3982
4207 3983
4208 3984
4209 3985
4210 3986
4211 3987
4212 3988
4213 3989
4214 3990
4215 3991
4216 3992
4217 3994
4218 3995
4219 3996
4220 3997
4221 3998
4222 3999
4223 4000
4224 4001
4225 4002
4226 4003
4227 4004
4228 4005
4229 4006
4230 4007
4231 4008
4232 4009
4233 4010
4234 4011
4235 4012
4236 4013
4237 4014
4238 4015
4239 4016
4240 4017
4241 4018
4242 4019
4243 4021
4244 4022
4245 4025
4246 4028
4247 4032
4248 4026
4249 4027
4250 4029
4251 4030
4252 4033
4253 4034
4254 4035
4255 4041
4256 4042
4257 4043
4258 4045
4259 4046
4260 4049
4261 4050
4262 4051
4263 4052
4264 4053
4265 4054
4266 4055
4267 4056
4268 5228
4269 4060
4270 4061
4271 4062
4272 4063
4273 4064
4274 4065
4275 4066
4276 4067
4277 4068
4278 4069
4279 4070
4280 4071
4281 4076
4282 4079
4283 5766
4284 4074
4285 4077
4286 4078
4287 4080
4288 4081
4289 4082
4290 4083
4291 4085
4292 4086
4293 4087
4294 4088
4295 4089
4296 4091
4297 4092
4298 4093
4299 4094
4300 4095
4301 4096
4302 4097
4303 4100
4304 4101
4305 4102
4306 4103
4307 4104
4308 4105
4309 4106
4310 4107
4311 4108
4312 4109
4313 4110
4314 4111
4315 4112
4316 4113
4317 4116
4318 4118
4319 4119
4320 4120
4321 4121
4322 4122
4323 4123
4324 4124
4325 4125
4326 4127
4327 4128
4328 4129
4329 4130
4330 4131
4331 4132
4332 4133
4333 4135
4334 4136
4335 4138
4336 4139
4337 4140
4338 4141
4339 4142
4340 4143
4341 4144
4342 4145
4343 4146
4344 4149
4345 4150
4346 4151
4347 4152
4348 4153
4349 4154
4350 4155
4351 4156
4352 4157
4353 4158
4354 4159
4355 5497
4356 4161
4357 4162
4358 4164
4359 4165
4360 4166
4361 4167
4362 4169
4363 4170
4364 4171
4365 4172
4366 4173
4367 4176
4368 4177
4369 4178
4370 4179
4371 4180
4372 4181
4373 4182
4374 4183
4375 4184
4376 4185
4377 4186
4378 4187
4379 4188
4380 4189
4381 4190
4382 4191
4383 4192
4384 4193
4385 4194
4386 4196
4387 4197
4388 4198
4389 4199
4390 4200
4391 4201
4392 4202
4393 4203
4394 4204
4395 4205
4396 4206
4397 4207
4398 4208
4399 4210
4400 4211
4401 4212
4402 4215
4403 4216
4404 4217
4405 4218
4406 4219
4407 4220
4408 4221
4409 4222
4410 4224
4411 4225
4412 4226
4413 4227
4414 4233
4415 4235
4416 4236
4417 4237
4418 4238
4419 4239
4420 4240
4421 4242
4422 4243
4423 4244
4424 4245
4425 4246
4426 4247
4427 5163
4428 4672
4429 4818
4430 4817
4431 5190
4432 4255
4433 4256
4434 4257
4435 4258
4436 4263
4437 4264
4438 4265
4439 4266
4440 4267
4441 4273
4442 4274
4443 4275
4444 4276
4445 4277
4446 4278
4447 4279
4448 4280
4449 4281
4450 4283
4451 4288
4452 4291
4453 4292
4454 4293
4455 4294
4456 4295
4457 4296
4458 4297
4459 4298
4460 4299
4461 4300
4462 4301
4463 4302
4464 4303
4465 4304
4466 4305
4467 4306
4468 4307
4469 4308
4470 4309
4471 4310
4472 4311
4473 4312
4474 4313
4475 4314
4476 4315
4477 4316
4478 4317
4479 4318
4480 4319
4481 4320
4482 4322
4483 4323
4484 4324
4485 4325
4486 4326
4487 4327
4488 4328
4489 4329
4490 4330
4491 4331
4492 4332
4493 4333
4494 5032
4495 4334
4496 4335
4497 4336
4498 4338
4499 4432
4500 4562
4501 4339
4502 4340
4503 4341
4504 4342
4505 4343
4506 4344
4507 4345
4508 4346
4509 4347
4510 4348
4511 4349
4512 4350
4513 4351
4514 4352
4515 4353
4516 4354
4517 4355
4518 4356
4519 4357
4520 4358
4521 4359
4522 4360
4523 4361
4524 4362
4525 4363
4526 4364
4527 4365
4528 4366
4529 4368
4530 4369
4531 5396
4532 4373
4533 4374
4534 4375
4535 4376
4536 4377
4537 4378
4538 4379
4539 4380
4540 4381
4541 4382
4542 4384
4543 4385
4544 4386
4545 4388
4546 4389
4547 4390
4548 4391
4549 4392
4550 4393
4551 4394
4552 4395
4553 4396
4554 4397
4555 4398
4556 4399
4557 4400
4558 4401
4559 4402
4560 4405
4561 4406
4562 4407
4563 4408
4564 4409
4565 4410
4566 4411
4567 4412
4568 4413
4569 4414
4570 4415
4571 4416
4572 4417
4573 4418
4574 4419
4575 4420
4576 4421
4577 4422
4578 4423
4579 4424
4580 4427
4581 4429
4582 4472
4583 5711
4584 4431
4585 4433
4586 4434
4587 4435
4588 4436
4589 4437
4590 4438
4591 4439
4592 4440
4593 4441
4594 4442
4595 4443
4596 4444
4597 4445
4598 4446
4599 4447
4600 4448
4601 4449
4602 4450
4603 4451
4604 4452
4605 4453
4606 4454
4607 4455
4608 4863
4609 4835
4610 4457
4611 4458
4612 4459
4613 4460
4614 4461
4615 4462
4616 4463
4617 4465
4618 4466
4619 4467
4620 4468
4621 4469
4622 4470
4623 4471
4624 4473
4625 4476
4626 4477
4627 4478
4628 4479
4629 4480
4630 4481
4631 4483
4632 4484
4633 4485
4634 4486
4635 4489
4636 4490
4637 4491
4638 4492
4639 4493
4640 4494
4641 4495
4642 4496
4643 4497
4644 4498
4645 4499
4646 4500
4647 4501
4648 4502
4649 4503
4650 4504
4651 4505
4652 4506
4653 4507
4654 4508
4655 4509
4656 4510
4657 4511
4658 4512
4659 4513
4660 4514
4661 4515
4662 4516
4663 4517
4664 4518
4665 4519
4666 4521
4667 4522
4668 4523
4669 4524
4670 4525
4671 4526
4672 4527
4673 4528
4674 4529
4675 4530
4676 4531
4677 4532
4678 4533
4679 4534
4680 4535
4681 4537
4682 4538
4683 4539
4684 4540
4685 4541
4686 4542
4687 4543
4688 4544
4689 4545
4690 4546
4691 4547
4692 4548
4693 4549
4694 4550
4695 4553
4696 4554
4697 4555
4698 4556
4699 4557
4700 4558
4701 4559
4702 4560
4703 4561
4704 4563
4705 4564
4706 4565
4707 4566
4708 4567
4709 4568
4710 4569
4711 4570
4712 4571
4713 4572
4714 4573
4715 4574
4716 4575
4717 4576
4718 4577
4719 4578
4720 4579
4721 4580
4722 4581
4723 4582
4724 4583
4725 4584
4726 4585
4727 4586
4728 4587
4729 4588
4730 4589
4731 4590
4732 4592
4733 4593
4734 4594
4735 4595
4736 4596
4737 4598
4738 4599
4739 4601
4740 4602
4741 4603
4742 4604
4743 5154
4744 4605
4745 4606
4746 4607
4747 4608
4748 4609
4749 4610
4750 4611
4751 4612
4752 4613
4753 4614
4754 4615
4755 4616
4756 4617
4757 4618
4758 4619
4759 4620
4760 4621
4761 4622
4762 4623
4763 4624
4764 4625
4765 4626
4766 4627
4767 4628
4768 4629
4769 4630
4770 4631
4771 4632
4772 4633
4773 4634
4774 4635
4775 4636
4776 4637
4777 4638
4778 4639
4779 4640
4780 4641
4781 4642
4782 4643
4783 4644
4784 4645
4785 4646
4786 4647
4787 4649
4788 4650
4789 4651
4790 4652
4791 4653
4792 4654
4793 4655
4794 4656
4795 4657
4796 4658
4797 4659
4798 4660
4799 4661
4800 4662
4801 4663
4802 4664
4803 4665
4804 4666
4805 4667
4806 4668
4807 4669
4808 4670
4809 4671
4810 4673
4811 4674
4812 4675
4813 4676
4814 4677
4815 4678
4816 4679
4817 4680
4818 4681
4819 4682
4820 4683
4821 4684
4822 4685
4823 4686
4824 4687
4825 4688
4826 4689
4827 4690
4828 4691
4829 4692
4830 4693
4831 4694
4832 4695
4833 4696
4834 4697
4835 4698
4836 4699
4837 4700
4838 4701
4839 4702
4840 4703
4841 4704
4842 4705
4843 4706
4844 4707
4845 4708
4846 4709
4847 4710
4848 4711
4849 4712
4850 4713
4851 4714
4852 4715
4853 4716
4854 4717
4855 4718
4856 4719
4857 4720
4858 4721
4859 4722
4860 4723
4861 4724
4862 4725
4863 4726
4864 4727
4865 4728
4866 4729
4867 4730
4868 4731
4869 4732
4870 4733
4871 4734
4872 4735
4873 4736
4874 4737
4875 4743
4876 4745
4877 4746
4878 4747
4879 4749
4880 4750
4881 4751
4882 4752
4883 4753
4884 4754
4885 4755
4886 4756
4887 4757
4888 4758
4889 4759
4890 4760
4891 4761
4892 4762
4893 4763
4894 4764
4895 4765
4896 4766
4897 4767
4898 4769
4899 4770
4900 4771
4901 4772
4902 4773
4903 4774
4904 4775
4905 4776
4906 4777
4907 4778
4908 4779
4909 4780
4910 4781
4911 4782
4912 4783
4913 4784
4914 4786
4915 4791
4916 4792
4917 4793
4918 4794
4919 4795
4920 4796
4921 4797
4922 4798
4923 4799
4924 4800
4925 4801
4926 4802
4927 4803
4928 4804
4929 4805
4930 4806
4931 4807
4932 4808
4933 4809
4934 4810
4935 4811
4936 4812
4937 4813
4938 4814
4939 4815
4940 4816
4941 4819
4942 4820
4943 4821
4944 4822
4945 4823
4946 4824
4947 4825
4948 4826
4949 4827
4950 4828
4951 4829
4952 4830
4953 4831
4954 4832
4955 4833
4956 4834
4957 4836
4958 4837
4959 4838
4960 4839
4961 4840
4962 4841
4963 4842
4964 4843
4965 4844
4966 4845
4967 4846
4968 4847
4969 4848
4970 4849
4971 4850
4972 4851
4973 4852
4974 4853
4975 4854
4976 4855
4977 4856
4978 4857
4979 4858
4980 4859
4981 4860
4982 4861
4983 4862
4984 4864
4985 4865
4986 4866
4987 4867
4988 4868
4989 4869
4990 4870
4991 4871
4992 4872
4993 4873
4994 4874
4995 4875
4996 4876
4997 4877
4998 4878
4999 4879
5000 4880
5001 4881
5002 4882
5003 4883
5004 4884
5005 4885
5006 4887
5007 4888
5008 4889
5009 4890
5010 4891
5011 4892
5012 4893
5013 5358
5014 4896
5015 4897
5016 4898
5017 4899
5018 4900
5019 4901
5020 4902
5021 4903
5022 4904
5023 4905
5024 4906
5025 4907
5026 4908
5027 4909
5028 4910
5029 4911
5030 4912
5031 4917
5032 4918
5033 5750
5034 4924
5035 4925
5036 4926
5037 4927
5038 4928
5039 4929
5040 4930
5041 4931
5042 4932
5043 4933
5044 4934
5045 4935
5046 4936
5047 4937
5048 4938
5049 4939
5050 4940
5051 4941
5052 4942
5053 4943
5054 4944
5055 4945
5056 4946
5057 4947
5058 4948
5059 4949
5060 4950
5061 4951
5062 4952
5063 4953
5064 4954
5065 4956
5066 4957
5067 4996
5068 5687
5069 4962
5070 4963
5071 4964
5072 4965
5073 4966
5074 4967
5075 4968
5076 4969
5077 4970
5078 4971
5079 4972
5080 4974
5081 4975
5082 4976
5083 4977
5084 4978
5085 4979
5086 4980
5087 4981
5088 4982
5089 4983
5090 4984
5091 4985
5092 4986
5093 4987
5094 4988
5095 4989
5096 4990
5097 5210
5098 5328
5099 4993
5100 5164
5101 5000
5102 5001
5103 5002
5104 5003
5105 5004
5106 5006
5107 5011
5108 5013
5109 5014
5110 5015
5111 5016
5112 5017
5113 5018
5114 5019
5115 5020
5116 5021
5117 5022
5118 5023
5119 5024
5120 5025
5121 5026
5122 5027
5123 5028
5124 5029
5125 5030
5126 5031
5127 5034
5128 5035
5129 5036
5130 5037
5131 5038
5132 5039
5133 5040
5134 5041
5135 5042
5136 5043
5137 5044
5138 5045
5139 5046
5140 5047
5141 5048
5142 5050
5143 5051
5144 5052
5145 5053
5146 5054
5147 5055
5148 5056
5149 5057
5150 5058
5151 5059
5152 5060
5153 5061
5154 5062
5155 5063
5156 5064
5157 5065
5158 5067
5159 5069
5160 5070
5161 5071
5162 5072
5163 5073
5164 5074
5165 5075
5166 5076
5167 5077
5168 5078
5169 5079
5170 5080
5171 5081
5172 5082
5173 5083
5174 5084
5175 5085
5176 5086
5177 5087
5178 5088
5179 5089
5180 5090
5181 5091
5182 5092
5183 5093
5184 5094
5185 5095
5186 5096
5187 5097
5188 5098
5189 5099
5190 5100
5191 5101
5192 5102
5193 5103
5194 5104
5195 5105
5196 5106
5197 5107
5198 5108
5199 5109
5200 5110
5201 5111
5202 5112
5203 5113
5204 5114
5205 5115
5206 5117
5207 5118
5208 5119
5209 5120
5210 5121
5211 5122
5212 5123
5213 5124
5214 5125
5215 5126
5216 5127
5217 5128
5218 5129
5219 5130
5220 5131
5221 5132
5222 5133
5223 5134
5224 5135
5225 5136
5226 5137
5227 5138
5228 5139
5229 5140
5230 5141
5231 5142
5232 5143
5233 5144
5234 5145
5235 5146
5236 5147
5237 5148
5238 5149
5239 5150
5240 5155
5241 5156
5242 5157
5243 5158
5244 5159
5245 5586
5246 5166
5247 5167
5248 5168
5249 5169
5250 5172
5251 5173
5252 5174
5253 5175
5254 5176
5255 5177
5256 5178
5257 5179
5258 5180
5259 5181
5260 5182
5261 5183
5262 5184
5263 5185
5264 5186
5265 5187
5266 5191
5267 5192
5268 5194
5269 5196
5270 5258
5271 5197
5272 5198
5273 5199
5274 5201
5275 5202
5276 5203
5277 5204
5278 5205
5279 5206
5280 5207
5281 5208
5282 5209
5283 5211
5284 5212
5285 5213
5286 5214
5287 5215
5288 5216
5289 5217
5290 5218
5291 5219
5292 5220
5293 5221
5294 5222
5295 5223
5296 5224
5297 5225
5298 5226
5299 5227
5300 5229
5301 5230
5302 5231
5303 5232
5304 5233
5305 5234
5306 5236
5307 5237
5308 5239
5309 5240
5310 5241
5311 5242
5312 5243
5313 5244
5314 5245
5315 5246
5316 5247
5317 5248
5318 5249
5319 5250
5320 5251
5321 5252
5322 5255
5323 5254
5324 5256
5325 5257
5326 5259
5327 5261
5328 5262
5329 5263
5330 5264
5331 5265
5332 5266
5333 5267
5334 5268
5335 5269
5336 5270
5337 5271
5338 5272
5339 5273
5340 5274
5341 5275
5342 5276
5343 5277
5344 5278
5345 5279
5346 5280
5347 5281
5348 5282
5349 5283
5350 5284
5351 5285
5352 5286
5353 5287
5354 5288
5355 5289
5356 5290
5357 5291
5358 5293
5359 5294
5360 5295
5361 5296
5362 5297
5363 5298
5364 5299
5365 5300
5366 5302
5367 5304
5368 5305
5369 5306
5370 5307
5371 5308
5372 5309
5373 5310
5374 5311
5375 5312
5376 5313
5377 5314
5378 5315
5379 5316
5380 5317
5381 5318
5382 5319
5383 5320
5384 5321
5385 5322
5386 5323
5387 5324
5388 5325
5389 5327
5390 5329
5391 5330
5392 5331
5393 5332
5394 5333
5395 5334
5396 5335
5397 5336
5398 5337
5399 5338
5400 5339
5401 5340
5402 5341
5403 5342
5404 5343
5405 5344
5406 5345
5407 5346
5408 5350
5409 5351
5410 5686
5411 5354
5412 5355
5413 5356
5414 5357
5415 5359
5416 5361
5417 5362
5418 5363
5419 5364
5420 5365
5421 5366
5422 5367
5423 5368
5424 5369
5425 5370
5426 5371
5427 5372
5428 5373
5429 5374
5430 5375
5431 5376
5432 5377
5433 5378
5434 5379
5435 5380
5436 5381
5437 5382
5438 5383
5439 5384
5440 5385
5441 5386
5442 5387
5443 5388
5444 5389
5445 5390
5446 5391
5447 5395
5448 5397
5449 5398
5450 5399
5451 5401
5452 5402
5453 5403
5454 5404
5455 5405
5456 5406
5457 5407
5458 5408
5459 5409
5460 5410
5461 5411
5462 5412
5463 5413
5464 5414
5465 5415
5466 5416
5467 5417
5468 5418
5469 5419
5470 5420
5471 5421
5472 5422
5473 5423
5474 5424
5475 5425
5476 5426
5477 5427
5478 5428
5479 5429
5480 5430
5481 5432
5482 5433
5483 5434
5484 5435
5485 5436
5486 5437
5487 5438
5488 5439
5489 5440
5490 5441
5491 5442
5492 5443
5493 5444
5494 5445
5495 5446
5496 5447
5497 5448
5498 5449
5499 5450
5500 5451
5501 5452
5502 5453
5503 5454
5504 5455
5505 5457
5506 5458
5507 5459
5508 5460
5509 5461
5510 5462
5511 5463
5512 5464
5513 5465
5514 5466
5515 5467
5516 5468
5517 5469
5518 5470
5519 5471
5520 5472
5521 5473
5522 5474
5523 5475
5524 5476
5525 5477
5526 5479
5527 5480
5528 5481
5529 5482
5530 5483
5531 5484
5532 5485
5533 5486
5534 5487
5535 5488
5536 5489
5537 5490
5538 5491
5539 5492
5540 5494
5541 5495
5542 5496
5543 5498
5544 5499
5545 5500
5546 5501
5547 5502
5548 5503
5549 5504
5550 5505
5551 5506
5552 5507
5553 5508
5554 5509
5555 5510
5556 5511
5557 5512
5558 5513
5559 5514
5560 5515
5561 5516
5562 5517
5563 5518
5564 5519
5565 5520
5566 5521
5567 5522
5568 5524
5569 5525
5570 5526
5571 5527
5572 5528
5573 5529
5574 5530
5575 5531
5576 5532
5577 5536
5578 5537
5579 5538
5580 5539
5581 5540
5582 5541
5583 5542
5584 5543
5585 5544
5586 5545
5587 5880
5588 5547
5589 5548
5590 5549
5591 5550
5592 5551
5593 5552
5594 5553
5595 5554
5596 5555
5597 5556
5598 5557
5599 5558
5600 5559
5601 5560
5602 5561
5603 5562
5604 5563
5605 5564
5606 5565
5607 5566
5608 5567
5609 5568
5610 5570
5611 5571
5612 5572
5613 5573
5614 5574
5615 5575
5616 5576
5617 5577
5618 5578
5619 5579
5620 5580
5621 5582
5622 5583
5623 5584
5624 5588
5625 5589
5626 5590
5627 5591
5628 5592
5629 5593
5630 5594
5631 5595
5632 5596
5633 5597
5634 5598
5635 5599
5636 5600
5637 5601
5638 5602
5639 5603
5640 5604
5641 5605
5642 5606
5643 5607
5644 5608
5645 5609
5646 5610
5647 5611
5648 5612
5649 5613
5650 5614
5651 5615
5652 5616
5653 5617
5654 5618
5655 5619
5656 5620
5657 5621
5658 5622
5659 5623
5660 5624
5661 5625
5662 5626
5663 5627
5664 5628
5665 5629
5666 5630
5667 5631
5668 5632
5669 5633
5670 5634
5671 5635
5672 5636
5673 5637
5674 5638
5675 5639
5676 5640
5677 5642
5678 5643
5679 5644
5680 5645
5681 5646
5682 5647
5683 5648
5684 5650
5685 5651
5686 5652
5687 5653
5688 5654
5689 5655
5690 5656
5691 5657
5692 5664
5693 5660
5694 5661
5695 5662
5696 5663
5697 5665
5698 5666
5699 5668
5700 5669
5701 5670
5702 5672
5703 5673
5704 5674
5705 5676
5706 5677
5707 5678
5708 5679
5709 5680
5710 5681
5711 5682
5712 5683
5713 5684
5714 5685
5715 5688
5716 5689
5717 5690
5718 5691
5719 5692
5720 5693
5721 5694
5722 5695
5723 5696
5724 5699
5725 5700
5726 5701
5727 5702
5728 5703
5729 5704
5730 5705
5731 5706
5732 5707
5733 5708
5734 5709
5735 5710
5736 5712
5737 5713
5738 5714
5739 5716
5740 5717
5741 5718
5742 5719
5743 5720
5744 5721
5745 5722
5746 5723
5747 5724
5748 5725
5749 5726
5750 5727
5751 5728
5752 5729
5753 5730
5754 5731
5755 5732
5756 5733
5757 5734
5758 5735
5759 5736
5760 5737
5761 5738
5762 5739
5763 5740
5764 5742
5765 5743
5766 5745
5767 5746
5768 5747
5769 5748
5770 5749
5771 5751
5772 5752
5773 5753
5774 5755
5775 5756
5776 5757
5777 5758
5778 5759
5779 5760
5780 5761
5781 5762
5782 5763
5783 5764
5784 5765
5785 5767
5786 5769
5787 5771
5788 5773
5789 5774
5790 5775
5791 5776
5792 5777
5793 5779
5794 5780
5795 5781
5796 5782
5797 5783
5798 5787
5799 5788
5800 5789
5801 5790
5802 5879
5803 5795
5804 5797
5805 5798
5806 5799
5807 5800
5808 5801
5809 5802
5810 5803
5811 5804
5812 5805
5813 5809
5814 5807
5815 5808
5816 5810
5817 5811
5818 5812
5819 5813
5820 5814
5821 5815
5822 5816
5823 5817
5824 5818
5825 5819
5826 5820
5827 5821
5828 5822
5829 5823
5830 5824
5831 5825
5832 5826
5833 5827
5834 5828
5835 5829
5836 5830
5837 5831
5838 5832
5839 5833
5840 5834
5841 5835
5842 5836
5843 5838
5844 5839
5845 5840
5846 5841
5847 5843
5848 5844
5849 5845
5850 5846
5851 5847
5852 5848
5853 5849
5854 5850
5855 5851
5856 5852
5857 5853
5858 5854
5859 5855
5860 5856
5861 5857
5862 5858
5863 5859
5864 5860
5865 5861
5866 5862
5867 5863
5868 5864
5869 5865
5870 5866
5871 5867
5872 5868
5873 5869
5874 5870
5875 5871
5876 5872
5877 5873
5878 5874
5879 5875
5880 5876
5881 5877
5882 5878
5883 5881
5884 5883
5885 5885
5886 5886
5887 5887
5888 5888
5889 5889
5890 5890
5891 5891
5892 5892
5893 5893
5894 5894
5895 5895
5896 5896
5897 5897
5898 5898
5899 5899
5900 5900
5901 5901
5902 5902
5903 5903
5904 5904
5905 5905
5906 5906
5907 5907
5908 5908
5909 5909
5910 5910
5911 5911
5912 5912
5913 5913
5914 5914
5915 5915
5916 5916
5917 5917
5918 5918
5919 5919
5920 5920
5921 5921
5922 5922
5923 5923
5924 5924
5925 5925
5926 5926
5927 5927
5928 5928
5929 5929
5930 5930
5931 5931
5932 5932
5933 5933
5934 5934
5935 5935
5936 5936
5937 5937
5938 5938
5939 5939
5940 5940
5941 5941
5942 5942
5943 5943
5944 5944
5945 5945
5946 5946
5947 5947
5948 5948
5949 5949
5950 5950
5951 5951
5952 5953
5953 5952
5954 5954
5955 5955
5956 5956
5957 5957
5958 5958
5959 5959
5960 5960
5961 5961
5962 5962
5963 5963
5964 5964
5965 5965
5966 5966
5967 5967
5968 5968
5969 5969
5970 5970
5971 5974
5972 5971
5973 5972
5974 5973
5975 5975
5976 5976
5977 5977
5978 5978
5979 5980
5980 5979
5981 5982
5982 5981
5983 5983
5984 5984
5985 5985
5986 5986
5987 5987
5988 5988
5989 5989
5990 5990
5991 5991
5992 5992
5993 5993
5994 5994
5995 5995
5996 5996
5997 5997
5998 5998
5999 5999
6000 6000
6001 6001
6002 6002
6003 6003
6004 6004
6005 6005
6006 6006
6007 6007
6008 6008
6009 6009
6010 6010
6011 6011
6012 6012
6013 6013
6014 6014
6015 6015
6016 6016
6017 6017
6018 6018
6019 6019
6020 6020
6021 6021
6022 6022
6023 6023
6024 6024
6025 6025
6026 6026
6027 6027
6028 6028
6029 6029
6030 6030
6031 6031
6032 6032
6033 6033
6034 6034
6035 6035
6036 6036
6037 6037
6038 6038
6039 6039
6040 6040
6041 6041
6042 6042
6043 6043
6044 6044
6045 6045
6046 6046
6047 6047
6048 6048
6049 6049
6050 6050
6051 6051
6052 6052
6053 6053
6054 6054
6055 6055
6056 6056
6057 6057
6058 6058
6059 6059
6060 6060
6061 6061
6062 6062
6063 6063
6064 6064
6065 6065
6066 6066
6067 6067
6068 6068
6069 6069
6070 6070
6071 6071
6072 6072
6073 6073
6074 6074
6075 6075
6076 6076
6077 6077
6078 6078
6079 6079
6080 6080
6081 6081
6082 6082
6083 6083
6084 6084
6085 6085
6086 6086
6087 6087
6088 6088
6089 6089
6090 6090
6091 6091
6092 6092
6093 6093
6094 6094
6095 6095
6096 6096
6097 6097
6098 6098
6099 6099
6100 6100
6101 6101
6102 6102
6103 6103
6104 6104
6105 6105
6106 6106
6107 6107
6108 6108
6109 6109
6110 6110
6111 6111
6112 6112
6113 6113
6114 6114
6115 6115
6116 6116
6117 6117
6118 6118
6119 6119
6120 6120
6121 6121
6122 6122
6123 6123
6124 6124
6125 6125
6126 6126
6127 6127
6128 6128
6129 6129
6130 6130
6131 6131
6132 6132
6133 6133
6134 6134
6135 6135
6136 6136
6137 6137
6138 6138
6139 6139
6140 6140
6141 6141
6142 6142
6143 6143
6144 6144
6145 6145
6146 6146
6147 6147
6148 6148
6149 6149
6150 6150
6151 6151
6152 6152
6153 6153
6154 6154
6155 6155
6156 6156
6157 6157
6158 6158
6159 6159
6160 6160
6161 6162
6162 6161
6163 6163
6164 6164
6165 6165
6166 6166
6167 6167
6168 6168
6169 6169
6170 6170
6171 6171
6172 6172
6173 6173
6174 6174
6175 6175
6176 6176
6177 6177
6178 6178
6179 6179
6180 6180
6181 6181
6182 6182
6183 6183
6184 6184
6185 6185
6186 6186
6187 6187
6188 6188
6189 6189
6190 6192
6191 6190
6192 6191
6193 6193
6194 6194
6195 6195
6196 6196
6197 6197
6198 6198
6199 6199
6200 6200
6201 6201
6202 6202
6203 6203
6204 6204
6205 6205
6206 6206
6207 6207
6208 6208
6209 6209
6210 6210
6211 6211
6212 6212
6213 6213
6214 6214
6215 6215
6216 6216
6217 6217
6218 6218
6219 6219
6220 6220
6221 6221
6222 6222
6223 6223
6224 6224
6225 6225
6226 6226
6227 6227
6228 6228
6229 6229
6230 6230
6231 6231
6232 6232
6233 6233
6234 6234
6235 6235
6236 6236
6237 6237
6238 6238
6239 6239
6240 6240
6241 6241
6242 6242
6243 6243
6244 6244
6245 6245
6246 6246
6247 6247
6248 6248
6249 6249
6250 6250
6251 6251
6252 6252
6253 6253
6254 6254
6255 6255
6256 6256
6257 6257
6258 6258
6259 6259
6260 6260
6261 6261
6262 6262
6263 6263
6264 6264
6265 6265
6266 6266
6267 6268
6268 6267
6269 6269
6270 6270
6271 6271
6272 6272
6273 6273
6274 6274
6275 6275
6276 6276
6277 6277
6278 6278
6279 6279
6280 6280
6281 6281
6282 6282
6283 6283
6284 6284
6285 6285
6286 6286
6287 6287
6288 6288
6289 6289
6290 6290
6291 6291
6292 6292
6293 6293
6294 6294
6295 6295
6296 6296
6297 6297
6298 6298
6299 6299
6300 6300
6301 6301
6302 6302
6303 6303
6304 6304
6305 6305
6306 6306
6307 6307
6308 6308
6309 6309
6310 6310
6311 6311
6312 6312
6313 6313
6314 6314
6315 6315
6316 6316
6317 6317
6318 6318
6319 6319
6320 6320
6321 6321
6322 6322
6323 6323
6324 6324
6325 6325
6326 6326
6327 6327
6328 6328
6329 6329
6330 6330
6331 6331
6332 6332
6333 6333
6334 6334
6335 6335
6336 6336
6337 6337
6338 6338
6339 6339
6340 6340
6341 6341
6342 6342
6343 6343
6344 6344
6345 6345
6346 6346
6347 6347
6348 6348
6349 6349
6350 6350
6351 6351
6352 6352
6353 6353
6354 6354
6355 6355
6356 6356
6357 6357
6358 6358
6359 6359
6360 6360
6361 6361
6362 6362
6363 6363
6364 6364
6365 6365
6366 6366
6367 6367
6368 6368
6369 6369
6370 6370
6371 6371
6372 6372
6373 6373
6374 6374
6375 6375
6376 6377
6377 6378
6378 6379
6379 6380
6380 6381
6381 6382
6382 6383
6383 6384
6384 6385
6385 6386
6386 6387
6387 6388
6388 6524
6389 6389
6390 6390
6391 6391
6392 6392
6393 6393
6394 6394
6395 6395
6396 6396
6397 6397
6398 6398
6399 6399
6400 6400
6401 6401
6402 6402
6403 6403
6404 6404
6405 6424
6406 6405
6407 6406
6408 6407
6409 6408
6410 6409
6411 6410
6412 6411
6413 6412
6414 6413
6415 6415
6416 6414
6417 6416
6418 6417
6419 6418
6420 6419
6421 6420
6422 6421
6423 6422
6424 6423
6425 6425
6426 6426
6427 6427
6428 6428
6429 6429
6430 6430
6431 6431
6432 6432
6433 6433
6434 6434
6435 6435
6436 6436
6437 6437
6438 6438
6439 6439
6440 6440
6441 6441
6442 6442
6443 6443
6444 6444
6445 6445
6446 6446
6447 6447
6448 6448
6449 6449
6450 6450
6451 6451
6452 6452
6453 6453
6454 6454
6455 6455
6456 6456
6457 6457
6458 6463
6459 6481
6460 6458
6461 6464
6462 6466
6463 6472
6464 6485
6465 6459
6466 6473
6467 6465
6468 6461
6469 6469
6470 6468
6471 6460
6472 6462
6473 6471
6474 6475
6475 6835
6476 6474
6477 6467
6478 6486
6479 6470
6480 6476
6481 6477
6482 6478
6483 6479
6484 6480
6485 6482
6486 6483
6487 6484
6488 6487
6489 6488
6490 6489
6491 6490
6492 6491
6493 6492
6494 6493
6495 6494
6496 6495
6497 6496
6498 6497
6499 6498
6500 6499
6501 6500
6502 6501
6503 6502
6504 6503
6505 6525
6506 6860
6507 6504
6508 6505
6509 6506
6510 6507
6511 6508
6512 6509
6513 6510
6514 6511
6515 6512
6516 6513
6517 6514
6518 6515
6519 6516
6520 6517
6521 6518
6522 6519
6523 6678
6524 6520
6525 6521
6526 6522
6527 6523
6528 6533
6529 6526
6530 6527
6531 6528
6532 6529
6533 6530
6534 6531
6535 6532
6536 6534
6537 6535
6538 6536
6539 6537
6540 6538
6541 6539
6542 6540
6543 6541
6544 6542
6545 6543
6546 6544
6547 6545
6548 6546
6549 6547
6550 6548
6551 6549
6552 6550
6553 6551
6554 6552
6555 6553
6556 6554
6557 6555
6558 6556
6559 6557
6560 6558
6561 6559
6562 6560
6563 6561
6564 6562
6565 6563
6566 6564
6567 6565
6568 6566
6569 6567
6570 6568
6571 6569
6572 6570
6573 6571
6574 6572
6575 6573
6576 6574
6577 6575
6578 6576
6579 6577
6580 6578
6581 6579
6582 6580
6583 6581
6584 6582
6585 6583
6586 6584
6587 6585
6588 6586
6589 6587
6590 6588
6591 6589
6592 6590
6593 6591
6594 6592
6595 6593
6596 6594
6597 6595
6598 6596
6599 6597
6600 6598
6601 6599
6602 6600
6603 6601
6604 6602
6605 6603
6606 6604
6607 6605
6608 6606
6609 6607
6610 6608
6611 6609
6612 6610
6613 6611
6614 6612
6615 6613
6616 6614
6617 6615
6618 6616
6619 6617
6620 6618
6621 6619
6622 6620
6623 6621
6624 6622
6625 6623
6626 6624
6627 6625
6628 6626
6629 6627
6630 6628
6631 6629
6632 6630
6633 6631
6634 6632
6635 6637
6636 6633
6637 6634
6638 6635
6639 6636
6640 6638
6641 6639
6642 6640
6643 6641
6644 6642
6645 6643
6646 6644
6647 6645
6648 6646
6649 6647
6650 6648
6651 6649
6652 6650
6653 6669
6654 6670
6655 6672
6656 6651
6657 6687
6658 6671
6659 6652
6660 6657
6661 6653
6662 6654
6663 6655
6664 6656
6665 6658
6666 6659
6667 6660
6668 6661
6669 6662
6670 6663
6671 6664
6672 6665
6673 6666
6674 6667
6675 6668
6676 6673
6677 6674
6678 6675
6679 6676
6680 6677
6681 6679
6682 6680
6683 6681
6684 6682
6685 6683
6686 6684
6687 6685
6688 6686
6689 6688
6690 6689
6691 6690
6692 6691
6693 6692
6694 6693
6695 6694
6696 6695
6697 6696
6698 6697
6699 6698
6700 6699
6701 6700
6702 6701
6703 6702
6704 6703
6705 6704
6706 6705
6707 6706
6708 6707
6709 6708
6710 6709
6711 6710
6712 6711
6713 6712
6714 6713
6715 6714
6716 6715
6717 6716
6718 6717
6719 6718
6720 6719
6721 6720
6722 6721
6723 6722
6724 6723
6725 6724
6726 6725
6727 6726
6728 6727
6729 6728
6730 6729
6731 6730
6732 6731
6733 6732
6734 6733
6735 6734
6736 6735
6737 6736
6738 6737
6739 6738
6740 6739
6741 6740
6742 6741
6743 6742
6744 6743
6745 6744
6746 6745
6747 6753
6748 6749
6749 6759
6750 6762
6751 6746
6752 6747
6753 6748
6754 6750
6755 6751
6756 6752
6757 6754
6758 6755
6759 6756
6760 6757
6761 6758
6762 6760
6763 6761
6764 6763
6765 6764
6766 6765
6767 6766
6768 6767
6769 6768
6770 6769
6771 6770
6772 6771
6773 6772
6774 6773
6775 6774
6776 6775
6777 6776
6778 6777
6779 6778
6780 6779
6781 6780
6782 6781
6783 6782
6784 6783
6785 6784
6786 6785
6787 6786
6788 6787
6789 6788
6790 6789
6791 6790
6792 6791
6793 6792
6794 6793
6795 6794
6796 6795
6797 6796
6798 6797
6799 6798
6800 6799
6801 6800
6802 6801
6803 6802
6804 6803
6805 6804
6806 6805
6807 6806
6808 6807
6809 6808
6810 6809
6811 6810
6812 6811
6813 6840
6814 6812
6815 6813
6816 6814
6817 6815
6818 6816
6819 6817
6820 6818
6821 6819
6822 6820
6823 6821
6824 6822
6825 6837
6826 6823
6827 6824
6828 6825
6829 6826
6830 6827
6831 6828
6832 6829
6833 6831
6834 6832
6835 6833
6836 6830
6837 6834
6838 6836
6839 6838
6840 6839
6841 6841
6842 6842
6843 6843
6844 6844
6845 6845
6846 6846
6847 6847
6848 6848
6849 6849
6850 6850
6851 6851
6852 6852
6853 6853
6854 6854
6855 6855
6856 6856
6857 6857
6858 6858
6859 6859
6860 6861
6861 6862
6862 6863
6863 6864
6864 6865
6865 6866
6866 6867
6867 6868
6868 6869
6869 6870
6870 6871
6871 6872
6872 6873
6873 6874
6874 7230
6875 6876
6876 6877
6877 6878
6878 6879
6879 6880
6880 6881
6881 6882
6882 6883
6883 6884
6884 6885
6885 6886
6886 6887
6887 6888
6888 6889
6889 6890
6890 6891
6891 6892
6892 6893
6893 6894
6894 6895
6895 6896
6896 6897
6897 6898
6898 6899
6899 6900
6900 6901
6901 6902
6902 6903
6903 6904
6904 6905
6905 6906
6906 6907
6907 6908
6908 6909
6909 6910
6910 6911
6911 6912
6912 6913
6913 6914
6914 6915
6915 6916
6916 6917
6917 6918
6918 6919
6919 6920
6920 6924
6921 6925
6922 6922
6923 6921
6924 6923
6925 6926
6926 6927
6927 6928
6928 6939
6929 6929
6930 6930
6931 6931
6932 6932
6933 6933
6934 6934
6935 6935
6936 6936
6937 6937
6938 6938
6939 6940
6940 6941
6941 6942
6942 6943
6943 6944
6944 6945
6945 6946
6946 6947
6947 6948
6948 6949
6949 6950
6950 6951
6951 6952
6952 6953
6953 6954
6954 6955
6955 6956
6956 6957
6957 6958
6958 6959
6959 6960
6960 6961
6961 6962
6962 6963
6963 6964
6964 6965
6965 6966
6966 6967
6967 6968
6968 6969
6969 6970
6970 6971
6971 6972
6972 6973
6973 6974
6974 6975
6975 6976
6976 6977
6977 6978
6978 6979
6979 6980
6980 6981
6981 6982
6982 6983
6983 6984
6984 6985
6985 6986
6986 6987
6987 6988
6988 6989
6989 6990
6990 6991
6991 6992
6992 6993
6993 6994
6994 6995
6995 6996
6996 6997
6997 6998
6998 6999
6999 7000
7000 7001
7001 7002
7002 7003
7003 7004
7004 7005
7005 7006
7006 7007
7007 7008
7008 7009
7009 7010
7010 7011
7011 7012
7012 7013
7013 7014
7014 7015
7015 7016
7016 7017
7017 7018
7018 7019
7019 7020
7020 7021
7021 7022
7022 7023
7023 7024
7024 7025
7025 7026
7026 7027
7027 7028
7028 7029
7029 7030
7030 7031
7031 7032
7032 7033
7033 7034
7034 7035
7035 7036
7036 7037
7037 7038
7038 7039
7039 7040
7040 7041
7041 7042
7042 7043
7043 7044
7044 7045
7045 7046
7046 7047
7047 7048
7048 7049
7049 7050
7050 7051
7051 7052
7052 7053
7053 7054
7054 7055
7055 7056
7056 7057
7057 7058
7058 7059
7059 7060
7060 7061
7061 7062
7062 7119
7063 7063
7064 7064
7065 7065
7066 7066
7067 7067
7068 7068
7069 7069
7070 7070
7071 7071
7072 7072
7073 7073
7074 7074
7075 7075
7076 7076
7077 7077
7078 7078
7079 7079
7080 7080
7081 7081
7082 7082
7083 7083
7084 7084
7085 7085
7086 7086
7087 7087
7088 7088
7089 7089
7090 7090
7091 7091
7092 7092
7093 7093
7094 7094
7095 7095
7096 7096
7097 7097
7098 7098
7099 7099
7100 7100
7101 7101
7102 7102
7103 7103
7104 7104
7105 7105
7106 7106
7107 7107
7108 7108
7109 7109
7110 7110
7111 7111
7112 7112
7113 7113
7114 7114
7115 7115
7116 7116
7117 7117
7118 7118
7119 7120
7120 7121
7121 7122
7122 7123
7123 7124
7124 7125
7125 7126
7126 7127
7127 7128
7128 7129
7129 7130
7130 7131
7131 7132
7132 7133
7133 7134
7134 7135
7135 7136
7136 7137
7137 7138
7138 7139
7139 7140
7140 7141
7141 7142
7142 7143
7143 7144
7144 7145
7145 7146
7146 7147
7147 7148
7148 7149
7149 7151
7150 7150
7151 7152
7152 7153
7153 7155
7154 7154
7155 7156
7156 7157
7157 7158
7158 7159
7159 7160
7160 7161
7161 7162
7162 7163
7163 7164
7164 7165
7165 7166
7166 7167
7167 7168
7168 7169
7169 7170
7170 7171
7171 7172
7172 7173
7173 7174
7174 7175
7175 7176
7176 7177
7177 7178
7178 7179
7179 7180
7180 7181
7181 7182
7182 7183
7183 7184
7184 7185
7185 7186
7186 7187
7187 7188
7188 7189
7189 7190
7190 7191
7191 7192
7192 7193
7193 7194
7194 7195
7195 7196
7196 7197
7197 7198
7198 7199
7199 7200
7200 7201
7201 7202
7202 7203
7203 7204
7204 7205
7205 7206
7206 7207
7207 7208
7208 7209
7209 7210
7210 7211
7211 7212
7212 7213
7213 7214
7214 7215
7215 7216
7216 7217
7217 7218
7218 7219
7219 7220
7220 7221
7221 7222
7222 7223
7223 7224
7224 7225
7225 7226
7226 7227
7227 7228
7228 7229
7229 7231
7230 7232
7231 7233
7232 7234
7233 7235
7234 7236
7235 7237
7236 7238
7237 7239
7238 7240
7239 7241
7240 7242
7241 7243
7242 7244
7243 7245
7244 7246
7245 7247
7246 7248
7247 7249
7248 7250
7249 7251
7250 7252
7251 7253
7252 7254
7253 7255
7254 7256
7255 7257
7256 7258
7257 7259
7258 7260
7259 7261
7260 7262
7261 7263
7262 7264
7263 7265
7264 7266
7265 7267
7266 7268
7267 7269
7268 7270
7269 7271
7270 7272
7271 7273
7272 7274
7273 7275
7274 7276
7275 7277
7276 7278
7277 7279
7278 7280
7279 7281
7280 7282
7281 7283
7282 7284
7283 7285
7284 7286
7285 7287
7286 7288
7287 7289
7288 7290
7289 7291
7290 7292
7291 7293
7292 7294
7293 7295
7294 7296
7295 7297
7296 7298
7297 7299
7298 7300
7299 7301
7300 7302
7301 7303
7302 7304
7303 7305
7304 7306
7305 7307
7306 7308
7307 7309
7308 7310
7309 7311
7310 7312
7311 7313
7312 7314
7313 7315
7314 7316
7315 7317
7316 7318
7317 7319
7318 7320
7319 7321
7320 7322
7321 7323
7322 7324
7323 7325
7324 7326
7325 7327
7326 7328
7327 7329
7328 7330
7329 7331
7330 7332
7331 7333
7332 7334
7333 7335
7334 7336
7335 7337
7336 7338
7337 7339
7338 7340
7339 7341
7340 7342
7341 7343
7342 7344
7343 7345
7344 7346
7345 7347
7346 7348
7347 7349
7348 7350
7349 7351
7350 7352
7351 7353
7352 7354
7353 7355
7354 7356
7355 7357
7356 7358
7357 7359
7358 7360
7359 7361
7360 7362
7361 7363
7362 7364
7363 7365
7364 7366
7365 7367
7366 7368
7367 7369
7368 7370
7369 7371
7370 7372
7371 7373
7372 7374
7373 7375
7374 7376
7375 7377
7376 7378
7377 7379
7378 7380
7379 7381
7380 7382
7381 7383
7382 7384
7383 7385
7384 7386
7385 7387
7386 7388
7387 7389
7388 7390
7389 7391
7390 7392
7391 7393
7392 7394
7393 7395
7394 7396
7395 7397
7396 7398
7397 7399
7398 7400
7399 7401
7400 7402
7401 7403
7402 7404
7403 7405
7404 7406
7405 7407
7406 7408
7407 7409
7408 7410
7409 7411
7410 7413
7411 7414
7412 7415
7413 7416
7414 7417
7415 7418
7416 7419
7417 7420
7418 7421
7419 7422
7420 7423
7421 7424
7422 7425
7423 7426
7424 7427
7425 7428
7426 7429
7427 7430
7428 7431
7429 7432
7430 7433
7431 7434
7432 7435
7433 7436
7434 7437
7435 7438
7436 7439
7437 7441
7438 7440
7439 7449
7440 7442
7441 7443
7442 7444
7443 7445
7444 7446
7445 7447
7446 7448
7447 7450
7448 7451
7449 7452
7450 7453
7451 7454
7452 7455
7453 7456
7454 7457
7455 7458
7456 7459
7457 7460
7458 7461
7459 7462
7460 7463
7461 7464
7462 7465
7463 7466
7464 7467
7465 7468
7466 7469
7467 7470
7468 7471
7469 7472
7470 7473
7471 7474
7472 7475
7473 7476
7474 7477
7475 7478
7476 7479
7477 7480
7478 7481
7479 7482
7480 7483
7481 7484
7482 7485
7483 7486
7484 7487
7485 7488
7486 7489
7487 7490
7488 7491
7489 7492
7490 7493
7491 7494
7492 7495
7493 7496
7494 7497
7495 7498
7496 7499
7497 7500
7498 7501
7499 7502
7500 7503
7501 7504
7502 7505
7503 7506
7504 7507
7505 7508
7506 7509
7507 7510
7508 7511
7509 7512
7510 7513
7511 7514
7512 7515
7513 7516
7514 7517
7515 7518
7516 7519
7517 7520
7518 7521
7519 7522
7520 7523
7521 7524
7522 7525
7523 7526
7524 7527
7525 7528
7526 7529
7527 7530
7528 7531
7529 7532
7530 7533
7531 7534
7532 7535
7533 7536
7534 7537
7535 7538
7536 7539
7537 7540
7538 7541
7539 7542
7540 7543
7541 7544
7542 7545
7543 7546
7544 7547
7545 7548
7546 7549
7547 7550
7548 7551
7549 7552
7550 7553
7551 7554
7552 7555
7553 7556
7554 7557
7555 7558
7556 7559
7557 7560
7558 7561
7559 7562
7560 7563
7561 7564
7562 7565
7563 7566
7564 7567
7565 7568
7566 7653
7567 7569
7568 7570
7569 7571
7570 7572
7571 7573
7572 7574
7573 7575
7574 7576
7575 7577
7576 7578
7577 7579
7578 7580
7579 7581
7580 7582
7581 7583
7582 7584
7583 7585
7584 7586
7585 7587
7586 7588
7587 7589
7588 7590
7589 7591
7590 7592
7591 7593
7592 7594
7593 7595
7594 7596
7595 7597
7596 7598
7597 7599
7598 7600
7599 7601
7600 7602
7601 7603
7602 7604
7603 7605
7604 7606
7605 7643
7606 7607
7607 7608
7608 7609
7609 7610
7610 7611
7611 7612
7612 7613
7613 7614
7614 7615
7615 7616
7616 7617
7617 7618
7618 7619
7619 7620
7620 7621
7621 7622
7622 7623
7623 7624
7624 7625
7625 7626
7626 7627
7627 7628
7628 7629
7629 7630
7630 7631
7631 7632
7632 7633
7633 7634
7634 7635
7635 7636
7636 7637
7637 7638
7638 7639
7639 7640
7640 7644
7641 7641
7642 7647
7643 7642
7644 7645
7645 7646
7646 7648
7647 7649
7648 7650
7649 7651
7650 7652
7651 7654
7652 7655
7653 7656
7654 7657
7655 7658
7656 7659
7657 7660
7658 7661
7659 7662
7660 7663
7661 7664
7662 7665
7663 7666
7664 7667
7665 7668
7666 7669
7667 7670
7668 7671
7669 7672
7670 7673
7671 7674
7672 7675
7673 7676
7674 7677
7675 7678
7676 7679
7677 7680
7678 7681
7679 7682
7680 7683
7681 7684
7682 7685
7683 7686
7684 7687
7685 7688
7686 7689
7687 7690
7688 7691
7689 7692
7690 7693
7691 7694
7692 7695
7693 7696
7694 7697
7695 7698
7696 7699
7697 7700
7698 7701
7699 7702
7700 7703
7701 7704
7702 7705
7703 7706
7704 7707
7705 7708
7706 7709
7707 7710
7708 7711
7709 7712
7710 7713
7711 7714
7712 7715
7713 7716
7714 7717
7715 7718
7716 7719
7717 7720
7718 7721
7719 7722
7720 7723
7721 7724
7722 7725
7723 7726
7724 7727
7725 7728
7726 7729
7727 7730
7728 7731
7729 7732
7730 7733
7731 7734
7732 7735
7733 7736
7734 7737
7735 7738
7736 7739
7737 7740
7738 7741
7739 7742
7740 7743
7741 7744
7742 7745
7743 7746
7744 7747
7745 7748
7746 7749
7747 7750
7748 7751
7749 7752
7750 7753
7751 7754
7752 7755
7753 7756
7754 7757
7755 7758
7756 7759
7757 7760
7758 7761
7759 7762
7760 7763
7761 7764
7762 7765
7763 7766
7764 7767
7765 7768
7766 7769
7767 7770
7768 7771
7769 7772
7770 7773
7771 7774
7772 7775
7773 7776
7774 7777
7775 7778
7776 7779
7777 7805
7778 7809
7779 7811
7780 7780
7781 7799
7782 7781
7783 7782
7784 7783
7785 7784
7786 7785
7787 7786
7788 7787
7789 7788
7790 7789
7791 7790
7792 7791
7793 7792
7794 7793
7795 7794
7796 7795
7797 7796
7798 7797
7799 7798
7800 7800
7801 7801
7802 7802
7803 7803
7804 7804
7805 7806
7806 7807
7807 7808
7808 7810
7809 7812
7810 7813
7811 7814
7812 7815
7813 7816
7814 7817
7815 7818
7816 7819
7817 7820
7818 7821
7819 7822
7820 7823
7821 7824
7822 7825
7823 7826
7824 7827
7825 7828
7826 7829
7827 7830
7828 7831
7829 7832
7830 7833
7831 7834
7832 7835
7833 7836
7834 7837
7835 7838
7836 7839
7837 7840
7838 7841
7839 7842
7840 7843
7841 7844
7842 7845
7843 7846
7844 7847
7845 7848
7846 7849
7847 7850
7848 7851
7849 7852
7850 7853
7851 7854
7852 7855
7853 7856
7854 7857
7855 7858
7856 7859
7857 7860
7858 7861
7859 7862
7860 7863
7861 7864
7862 7865
7863 7866
7864 7867
7865 7868
7866 7869
7867 7870
7868 7871
7869 7872
7870 7873
7871 7874
7872 7875
7873 7876
7874 7877
7875 7878
7876 7879
7877 7880
7878 7881
7879 7882
7880 7883
7881 7884
7882 7885
7883 7886
7884 7887
7885 7888
7886 7889
7887 7890
7888 7891
7889 7892
7890 7893
7891 7894
7892 7895
7893 7896
7894 7897
7895 7898
7896 7899
7897 7900
7898 7901
7899 7902
7900 7903
7901 7904
7902 7905
7903 7906
7904 7907
7905 7908
7906 7911
7907 7909
7908 7910
7909 7912
7910 7913
7911 7914
7912 7915
7913 7916
7914 7917
7915 7918
7916 7919
7917 7920
7918 7921
7919 7922
7920 7923
7921 7924
7922 7925
7923 7928
7924 7930
7925 7927
7926 7926
7927 7929
7928 7931
7929 7932
7930 7933
7931 7934
7932 7935
7933 7936
7934 7937
7935 7938
7936 7939
7937 7940
7938 7941
7939 7942
7940 7943
7941 7944
7942 7945
7943 7946
7944 7947
7945 7948
7946 7949
7947 7950
7948 7951
7949 7952
7950 7953
7951 7954
7952 7955
7953 7956
7954 7957
7955 7958
7956 7959
7957 7960
7958 7961
7959 7962
7960 7963
7961 7964
7962 7965
7963 7966
7964 7967
7965 7968
7966 7969
7967 7970
7968 7971
7969 7972
7970 7973
7971 7974
7972 7975
7973 7976
7974 7977
7975 7978
7976 7979
7977 7980
7978 7981
7979 7982
7980 7983
7981 7984
7982 7985
7983 7986
7984 7987
7985 7988
7986 7989
7987 7990
7988 7992
7989 7993
7990 7994
7991 7995
7992 7996
7993 7997
7994 7998
7995 7999
7996 8000
7997 8001
7998 8002
7999 8046
8000 8003
8001 8004
8002 8005
8003 8029
8004 8006
8005 8007
8006 8008
8007 8043
8008 8554
8009 8009
8010 8044
8011 8010
8012 8011
8013 8012
8014 8013
8015 8014
8016 8555
8017 8015
8018 8016
8019 8017
8020 8018
8021 8019
8022 8020
8023 8021
8024 8022
8025 8023
8026 8024
8027 8025
8028 8026
8029 8027
8030 8028
8031 8039
8032 8175
8033 8030
8034 8031
8035 8042
8036 8032
8037 8036
8038 8033
8039 8034
8040 8035
8041 8037
8042 8171
8043 8038
8044 8401
8045 8040
8046 8041
8047 8173
8048 8521
8049 8547
8050 8045
8051 8048
8052 8047
8053 8049
8054 8050
8055 8051
8056 8052
8057 8053
8058 8054
8059 8055
8060 8056
8061 8057
8062 8058
8063 8059
8064 8060
8065 8061
8066 8062
8067 8063
8068 8064
8069 8065
8070 8066
8071 8067
8072 8068
8073 8069
8074 8070
8075 8071
8076 8072
8077 8073
8078 8074
8079 8075
8080 8076
8081 8077
8082 8078
8083 8079
8084 8080
8085 8081
8086 8082
8087 8083
8088 8084
8089 8090
8090 8092
8091 8088
8092 8091
8093 8085
8094 8086
8095 8087
8096 8089
8097 8093
8098 8094
8099 8095
8100 8096
8101 8097
8102 8098
8103 8099
8104 8100
8105 8101
8106 8102
8107 8103
8108 8104
8109 8105
8110 8106
8111 8107
8112 8108
8113 8109
8114 8110
8115 8111
8116 8112
8117 8113
8118 8114
8119 8115
8120 8116
8121 8117
8122 8118
8123 8119
8124 8120
8125 8121
8126 8122
8127 8123
8128 8124
8129 8125
8130 8126
8131 8127
8132 8559
8133 8128
8134 8129
8135 8130
8136 8131
8137 8132
8138 8133
8139 8134
8140 8135
8141 8136
8142 8137
8143 8138
8144 8139
8145 8140
8146 8141
8147 8142
8148 8143
8149 8144
8150 8145
8151 8146
8152 8147
8153 8148
8154 8149
8155 8150
8156 8151
8157 8152
8158 8153
8159 8154
8160 8155
8161 8156
8162 8157
8163 8158
8164 8159
8165 8160
8166 8161
8167 8162
8168 8163
8169 8164
8170 8165
8171 8166
8172 8167
8173 8168
8174 8169
8175 8170
8176 8546
8177 8539
8178 8172
8179 8174
8180 8176
8181 8177
8182 8178
8183 8179
8184 8180
8185 8181
8186 8182
8187 8183
8188 8184
8189 8185
8190 8186
8191 8187
8192 8188
8193 8189
8194 8190
8195 8191
8196 8192
8197 8193
8198 8194
8199 8195
8200 8196
8201 8197
8202 8198
8203 8199
8204 8200
8205 8201
8206 8202
8207 8203
8208 8204
8209 8205
8210 8206
8211 8207
8212 8208
8213 8209
8214 8210
8215 8211
8216 8212
8217 8213
8218 8315
8219 8214
8220 8215
8221 8216
8222 8217
8223 8218
8224 8219
8225 8220
8226 8221
8227 8222
8228 8223
8229 8224
8230 8225
8231 8226
8232 8227
8233 8228
8234 8229
8235 8230
8236 8231
8237 8232
8238 8233
8239 8234
8240 8235
8241 8236
8242 8237
8243 8238
8244 8239
8245 8240
8246 8241
8247 8403
8248 8242
8249 8243
8250 8244
8251 8245
8252 8246
8253 8247
8254 8248
8255 8249
8256 8250
8257 8259
8258 8605
8259 8251
8260 8252
8261 8253
8262 8254
8263 8255
8264 8256
8265 8257
8266 8258
8267 8260
8268 8261
8269 8262
8270 8263
8271 8264
8272 8265
8273 8266
8274 8267
8275 8268
8276 8269
8277 8270
8278 8271
8279 8272
8280 8273
8281 8274
8282 8275
8283 8276
8284 8277
8285 8278
8286 8279
8287 8280
8288 8281
8289 8282
8290 8283
8291 8284
8292 8285
8293 8286
8294 8287
8295 8288
8296 8289
8297 8290
8298 8390
8299 8291
8300 8292
8301 8293
8302 8294
8303 8295
8304 8296
8305 8297
8306 8298
8307 8299
8308 8300
8309 8301
8310 8302
8311 8303
8312 8304
8313 8305
8314 8306
8315 8307
8316 8308
8317 8309
8318 8310
8319 8311
8320 8312
8321 8313
8322 8314
8323 8316
8324 8317
8325 8318
8326 8319
8327 8320
8328 8548
8329 8321
8330 8322
8331 8323
8332 8324
8333 8325
8334 8326
8335 8327
8336 8328
8337 8329
8338 8330
8339 8331
8340 8332
8341 8333
8342 8334
8343 8336
8344 8335
8345 8337
8346 8338
8347 8339
8348 8340
8349 8341
8350 8342
8351 8343
8352 8344
8353 8345
8354 8480
8355 8346
8356 8347
8357 8348
8358 8349
8359 8350
8360 8351
8361 8352
8362 8353
8363 8354
8364 8365
8365 8355
8366 8356
8367 8357
8368 8537
8369 8358
8370 8359
8371 8360
8372 8361
8373 8362
8374 8363
8375 8364
8376 8366
8377 8367
8378 8368
8379 8369
8380 8370
8381 8371
8382 8372
8383 8373
8384 8374
8385 8375
8386 8376
8387 8377
8388 8402
8389 8378
8390 8379
8391 8380
8392 8381
8393 8382
8394 8383
8395 8384
8396 8385
8397 8386
8398 8387
8399 8388
8400 8389
8401 8400
8402 8391
8403 8392
8404 8393
8405 8394
8406 8395
8407 8396
8408 8397
8409 8398
8410 8399
8411 8465
8412 8404
8413 8405
8414 8406
8415 8407
8416 8408
8417 8409
8418 8410
8419 8411
8420 8412
8421 8413
8422 8414
8423 8474
8424 8415
8425 8416
8426 8417
8427 8418
8428 8419
8429 8420
8430 8421
8431 8422
8432 8423
8433 8424
8434 8425
8435 8426
8436 8427
8437 8428
8438 8429
8439 8430
8440 8431
8441 8432
8442 8433
8443 8434
8444 8435
8445 8436
8446 8437
8447 8438
8448 8439
8449 8440
8450 8441
8451 8442
8452 8443
8453 8444
8454 8445
8455 8446
8456 8447
8457 8448
8458 8449
8459 8450
8460 8451
8461 8452
8462 8478
8463 8453
8464 8454
8465 8536
8466 8455
8467 8456
8468 8457
8469 8458
8470 8459
8471 8460
8472 8461
8473 8462
8474 8463
8475 8464
8476 8466
8477 8467
8478 8468
8479 8469
8480 8470
8481 8471
8482 8472
8483 8473
8484 8475
8485 8476
8486 8477
8487 8479
8488 8481
8489 8482
8490 8517
8491 8483
8492 8484
8493 8485
8494 8486
8495 8487
8496 8488
8497 8489
8498 8490
8499 8491
8500 8492
8501 8493
8502 8494
8503 8495
8504 8496
8505 8497
8506 8498
8507 8499
8508 8500
8509 8501
8510 8502
8511 8503
8512 8504
8513 8505
8514 8506
8515 8507
8516 8508
8517 8509
8518 8510
8519 8511
8520 8512
8521 8513
8522 8514
8523 8515
8524 8516
8525 8518
8526 8519
8527 8520
8528 8522
8529 8523
8530 8524
8531 8525
8532 8526
8533 8527
8534 8528
8535 8529
8536 8530
8537 8531
8538 8532
8539 8533
8540 8534
8541 8535
8542 8538
8543 8540
8544 8541
8545 8542
8546 8543
8547 8544
8548 8545
8549 8549
8550 8550
8551 8551
8552 8552
8553 8553
8554 8556
8555 8557
8556 8558
8557 8560
8558 8561
8559 8562
8560 8563
8561 8564
8562 8565
8563 8566
8564 8567
8565 8568
8566 8569
8567 8570
8568 8571
8569 8572
8570 8573
8571 8574
8572 8575
8573 8576
8574 8577
8575 8578
8576 8579
8577 8580
8578 8581
8579 8582
8580 8583
8581 8584
8582 8585
8583 8586
8584 8587
8585 8588
8586 8589
8587 8590
8588 8591
8589 8592
8590 8593
8591 8594
8592 8595
8593 8596
8594 8597
8595 8598
8596 8599
8597 8600
8598 8601
8599 8602
8600 8603
8601 8604
8602 8606
8603 8607
8604 8608
8605 8609
8606 8610
8607 8611
8608 8612
8609 8613
8610 8614
8611 8615
8612 8617
8613 8618
8614 8619
8615 8620
8616 8621
8617 8966
8618 8622
8619 8623
8620 8624
8621 8625
8622 8626
8623 8627
8624 8628
8625 8629
8626 8630
8627 8631
8628 8632
8629 8633
8630 8634
8631 8635
8632 8636
8633 8637
8634 8638
8635 8639
8636 8640
8637 8641
8638 8642
8639 8643
8640 8644
8641 8645
8642 8646
8643 9282
8644 8647
8645 9175
8646 8648
8647 8649
8648 8650
8649 8896
8650 8651
8651 8652
8652 8653
8653 8654
8654 9247
8655 9248
8656 8655
8657 8656
8658 8657
8659 8658
8660 8659
8661 8660
8662 8661
8663 8662
8664 8663
8665 8664
8666 8665
8667 8666
8668 8667
8669 8668
8670 8669
8671 8670
8672 8671
8673 8672
8674 8673
8675 8674
8676 8675
8677 9056
8678 8676
8679 8677
8680 8678
8681 8679
8682 8680
8683 8681
8684 8682
8685 8683
8686 8684
8687 8685
8688 8686
8689 8687
8690 8688
8691 8689
8692 8690
8693 8691
8694 8692
8695 8693
8696 8694
8697 8695
8698 8696
8699 8767
8700 8697
8701 8770
8702 8698
8703 8699
8704 8700
8705 8701
8706 8702
8707 8703
8708 8704
8709 8705
8710 8706
8711 8707
8712 8708
8713 8709
8714 8710
8715 8711
8716 8712
8717 8713
8718 8714
8719 8715
8720 8716
8721 8717
8722 8718
8723 8719
8724 8720
8725 8721
8726 8722
8727 8723
8728 8724
8729 8725
8730 8726
8731 8727
8732 8728
8733 8729
8734 8730
8735 8731
8736 8732
8737 8733
8738 8734
8739 8735
8740 8736
8741 8737
8742 8738
8743 8739
8744 8740
8745 8741
8746 8742
8747 8743
8748 8744
8749 8745
8750 8746
8751 8747
8752 9040
8753 8748
8754 9130
8755 8749
8756 8894
8757 8750
8758 8751
8759 8752
8760 8753
8761 8754
8762 8755
8763 8756
8764 8757
8765 8758
8766 8759
8767 8760
8768 8761
8769 8762
8770 8763
8771 8764
8772 8765
8773 8766
8774 8768
8775 8769
8776 8771
8777 8779
8778 8772
8779 8773
8780 8774
8781 8775
8782 8776
8783 9122
8784 8777
8785 8936
8786 9120
8787 8778
8788 8780
8789 9177
8790 8781
8791 9203
8792 8782
8793 8830
8794 9131
8795 9158
8796 8783
8797 8826
8798 8784
8799 8785
8800 8825
8801 8786
8802 8787
8803 8788
8804 8789
8805 8790
8806 8791
8807 8792
8808 8793
8809 8794
8810 8795
8811 8796
8812 8797
8813 8811
8814 8798
8815 8815
8816 8799
8817 8946
8818 8800
8819 8801
8820 8802
8821 8803
8822 9270
8823 9277
8824 8804
8825 8805
8826 8806
8827 8807
8828 8808
8829 8810
8830 8809
8831 8812
8832 8813
8833 8814
8834 8816
8835 8817
8836 8818
8837 8819
8838 8820
8839 8821
8840 8823
8841 8925
8842 8822
8843 8824
8844 8933
8845 9140
8846 8827
8847 8828
8848 8829
8849 9157
8850 8831
8851 8832
8852 8833
8853 8834
8854 8835
8855 8836
8856 8837
8857 8838
8858 8839
8859 8840
8860 8841
8861 8842
8862 8843
8863 8976
8864 8844
8865 8845
8866 8846
8867 8847
8868 8848
8869 8849
8870 8850
8871 8851
8872 8852
8873 8853
8874 9136
8875 9147
8876 8854
8877 8855
8878 9037
8879 8856
8880 8858
8881 8857
8882 8859
8883 8860
8884 8861
8885 8863
8886 8869
8887 8862
8888 8864
8889 8865
8890 8866
8891 8867
8892 8868
8893 9043
8894 8870
8895 8871
8896 8872
8897 8873
8898 8874
8899 8875
8900 8876
8901 8877
8902 8878
8903 8879
8904 8880
8905 8881
8906 8882
8907 8883
8908 8884
8909 8885
8910 9127
8911 8886
8912 8887
8913 8888
8914 8889
8915 8890
8916 8891
8917 8892
8918 9178
8919 8893
8920 9036
8921 8895
8922 8897
8923 8898
8924 8899
8925 9029
8926 8900
8927 8901
8928 8902
8929 8903
8930 8904
8931 8905
8932 8906
8933 8907
8934 8908
8935 8909
8936 8910
8937 8911
8938 8912
8939 8913
8940 8914
8941 8915
8942 8916
8943 8917
8944 8918
8945 8919
8946 8920
8947 9118
8948 8921
8949 8922
8950 8923
8951 9133
8952 9119
8953 9031
8954 8924
8955 9030
8956 8926
8957 9077
8958 8927
8959 8928
8960 8929
8961 8930
8962 9159
8963 8931
8964 8932
8965 8934
8966 8935
8967 8937
8968 8938
8969 8939
8970 9258
8971 8940
8972 8941
8973 8942
8974 8943
8975 8944
8976 8945
8977 8947
8978 8948
8979 8949
8980 8950
8981 8951
8982 8952
8983 8953
8984 8954
8985 8955
8986 8956
8987 8957
8988 8958
8989 8959
8990 8960
8991 8961
8992 8962
8993 8963
8994 8964
8995 8965
8996 8967
8997 8968
8998 8969
8999 8970
9000 8971
9001 8972
9002 8973
9003 8981
9004 8974
9005 8975
9006 9128
9007 8977
9008 8978
9009 8979
9010 8980
9011 8982
9012 8983
9013 8984
9014 8985
9015 8986
9016 8987
9017 8988
9018 8989
9019 8990
9020 8991
9021 8992
9022 8993
9023 8994
9024 8995
9025 8996
9026 8997
9027 8998
9028 8999
9029 9039
9030 9000
9031 9001
9032 9002
9033 9003
9034 9004
9035 9005
9036 9006
9037 9007
9038 9008
9039 9009
9040 9010
9041 9011
9042 9012
9043 9013
9044 9014
9045 9015
9046 9016
9047 9017
9048 9018
9049 9019
9050 9020
9051 9021
9052 9022
9053 9023
9054 9024
9055 9025
9056 9026
9057 9027
9058 9028
9059 9210
9060 9044
9061 9113
9062 9032
9063 9033
9064 9034
9065 9035
9066 9038
9067 9041
9068 9042
9069 9046
9070 9045
9071 9047
9072 9048
9073 9049
9074 9153
9075 9050
9076 9155
9077 9152
9078 9051
9079 9107
9080 9052
9081 9053
9082 9054
9083 9055
9084 9057
9085 9058
9086 9059
9087 9060
9088 9061
9089 9062
9090 9063
9091 9064
9092 9065
9093 9066
9094 9067
9095 9068
9096 9069
9097 9070
9098 9071
9099 9072
9100 9073
9101 9074
9102 9075
9103 9076
9104 9078
9105 9079
9106 9080
9107 9081
9108 9082
9109 9083
9110 9084
9111 9085
9112 9086
9113 9087
9114 9088
9115 9089
9116 9090
9117 9091
9118 9092
9119 9093
9120 9094
9121 9231
9122 9230
9123 9095
9124 9096
9125 9097
9126 9098
9127 9099
9128 9100
9129 9101
9130 9102
9131 9103
9132 9104
9133 9105
9134 9106
9135 9108
9136 9109
9137 9116
9138 9110
9139 9111
9140 9112
9141 9114
9142 9115
9143 9117
9144 9121
9145 9123
9146 9124
9147 9125
9148 9126
9149 9129
9150 9134
9151 9163
9152 9132
9153 9148
9154 9135
9155 9137
9156 9138
9157 9139
9158 9141
9159 9142
9160 9143
9161 9144
9162 9145
9163 9146
9164 9245
9165 9151
9166 9149
9167 9150
9168 9154
9169 9156
9170 9160
9171 9161
9172 9162
9173 9164
9174 9165
9175 9166
9176 9167
9177 9168
9178 9169
9179 9170
9180 9171
9181 9172
9182 9173
9183 9174
9184 9179
9185 9180
9186 9182
9187 9181
9188 9183
9189 9187
9190 9240
9191 9176
9192 9185
9193 9184
9194 9186
9195 9188
9196 9189
9197 9190
9198 9191
9199 9192
9200 9193
9201 9194
9202 9195
9203 9196
9204 9197
9205 9198
9206 9199
9207 9200
9208 9201
9209 9202
9210 9204
9211 9205
9212 9206
9213 9207
9214 9208
9215 9209
9216 9211
9217 9212
9218 9213
9219 9263
9220 9214
9221 9215
9222 9216
9223 9217
9224 9218
9225 9219
9226 9220
9227 9221
9228 9222
9229 9223
9230 9224
9231 9225
9232 9226
9233 9227
9234 9228
9235 9229
9236 9232
9237 9233
9238 9234
9239 9238
9240 9235
9241 9236
9242 9237
9243 9239
9244 9241
9245 9242
9246 9243
9247 9244
9248 9246
9249 9249
9250 9250
9251 9251
9252 9252
9253 9253
9254 9254
9255 9255
9256 9256
9257 9257
9258 9259
9259 9260
9260 9261
9261 9262
9262 9264
9263 9265
9264 9266
9265 9267
9266 9268
9267 9269
9268 9271
9269 9272
9270 9273
9271 9274
9272 9275
9273 9276
9274 9278
9275 9279
9276 9280
9277 9281
9278 9283
9279 9284
9280 9285
9281 9286
9282 9287
9283 9288
9284 9289
