1
6
38
90
91
107
113
120
122
135
138
139
165
170
175
180
215
292
332
377
380
391
431
497
558
577
604
638
641
647
676
863
913
938
1072
1073
1128
1163
1165
1214
1236
1245
1255
1284
1342
1463
1473
1501
1516
1556
1566
1577
1584
1594
1661
1716
1733
1792
1878
1885
1887
1916
1918
1920
1948
1949
2068
2115
2129
2175
2322
2329
2355
2356
2358
2396
2401
2416
2465
2480
2512
2525
2528
2538
2553
2574
2588
2657
2677
2764
2783
2785
2807
2826
2831
2841
2865
2883
2887
2919
2921
2924
3001
3002
3015
3020
3044
3073
3098
3108
3115
3116
3120
3186
3230
3239
3247
3254
3270
3326
